-4.129413559857536598e+01 -6.557314283707562197e+00 2.086920997675727474e+00
-4.034405626569475345e+01 -5.550455161503383472e+00 2.426226070949009550e+00
-4.125418109893799112e+01 -6.182239818572997869e+00 3.218752911314368137e-01
-4.187102624644403903e+01 -8.363855859507685508e+00 2.172977867333785174e+00
-4.045027351379394531e+01 -5.423025369644165039e+00 3.666657090187072754e+00
-4.079176538640802363e+01 -6.284751046787608431e+00 4.376503651792353011e+00
-3.987004555596245581e+01 -4.321625338660346038e+00 2.197713441318935867e+00
-4.206183297293527090e+01 -8.328674361819313532e+00 1.895427467922369547e-01
-4.142552798727284369e+01 -8.384694928708283257e+00 4.252712197925733406e+00
-4.034405626569475345e+01 -5.550455161503383472e+00 2.426226070949009550e+00
-4.045027351379394531e+01 -5.423025369644165039e+00 3.666657090187072754e+00
-3.987004555596245581e+01 -4.321625338660346038e+00 2.197713441318935867e+00
-4.129413559857536598e+01 -6.557314283707562197e+00 2.086920997675727474e+00
-4.033636617660522461e+01 -4.292278885841369629e+00 3.668456673622131348e+00
-4.079176538640802363e+01 -6.284751046787608431e+00 4.376503651792353011e+00
-4.125418109893799112e+01 -6.182239818572997869e+00 3.218752911314368137e-01
-3.946532199257298856e+01 -4.444249077847129747e+00 2.853296075604463966e-01
-4.068295923868814867e+01 -4.292278885841369629e+00 4.738698164621989228e+00
-4.125418109893799112e+01 -6.182239818572997869e+00 3.218752911314368137e-01
-4.099436807632446289e+01 -6.592539787292480469e+00 -1.018424026668071747e+00
-4.129413559857536598e+01 -6.557314283707562197e+00 2.086920997675727474e+00
-4.206183297293527090e+01 -8.328674361819313532e+00 1.895427467922369547e-01
-4.034405626569475345e+01 -5.550455161503383472e+00 2.426226070949009550e+00
-3.946532199257298856e+01 -4.444249077847129747e+00 2.853296075604463966e-01
-3.955264149541439878e+01 -6.255437975344450230e+00 -1.887111816717230717e+00
-3.918493032455444336e+01 -4.835646092891693115e+00 -1.081386804580688477e+00
-4.125051159328884864e+01 -8.453257984585231810e+00 -1.473489579227235557e+00
-4.187102624644403903e+01 -8.363855859507685508e+00 2.172977867333785174e+00
-4.129413559857536598e+01 -6.557314283707562197e+00 2.086920997675727474e+00
-4.220735454559326172e+01 -1.029573345184326172e+01 2.170099651813507169e+00
-4.206183297293527090e+01 -8.328674361819313532e+00 1.895427467922369547e-01
-4.142552798727284369e+01 -8.384694928708283257e+00 4.252712197925733406e+00
-4.228940081596374512e+01 -1.029573345184326172e+01 2.459219628944993019e-01
-4.177730121612548686e+01 -1.028976945877075266e+01 4.308651685714721680e+00
-4.125418109893799112e+01 -6.182239818572997869e+00 3.218752911314368137e-01
-4.034405626569475345e+01 -5.550455161503383472e+00 2.426226070949009550e+00
-4.045027351379394531e+01 -5.423025369644165039e+00 3.666657090187072754e+00
-4.033636617660522461e+01 -4.292278885841369629e+00 3.668456673622131348e+00
-4.079176538640802363e+01 -6.284751046787608431e+00 4.376503651792353011e+00
-4.034405626569475345e+01 -5.550455161503383472e+00 2.426226070949009550e+00
-4.068295923868814867e+01 -4.292278885841369629e+00 4.738698164621989228e+00
-3.987004555596245581e+01 -4.321625338660346038e+00 2.197713441318935867e+00
-4.129413559857536598e+01 -6.557314283707562197e+00 2.086920997675727474e+00
-4.077064132690429688e+01 -6.169230661894145484e+00 6.205710762425472815e+00
-4.082538890838623047e+01 -4.281293481588363647e+00 6.262039661407470703e+00
-4.079176538640802363e+01 -6.284751046787608431e+00 4.376503651792353011e+00
-4.045027351379394531e+01 -5.423025369644165039e+00 3.666657090187072754e+00
-4.077064132690429688e+01 -6.169230661894145484e+00 6.205710762425472815e+00
-4.068295923868814867e+01 -4.292278885841369629e+00 4.738698164621989228e+00
-4.034405626569475345e+01 -5.550455161503383472e+00 2.426226070949009550e+00
-4.033636617660522461e+01 -4.292278885841369629e+00 3.668456673622131348e+00
-4.142552798727284369e+01 -8.384694928708283257e+00 4.252712197925733406e+00
-4.129413559857536598e+01 -6.557314283707562197e+00 2.086920997675727474e+00
-4.082538890838623047e+01 -4.281293481588363647e+00 6.262039661407470703e+00
-3.987004555596245581e+01 -4.321625338660346038e+00 2.197713441318935867e+00
-4.034405626569475345e+01 -5.550455161503383472e+00 2.426226070949009550e+00
-4.033636617660522461e+01 -4.292278885841369629e+00 3.668456673622131348e+00
-4.045027351379394531e+01 -5.423025369644165039e+00 3.666657090187072754e+00
-3.946532199257298856e+01 -4.444249077847129747e+00 2.853296075604463966e-01
-3.970148269653320483e+01 -2.358559975624084259e+00 2.149467773437499840e+00
-3.882142562866211222e+01 -2.534123313426971613e+00 7.227832615375519021e-01
-4.129413559857536598e+01 -6.557314283707562197e+00 2.086920997675727474e+00
-4.068295923868814867e+01 -4.292278885841369629e+00 4.738698164621989228e+00
-4.206183297293527090e+01 -8.328674361819313532e+00 1.895427467922369547e-01
-4.125051159328884864e+01 -8.453257984585231810e+00 -1.473489579227235557e+00
-4.228940081596374512e+01 -1.029573345184326172e+01 2.459219628944993019e-01
-4.187102624644403903e+01 -8.363855859507685508e+00 2.172977867333785174e+00
-4.125418109893799112e+01 -6.182239818572997869e+00 3.218752911314368137e-01
-4.099436807632446289e+01 -6.592539787292480469e+00 -1.018424026668071747e+00
-4.131882786750793457e+01 -1.026893228292465210e+01 -1.451406061649322510e+00
-4.129413559857536598e+01 -6.557314283707562197e+00 2.086920997675727474e+00
-4.220735454559326172e+01 -1.029573345184326172e+01 2.170099651813507169e+00
-4.142552798727284369e+01 -8.384694928708283257e+00 4.252712197925733406e+00
-4.177730121612548686e+01 -1.028976945877075266e+01 4.308651685714721680e+00
-4.119343185424804688e+01 -8.347973221226743235e+00 6.250849598332455237e+00
-4.187102624644403903e+01 -8.363855859507685508e+00 2.172977867333785174e+00
-4.079176538640802363e+01 -6.284751046787608431e+00 4.376503651792353011e+00
-4.156824159622192383e+01 -1.029573345184326172e+01 6.244655638933181763e+00
-4.129413559857536598e+01 -6.557314283707562197e+00 2.086920997675727474e+00
-4.220735454559326172e+01 -1.029573345184326172e+01 2.170099651813507169e+00
-4.077064132690429688e+01 -6.169230661894145484e+00 6.205710762425472815e+00
