4.460077600000000309e-01 8.200803428571429299e-02 1.514844285714286171e-02
4.565852200000000138e-01 7.209453999999999863e-02 9.716519999999999324e-03
3.426101500000000022e-01 3.807897500000000102e-02 -9.905121249999999239e-03
3.222392107142857398e-01 1.594041428571428831e-01 -1.947455357142856627e-02
3.636794000000000415e-01 3.458526666666666277e-02 -3.073383333333333522e-02
3.215586080000000235e-01 1.722350400000000059e-01 -4.140114799999999873e-02
3.691872333333333644e-01 1.784360952380952270e-01 -1.271252142857142754e-02
3.338978317073170721e-01 1.596404634146340873e-01 -1.264515853658536478e-02
3.765183750000000162e-01 6.080717999999999540e-02 4.305790750000000611e-02
3.689799658536585536e-01 1.728509024390244009e-01 -5.232114634146340856e-03
3.219265166666667177e-01 1.614264166666666833e-01 -2.652114166666666786e-02
3.894885617142857526e-01 4.730078000000000754e-02 4.905753142857143673e-02
3.259461688888889430e-01 6.775833555555554888e-02 2.230752000000000082e-02
3.615076457142857302e-01 8.887983714285714598e-02 4.326353428571427101e-02
3.474168500000000548e-01 3.427613499999999924e-02 -1.173833850000000067e-02
3.688430148148148513e-01 1.782520740740740350e-01 -6.422297407407408579e-03
3.885042360000000028e-01 1.723105428571428677e-01 -2.050025714285714021e-02
3.753987181818181917e-01 3.513732727272727424e-02 5.041196363636363947e-02
3.874500000000000166e-01 1.647775833333333106e-01 -1.439902083333333312e-02
3.619748068181818379e-01 3.991110454545453851e-02 4.386880909090907360e-02
3.748667047619047565e-01 1.667512857142857130e-01 -1.765626190476190377e-02
3.658749875000000262e-01 1.720001249999999759e-01 -1.414787125000000183e-03
3.457065307692308020e-01 3.839499230769230498e-02 4.695303846153845578e-02
3.500847888888889425e-01 1.529167777777777626e-01 1.101479999999999820e-02
3.644861000000000351e-01 1.767259999999999942e-01 -7.963629999999999320e-03
3.352019000000000526e-01 3.716505000000000503e-02 2.488189999999999846e-02
3.455544615384615881e-01 3.350158461538461224e-02 1.449169999999999799e-02
3.314378782608695673e-01 4.171231739130435573e-02 4.396690434782610387e-04
3.429541799999999974e-01 3.882996000000000364e-02 4.680106000000000543e-02
3.863641600000000120e-01 1.621221999999999941e-01 -1.336914000000000158e-02
3.276303333333333567e-01 1.635096666666666920e-01 -1.438949999999999951e-02
3.702486384615384929e-01 1.725808461538461680e-01 -1.697837692307692381e-02
3.694056916666667023e-01 3.761349166666667215e-02 -1.749279999999999932e-02
3.624623913043478751e-01 1.720791304347826234e-01 -1.166104260869564938e-02
3.681101281249999913e-01 1.589485312499999969e-01 8.063817499999998252e-04
3.314510000000000511e-01 1.481910999999999923e-01 -3.263122999999999718e-02
3.504515900000000350e-01 1.434390499999999846e-01 9.100284500000001622e-03
3.361303199999999824e-01 3.513017999999999696e-02 2.279890000000000042e-02
4.409460166666666625e-01 8.888042777777777070e-02 3.060688888888888140e-02
3.323214200000000340e-01 1.535577999999999943e-01 -4.807189000000000600e-02
3.358604166666666613e-01 3.840740000000000126e-02 4.093858333333332683e-02
3.282663749999999991e-01 1.473518124999999845e-01 -2.635491250000000438e-02
3.619627312500000027e-01 1.270485624999999896e-01 1.703757500000000272e-02
4.457198628571428789e-01 8.901346571428569998e-02 8.171520285714285389e-03
3.271622333333333854e-01 1.489620000000000111e-01 4.011093333333332761e-02
3.825830558823529737e-01 1.606360882352941000e-01 -1.212247382352940953e-02
3.700597200000000364e-01 1.676167999999999825e-01 -1.686108000000000051e-02
4.170829058823529722e-01 1.080823529411764766e-01 4.073448823529411678e-02
3.472431310344827882e-01 4.575815862068965956e-02 4.265443103448276346e-02
3.314454636363636242e-01 4.070675909090908789e-02 9.606486363636366696e-03
3.722206428571429027e-01 1.735678571428571348e-01 -8.699187142857143368e-03
3.340056250000000282e-01 1.460683571428571526e-01 -1.963910357142857263e-02
3.399811156249999966e-01 4.050063749999999879e-02 -7.899193750000000139e-03
3.748221171428571807e-01 1.726807714285714390e-01 -1.938696571428571991e-02
3.965019542857143309e-01 8.151958857142856119e-02 5.755880000000000024e-02
3.401985289473684615e-01 1.239845789473684318e-01 -8.233655789473685524e-03
4.033463969031250151e-01 1.315769375000000185e-01 1.498452500000000201e-02
3.375429718750000418e-01 1.659555312500000102e-01 -4.777779062500001062e-02
3.282284307692308056e-01 1.744037692307692233e-01 -5.303396153846152983e-02
3.724724000000000368e-01 1.552383750000000118e-01 -4.379322500000000333e-03
3.337114487179487221e-01 1.523726923076922646e-01 -4.059145384615384100e-02
3.680303558139534914e-01 1.589630697674418447e-01 -1.241223534883720628e-02
3.590619000000000449e-01 1.533495454545454328e-01 5.592132727272728678e-03
3.337903700000000029e-01 3.421814999999999579e-02 -5.568410666666666516e-03
3.822762700000000291e-01 9.066080000000001360e-02 -3.660039999999999127e-02
3.613817714285714744e-01 3.382162857142856360e-02 -1.984372857142856564e-02
3.219491600000000120e-01 1.703178000000000192e-01 -3.588551999999999714e-02
3.213785333333333827e-01 1.686468888888888740e-01 -3.941863333333332775e-02
3.344661709677419492e-01 1.508586451612903279e-01 -3.460201935483871172e-02
3.965041483142857093e-01 7.463994000000001572e-02 5.838429428571428187e-02
4.488884000000000207e-01 4.312350000000000211e-02 1.122330000000000029e-02
3.335749428571428976e-01 1.594866428571428685e-01 -5.455610892857139932e-02
3.262562153846154112e-01 1.659022692307692559e-01 -4.153557307692307826e-02
4.225915466666667064e-01 5.445198666666666715e-02 -2.512650666666666963e-02
3.683359206896552052e-01 3.386973103448275013e-02 -2.725348965517240818e-02
3.615008085714285779e-01 8.185086857142857830e-02 4.316366285714284129e-02
3.217634277777777774e-01 1.747577777777777619e-01 -4.670542777777778043e-02
3.412391272727273162e-01 3.459114545454545359e-02 -1.028041454545454599e-02
4.573932384615385094e-01 5.445137307692307638e-02 2.152077307692307900e-02
3.633388250000000319e-01 3.761729999999999241e-02 -1.197504750000000055e-02
3.219521875000000422e-01 1.650183750000000227e-01 -2.725328333333333283e-02
3.540220406250000340e-01 3.404927187500000202e-02 -1.273787656250000358e-02
3.225739687499999953e-01 1.572365625000000100e-01 -1.439328749999999914e-02
3.841901533333333396e-01 1.739982666666666511e-01 -2.483054000000000164e-02
3.683544558823529380e-01 1.538808235294117088e-01 -5.303444117647058802e-03
3.332831209302325459e-01 1.585396046511628187e-01 -4.863904883720931299e-02
3.894998325714286169e-01 8.152216857142857709e-02 5.765669428571430083e-02
3.668986560000000452e-01 1.729804000000000064e-01 -1.470097600000000101e-02
3.545023314285714600e-01 8.185356857142857268e-02 4.330915714285715756e-02
3.779564166666666836e-01 1.847316666666666551e-01 -1.810879999999999782e-02
3.264876852941176466e-01 1.595503823529411669e-01 -3.402057941176471478e-02
3.405039171428571598e-01 8.901177142857141789e-02 4.501599714285713094e-02
3.475031257142857100e-01 8.901016571428571611e-02 4.501782857142856697e-02
3.458937263157895181e-01 3.371426842105262889e-02 2.220120526315789641e-02
3.264256173913043790e-01 1.728542608695652072e-01 -4.860066521739130063e-02
3.271902909090909084e-01 7.627474545454544785e-02 -1.163361363636363638e-02
3.545125085714285751e-01 9.593672285714288650e-02 4.315845428571428444e-02
3.239119305555555606e-01 1.514696944444444693e-01 -1.280976972222222163e-02
3.268702613636363941e-01 1.518504999999999439e-01 -3.397810000000000413e-02
4.562122333333333835e-01 6.197730000000000600e-02 2.611236666666666428e-02
3.340438076923077371e-01 1.021545384615384633e-01 4.097664230769231669e-02
3.649909000000000070e-01 1.682569999999999899e-01 -1.643340000000000078e-03
4.588158111111111381e-01 6.833279111111109638e-02 8.000257333333335094e-03
3.611009952380952459e-01 1.523123095238095026e-01 -6.440410476190476519e-03
3.319458555555555579e-01 1.047905555555555535e-01 3.898827777777777448e-02
3.351586882352941554e-01 1.661750000000000449e-01 -5.961827058823529479e-02
3.697647000000000017e-01 1.607871250000000030e-01 -4.649092500000000239e-03
3.823207933333333530e-01 1.727183555555555361e-01 -2.006175333333333130e-02
3.474261111111111022e-01 3.500057777777777768e-02 4.364581111111111300e-02
3.288921411764705871e-01 3.875871764705882128e-02 1.491111235294117566e-03
3.807207181818181851e-01 1.720639545454545616e-01 -1.513393636363636295e-02
3.758652000000000104e-01 1.657192608695652325e-01 -1.283415043478260652e-02
3.617380864864865320e-01 1.515693243243242949e-01 1.752212837837838991e-03
3.294945000000000235e-01 3.433080000000000159e-02 -2.785979999999999967e-03
3.605987571428571625e-01 1.569661428571428596e-01 5.320270000000000207e-03
3.748249571428571847e-01 1.647386666666666444e-01 -7.573492380952380996e-03
4.518981250000000394e-01 5.436704444444442896e-02 2.822087500000000290e-02
3.380496189189189371e-01 1.660660270270269967e-01 -5.467882162162162468e-02
3.542072680000000195e-01 3.363974800000000404e-02 -5.529001199999998735e-03
3.399824896551724152e-01 4.028427931034483239e-02 2.153780689655171790e-02
3.318991000000000025e-01 1.664809090909090683e-01 -4.906094545454545153e-02
3.542681185185185266e-01 3.456614074074074172e-02 3.617199629629629098e-02
3.670085500000000445e-01 3.529414999999999636e-02 -3.094337500000000213e-02
3.611810862068965955e-01 3.412908965517241072e-02 -2.728158620689654854e-02
3.894364266666666685e-01 3.506060476190475672e-02 -2.506243333333332476e-02
3.280829043478261098e-01 1.520209347826086688e-01 -4.085630217391304775e-02
3.684334034482759090e-01 4.051359655172413754e-02 -2.982687931034483722e-02
3.078935105263158056e-01 1.237872105263157635e-01 4.181971578947368817e-02
3.291832357142857601e-01 1.537209999999999965e-01 -4.621482142857143149e-02
3.485291771428571383e-01 5.380307142857142233e-02 1.471534571428571164e-02
3.293851437500000534e-01 1.594074374999999710e-01 -4.605671250000000633e-02
3.213286206896551755e-01 1.669382758620689688e-01 -3.366398275862068912e-02
3.313334363636363800e-01 1.774175454545454389e-01 -4.956756363636363738e-02
3.325312911764706225e-01 1.719088529411764432e-01 -4.099497352941176148e-02
3.243863000000000163e-01 1.764880000000000060e-01 -4.418760000000000049e-02
4.523438925925926113e-01 7.254887407407407951e-02 8.348308518518520252e-03
3.821685852941176798e-01 1.660904411764706212e-01 -1.882739411764705953e-02
3.340708464285714330e-01 3.483812499999999063e-02 1.434368571428571403e-02
3.401013366666666982e-01 3.380868999999999541e-02 1.535996333333333567e-02
3.349503411764706007e-01 3.484897647058823184e-02 2.943447647058823960e-02
3.345136840000000333e-01 3.534726800000000113e-02 3.608297199999999788e-02
3.285290625000000242e-01 3.498704375000000200e-02 7.728248124999999996e-03
3.331112967741935438e-01 3.391543870967742014e-02 8.364002903225805502e-03
3.399934718750000084e-01 3.426869062500000063e-02 2.191348125000000188e-02
3.617218720000000554e-01 3.519181600000000076e-02 4.242191599999999702e-02
3.283879222222222394e-01 3.502767222222222254e-02 1.370634833333333243e-03
3.284762705882353084e-01 3.835083529411764669e-02 7.811277647058823340e-03
3.343368400000000240e-01 3.908060000000000700e-02 1.426010333333332936e-02
3.389037842105263043e-01 4.076598947368420545e-02 1.666753684210526068e-02
3.750929710526316185e-01 1.599095263157894742e-01 -1.279880736842105293e-02
3.566372818181818283e-01 3.467103636363635943e-02 -2.552011818181818339e-02
3.549483846153846378e-01 3.429413846153846201e-02 -1.959033461538461571e-02
3.567952250000000491e-01 3.776016249999999963e-02 -2.518169999999999784e-02
4.102340769230769513e-01 3.502333846153846131e-02 -2.029731538461538448e-02
3.405378200000000466e-01 4.571273000000000003e-02 2.902932500000000166e-02
3.821394142857142961e-01 3.477386666666666681e-02 -2.616461428571428827e-02
3.401464000000000154e-01 3.362570333333333994e-02 -6.326594666666667671e-03
3.671907800000000499e-01 3.716583999999999860e-02 -3.050673999999999747e-02
3.478017142857143251e-01 3.957761714285714522e-02 -1.099831914285714397e-02
4.456740833333333596e-01 6.378580000000000361e-02 -1.917404999999999847e-03
3.463605000000000156e-01 3.617329999999999851e-02 4.665529999999999677e-02
3.977293323684210624e-01 8.269273684210527720e-02 -3.679038421052632790e-02
3.353144000000000124e-01 1.624039999999999928e-01 -5.859340000000000381e-02
3.943885593750000029e-01 8.258307499999999191e-02 -3.765850625000000812e-02
3.721954000000000096e-01 3.647890000000000160e-02 5.363040000000000168e-02
3.474489730769231288e-01 3.344835000000000169e-02 -6.039442692307691110e-03
3.601031187500000064e-01 3.372676875000000379e-02 1.812522000000000438e-03
3.331747250000000604e-01 3.353801785714285305e-02 1.120017857142857187e-03
3.283395000000000064e-01 1.481866000000000017e-01 -3.226272000000000167e-02
4.034340708290322652e-01 3.895226451612903568e-02 2.873867096774193261e-02
3.613880758620690026e-01 3.449502758620690002e-02 3.621632758620689507e-02
3.402125464285714607e-01 3.441582142857143450e-02 3.609774999999999789e-02
3.844859999999999944e-01 3.952239999999999920e-02 3.977170000000000011e-02
3.358527749999999923e-01 3.533374999999999710e-02 4.082220000000000293e-02
