1.276968901371197802e+02 6.277645943230037062e+01 4.970797448538753116e+01
9.963878614276600842e+01 5.305485849338479909e+01 9.453806480934138889e+00
7.322695584066512708e+01 2.948384667351135136e+01 5.416884163710891897e+01
1.028721832585833624e+02 6.205152474616872382e+01 4.639618412437349804e+01
1.872065531755467021e+02 -2.305887948425943534e+01 -5.496664873590908940e+01
7.290763348761522877e+01 1.492662246727247144e+01 5.455489748216632506e+01
1.344078236074224719e+02 6.674568340310742087e+01 3.420106532366742869e+01
1.777937927039137662e+02 -1.971863855663968934e+01 -5.669772271505352990e+01
1.846725442246166722e+02 -7.913200514654377571e+00 -2.721680611367954583e+01
1.009434933455334544e+02 6.244597918494790179e+01 5.075392132404756040e+01
1.383210447362318973e+02 -1.476028184452329839e+01 2.151675903205866902e+01
1.159552108958104952e+02 7.328452701612648923e+01 2.660119730462444565e+01
1.230172189270501235e+02 1.028661147756183567e+02 -3.459775626724291619e+00
1.724273830227307371e+02 1.046710844560834630e+01 -3.286526869904264458e+01
9.971203194666675529e+01 1.213670678814613169e+01 4.710943395284705559e+01
1.177755980870513497e+02 2.523538792136823616e+01 4.689421165167378547e+01
1.519795725663697681e+02 -8.714493107022052598e+00 4.515357619944033729e+00
1.549330345365846711e+02 2.147088431708211331e+01 5.490220814427900820e+01
1.354015869044881697e+02 2.570369195341064739e+01 5.585407946650363442e+01
1.037427569839646821e+02 4.884892502914197365e+01 7.428212393471532060e+00
9.747258267910430618e+01 9.280773884735641133e+00 5.113806310295505853e+01
1.651495792416261565e+02 6.005187483049286357e+01 5.205242984316213040e+01
1.067269537500420000e+02 4.194088162175574297e+01 1.327371485079163094e+01
7.410194353317628213e+01 2.383783457342335765e+01 5.997749485282500359e+01
1.733936666923994778e+02 5.838456804099729425e+01 3.378623602918338520e+01
1.783738510883254946e+02 3.213487180860304449e+01 3.379302268177608681e+01
9.442382924287657886e+01 2.826212283216695198e+01 5.604305657814673225e+01
1.336393166318092085e+02 4.821013849260817352e+01 1.660567701844371413e+01
6.912789788379295430e+01 3.091927014169642973e+01 5.152039387932295966e+01
1.742405969101678807e+02 -1.183323062639739076e+00 -4.160151941129220887e+01
1.642374098491432619e+02 6.855425598728881198e+01 1.048487636793577238e+01
7.750090103275350373e+01 2.877502071005932649e+01 5.763439127591813360e+01
1.087102851000887824e+02 4.379454045591467093e+01 2.307143257588096930e+01
1.361279122121389946e+02 8.184154066934053162e+01 -1.314985902965354292e+01
1.768035786515095253e+02 -2.025507269601917315e+01 -5.975366253189893939e+01
1.509564448104912344e+02 -3.282822762892745061e+01 -1.580533254396349285e+00
1.758764351448677417e+02 8.222329519175181289e+00 4.642027757474181726e+00
7.793369323288656858e+01 1.088158670877637668e+01 5.241124461188215378e+01
1.756853243883874427e+02 2.839965873629502724e+01 3.268039395077691012e+01
1.988618671471779464e+02 -1.602043385678350873e+01 1.422399150827121161e+01
1.681430048676724311e+02 1.144505249945726888e+01 3.369024568677996712e+01
1.396288615204258292e+02 1.188724428921928755e+01 9.527081004841949863e+00
1.622161249475863940e+02 -6.557774303058694443e+01 -1.186838227681375457e+01
1.836222348081354880e+02 -3.544408470367210384e+01 -3.964431789395688099e+01
6.810381740426802821e+01 2.121486242715931070e+01 4.983203686967871704e+01
7.028045442813626664e+01 2.658221744981114654e+01 5.558990289113094008e+01
1.496249604627800807e+02 -5.642716568965210655e+01 2.387491709377087545e-01
1.348263394179800514e+02 3.055378072528960587e+01 5.797396081658227729e+01
1.720886608870461032e+02 -9.949592814487022707e+00 -4.229579861470047319e+01
1.368069023737809573e+02 7.966349653674821241e+01 -1.454252553924691149e+01
1.436063582539767651e+02 6.658706885324288294e+01 -7.957353301882086782e+00
1.573422054772763374e+02 -6.220910520028683521e+01 -1.771114927439554521e+01
1.559249844076393288e+02 -6.365763571855637792e+01 -1.684836637206036158e+01
9.335749817276833085e+01 2.642485191569952363e+01 5.352495961919896672e+01
1.027340759243081152e+02 5.153005266452400690e+01 7.210064683514447736e+00
1.022124772618219595e+02 5.317673137836939645e+01 8.211111842075201395e+00
1.163349943594770082e+02 7.378292226073256188e+01 2.922873296037119673e+01
1.318376118735295961e+02 6.334350215231841474e+01 1.871503084169534148e+01
1.138475035371881461e+02 2.297105422977289635e+01 5.785545702623946340e+01
1.611858891207916145e+02 4.771325294047429111e+01 6.164901943420325381e+00
6.764748627766226718e+01 2.258486466841082319e+01 5.086832077009860598e+01
1.377212238053247404e+02 1.843653555256021903e+01 5.450733210854176036e+01
1.547998232823086084e+02 -2.938697458557777153e+01 1.797119938026131436e+01
1.461449960394186576e+02 -5.248578528440641833e+01 -1.355998868560145176e+00
1.684691354255711531e+02 -6.410066198470539689e+01 -9.773239770369361423e+00
1.626461446557496799e+02 3.894151303927522889e+01 7.011608464240461913e+00
1.519800664253490083e+02 -5.684624550368655349e+01 -1.304461833948237626e+01
1.319702182905351151e+02 1.014917370629318327e+02 -7.475471068044972967e+00
1.522762852093507320e+02 -4.937618310505634867e+01 1.220503033909392165e+01
9.834815543106697078e+01 5.235014936961020737e+01 8.890400529262091567e+00
1.640203853388657933e+02 -5.061703621010444465e+01 -7.978023623884225479e+00
1.220768794257139547e+02 4.129191326080417923e+01 3.634649453218512605e+01
1.246105894746919063e+02 7.032359251629868879e+01 3.502979896310968400e+01
1.697862948626790285e+02 7.407436519419304588e+00 -3.858390986263003697e+01
1.662908844804629211e+02 6.116620533174415897e+01 5.110910674225079831e+00
1.057745066492437900e+02 4.820582742293890277e+01 8.555550455180544134e+00
1.363005691335939957e+02 5.821296799815936396e+01 1.935758823643776338e+01
1.659737801859622834e+02 -7.196217893423515477e-01 -1.553165649137930160e+01
1.499905906065931447e+02 1.433596390734964032e+01 4.813207423738628421e+01
1.140267724995001686e+02 5.591357648610759412e+01 1.505878440021256992e+01
1.063303763833060884e+02 6.045494978414352971e+01 5.345658704403141570e+01
1.693253996066315779e+02 -4.027591222055352915e+00 2.130884452030140608e+01
1.727266182821811640e+02 4.802994745763020035e+01 1.773347772357898933e+01
1.769835992194798564e+02 4.610990446999422687e+01 2.581755768918200999e+01
6.999972518731058813e+01 3.172049356796345876e+01 5.018963127290304982e+01
1.400113509472486157e+02 1.142317846819802796e+01 1.190108691414670261e+01
1.376882909407572697e+02 6.923755997629156411e+01 3.774363564479253341e+01
1.618923969492302604e+02 -6.701557967773482005e+01 -7.911869407315127667e+00
1.302702620131966285e+02 5.943613656815802671e+01 2.052024126768976231e+01
1.769907314623234242e+02 1.054366836666668306e+01 1.058618209854910575e+01
1.480791034657842715e+02 1.138303916244358582e+01 4.337088768513831383e+01
1.098561797666347246e+02 5.734034841138210936e+01 2.928496937024500824e+01
1.175559514676324113e+02 5.176043624255149922e+01 1.326894280353428002e+01
1.697471099851607903e+02 2.379239507049094593e-01 2.014124243934056224e+01
1.759180474368190232e+02 -3.260170989860131385e+01 -4.910978062169241554e+01
8.666620198090025440e+01 2.413418381749880837e+01 6.419224565438361196e+01
1.073291758457340279e+02 8.117929520592253922e+00 5.719316347254470401e+01
1.694891284624643220e+02 8.732995681621373407e+00 -3.735213670860348145e+01
1.544644610361807793e+02 -2.930075310085092610e+01 1.544782175697891091e+01
1.689812762246394016e+02 2.334317565279746987e+01 -2.045517066810258910e+01
1.777364810473975751e+02 2.980349627147993985e+01 3.074099466082547139e+01
7.625129354204720755e+01 3.400539076118293025e+01 5.931477934795924511e+01
1.367544338156660331e+02 9.722307981866165960e+01 -1.718836643792750607e+01
1.564997321504538377e+02 1.144421697726294340e+01 -2.318950251760821502e+01
1.624505312041841023e+02 8.047504566728403574e+01 -6.529049267827762293e+00
1.506489295323713122e+02 -7.451332091972084015e+01 -4.624423160458990267e+00
1.093897398633007896e+02 6.307626198897732195e+01 4.069076530176013051e+01
7.867953374702862845e+01 3.131043323541018708e+01 5.828553287405638628e+01
1.794140197109682333e+02 -1.892696719265973826e+01 -6.499436146630193889e+01
1.697408086951814710e+02 1.884191381561563361e+01 4.265400703704235497e+01
1.115098659589970964e+02 5.606526651798123595e+01 1.672413749829292584e+01
7.590828479242782123e+01 3.602623985316756716e+01 6.030875951646638100e+01
6.875464824946894282e+01 2.966602291498118404e+01 5.313056310237207924e+01
1.770258265992889903e+02 1.613159540064853914e+01 -5.081220389846404117e+00
7.412559845858982044e+01 2.188717107863813283e+01 5.843705851438295440e+01
1.695351220853829091e+02 -9.412624307256320932e-01 1.893913691476335259e+01
1.764876165862378059e+02 -3.143511292026058257e+01 -5.068942436957098607e+01
1.538084764806102100e+02 6.978221635491530606e+01 -1.360718733527721014e+01
1.192011233502864513e+02 7.519638491101001421e+01 2.804029516184068882e+01
1.746013313168402590e+02 7.726409763286589794e+00 7.808870082293152493e+00
1.762079976283809231e+02 1.244869611270832088e+01 9.490940962297980121e+00
1.604516999560266015e+02 6.073026422978305305e+01 5.480872842083529406e+01
1.771963235378436252e+02 2.340462346820218897e+01 2.004477500203562812e+01
1.082708794772594274e+02 4.457411583946617384e+01 1.172394141958930902e+01
1.477154323840284462e+02 -2.370156149576492233e+00 2.656229693633073818e+00
7.073593119502997695e+01 2.161171386501051472e+01 4.934437871532983877e+01
1.682225094485391708e+02 9.593991564563211227e+00 3.228279112791804550e+01
6.938336002012918868e+01 2.227212315384629449e+01 5.289870688494471551e+01
7.378408681162281368e+01 1.605190900123524500e+01 5.149086160563340542e+01
7.054552882994775587e+01 2.377900264108627937e+01 5.088871324394769147e+01
1.439187993896574653e+02 -1.846174140028181654e+01 3.977643301271776011e+00
1.791295113516196693e+02 -1.981722429748466396e+01 -6.075813394872216122e+01
1.864157828003624502e+02 -7.124377141278715797e+00 1.029261928600057985e+01
9.828786372580401576e+01 4.984606856549398657e+01 1.206130969795084340e+01
7.096213459624388520e+01 3.037570952895439547e+01 5.202026985900986489e+01
1.276689560511934900e+02 7.750197228809075511e+01 2.873649693802992289e+01
1.559588481310546513e+02 2.852179967463259302e+01 6.011677077376955936e+01
1.753867576439035361e+02 3.003424946448844679e+01 2.025588449990637230e+01
1.645534238036802890e+02 3.799976007290381830e+01 1.148460635699600552e+01
1.789046290046005652e+02 -8.950020600553767025e+00 1.150078866659595178e+01
1.547835709122587389e+02 -7.002544657440985532e+00 4.359825608856565893e+00
9.705981592251734469e+01 4.987277858151646370e+01 1.209087120194057263e+01
1.011812644869753512e+02 5.019873456531294664e+01 8.404055351887471659e+00
1.750120701823944387e+02 1.384324020894641549e+01 4.264788009032782767e+00
1.642095111171030624e+02 5.840324396150059982e+01 5.455638533023568471e+01
9.177777040734210345e+01 1.433436179480713335e+01 4.722820540489911423e+01
7.054577484161632128e+01 3.167454303448984376e+01 5.083276665288057217e+01
7.367330099266675347e+01 1.472713676380758940e+01 4.792764809371296764e+01
1.277383941618358563e+02 1.012729898296265958e+02 3.005285972471327227e+00
1.618914198048055368e+02 1.942548489942334644e+00 2.905796104864896989e+01
1.326873665475955022e+02 6.660605064727711522e+01 3.112008290519190723e+01
1.738166889981985150e+02 3.214678957767456779e+01 1.695860783243942294e+01
7.113407131163978647e+01 2.849485629542301268e+01 5.184665499115026677e+01
9.915863711163493122e+01 1.225467738172828724e+01 4.522004485281379260e+01
1.347504696817833860e+02 -6.829119477316294251e+01 -1.629832104182616348e+01
1.740884607043710730e+02 8.313846992469265729e+00 6.828986895818683678e+00
9.773926861933162513e+01 4.757541700055737266e+01 1.382019385089231633e+01
1.515991147036631332e+02 -1.552144579040527539e+01 3.942289426981240297e+00
9.866008927692352870e+01 1.350619816706301535e+01 4.568879516682557096e+01
1.110018355690233989e+02 4.349401062752109937e+01 2.886367577633726711e+01
1.427655795074784635e+02 7.698927888842821687e+01 2.656846526089939431e+00
1.909913586014054090e+02 -1.924221731673042157e+01 -3.996445690361690595e+01
1.743846316214577712e+02 4.193764313096312435e+01 4.931995492929550551e+01
9.575098944112998822e+01 2.579955776784904131e+01 5.332495468503717717e+01
1.471829582248606698e+02 -5.111681833186833046e+01 -6.517764459314922654e+00
1.767980722188914910e+02 3.104573264752374495e+00 -3.814800894062584291e+01
1.436019508587297082e+02 3.759610879915001647e+00 2.134091541187838104e+01
7.711453858404935602e+01 2.749740818503829942e+01 5.335810373357325176e+01
1.247968653526008893e+02 1.003573204987261818e+02 -3.395293414378479646e+00
1.540621170042763595e+02 6.671015229640434541e+01 2.886495105843031439e+01
1.762928390476724303e+02 1.179706829218176711e+00 -3.657936871366895559e+01
1.035981737750652201e+02 4.896666213929892564e+01 8.450253878676182495e+00
1.610043841140495715e+02 5.816719851151786003e+01 5.662904079092200504e+01
1.988470717665471170e+02 -1.916475636856354114e+01 1.438546685103595379e+01
1.665642216963921953e+02 -8.748573064668905275e-01 2.277209721947088994e+01
1.805390284975869406e+02 3.647313211761427709e+01 3.327232612287473046e+01
1.688760613301125204e+02 1.249628459759340871e+01 3.093685331070976119e+01
1.498990054891599755e+02 2.754333057888012348e+01 6.062136556542391475e+01
1.519873938402324995e+02 -6.506106549223386537e+01 -1.612306983662833204e+01
1.748866754405900963e+02 3.080423683252850608e+01 1.784797554205600889e+01
1.826178733404029515e+02 -2.233331194820210186e+01 -6.093843050416695917e+01
9.223219555981268059e+01 2.307706139676923840e+01 5.221405459688488548e+01
7.806531699017084236e+01 1.092246827655677954e+01 5.114977707601898516e+01
9.405019322656642089e+01 2.760607569458302990e+01 5.981682964399828961e+01
1.480124008850660005e+02 -5.937110592403185194e+01 -6.874355238204942431e+00
1.561796263487249803e+02 -4.909470467565802210e+01 -1.179237180794122963e+01
1.001104144936255693e+02 5.299509674065564013e+01 1.121268438329575901e+01
1.535229782044424383e+02 2.857486932974424576e+01 6.040611601432584621e+01
1.039261072535893504e+02 6.139229523767783547e+01 5.477403623406772226e+01
1.329215284090961973e+02 -7.359302432522382276e+01 -8.763153029686275630e+00
1.807092076691389195e+02 -3.403920704905787176e+01 -4.615417271427138957e+01
1.648856176870620232e+02 6.118095545902089327e+01 1.958761014497251551e+01
1.720811795989863811e+02 2.060224121717683232e+01 3.687267016693741084e+01
1.685148003119454643e+02 4.182738064572816228e+01 9.792771083976163027e+00
1.421349055258268095e+02 6.341628321271237212e+01 5.461975676913530720e+01
1.197781046247730075e+02 7.934548565122778996e+01 2.842227973401698193e+01
7.154160776752713957e+01 1.978964108379049236e+01 5.494970719052980712e+01
1.429456603639590639e+02 4.605237558379980811e+01 3.971559157738083101e+00
1.755738337458975877e+02 1.044403026846415727e+01 6.442770916367212664e+00
1.809253663597471871e+02 1.089774440071398587e+01 -1.636572481747718300e+01
9.258560154844118983e+01 2.392437967184836012e+01 5.022206354982240128e+01
1.757064673534715382e+02 1.292924012520038524e+01 7.630145651421697650e+00
1.784866763490018116e+02 2.141441440687823494e+00 -3.506663133659680653e+01
1.524973872907480654e+02 2.499682407470148604e+01 5.928151228171179810e+01
1.068062740563861723e+02 5.470783524519888630e+01 1.142355655748424681e+01
1.583854419725165030e+02 2.691869202354358226e+00 -1.144566034696663515e+00
1.043433339234732102e+02 5.412797414930697215e+01 8.501448158146338585e+00
1.828133573688187425e+02 -2.610659337474168851e+01 -5.535954128692921472e+01
1.487532678746619013e+02 -5.620317561581194354e+01 -5.071690964769318022e+00
9.715229499699047722e+01 5.217825244584124533e+01 1.132828997334411625e+01
1.300085931816407765e+02 9.480140885623316649e+01 -1.139988629359721273e+01
1.755188728439832744e+02 2.929377287810159913e+01 3.311858594281201107e+01
1.738622297233101790e+02 5.737465829767791803e+01 3.560851866197717897e+01
1.854373576383762838e+02 -8.954441107082022455e+00 1.196994040659558323e+01
1.270821097442494079e+02 9.902530206695192305e+01 -2.035281534021912719e+01
1.370146916588778936e+02 2.871802637217232856e+01 5.662195185512523210e+01
1.118870043687517750e+02 4.595982238048308943e+01 3.405404238723942711e+01
1.466461718112267079e+02 -7.257635424446550587e+01 -1.541758700980732755e+00
1.335162827358631148e+02 2.664232129580926767e+01 1.409804669996040971e+01
1.377257077330943957e+02 1.636155856303565415e+01 5.159321604432919628e+01
7.545262358514386847e+01 1.844872586375071677e+01 5.061541057806107347e+01
1.519115505069255221e+02 1.145162637519017679e+01 4.284711569423473065e+01
8.873006801767297702e+01 2.508083257155069390e+01 6.267168999596395906e+01
1.057036185410129292e+02 1.950039012751061662e+01 4.540823902897805908e+01
1.185883782049117912e+02 2.129300278761557763e+01 4.194893922025144661e+01
1.349259811402500020e+02 5.025259512614128710e+01 1.546777873011905768e+01
1.547541944149457720e+02 -3.094132382927741887e+01 1.342648036003423684e+01
1.841258212013264028e+02 -2.453396910609331627e+01 -5.756716790008816531e+01
1.751829702686566748e+02 -3.136225456042805249e+01 -4.773143179378628531e+01
1.893840524001959125e+02 -1.532819749922613717e+01 8.417863109137222466e+00
7.251266557339427266e+01 1.885536146930714807e+01 5.131387936366281366e+01
9.746429547112887803e+01 9.670840188872080745e+00 4.764510501834934075e+01
7.312919321944039552e+01 2.279889605618590664e+01 5.242170844648592265e+01
1.774922943031969567e+02 -2.468503855940539538e+01 -3.779455652841082269e+01
1.554261356715230136e+02 2.418966499388367275e+00 3.021081352891432914e+01
1.480477879290015437e+02 -5.297440555130860673e+01 -5.845522677614973794e+00
1.644365543440247563e+02 6.522480766002279040e+01 4.276071464235153741e+01
1.557131805634341220e+02 -1.437798925542914041e+01 3.546492035652443420e+00
7.309523677426965094e+01 2.580902258912085045e+01 5.362207312726884822e+01
1.467636188701007143e+02 -5.335547949500242026e+01 4.542994086321030522e-01
1.644654833149067201e+02 6.168669484246633061e+01 1.780315771610306186e+01
7.057970951975940466e+01 2.592329867813730715e+01 5.503385242572379354e+01
7.276293940399044402e+01 2.252091475035167178e+01 5.796830573170110767e+01
1.609894286623875814e+02 6.097001435295994476e-01 3.223469752554812828e+00
7.161635264509537535e+01 2.641081415744992711e+01 5.741342513741687981e+01
1.614611058990184915e+02 -6.839443260271056602e+01 -9.304466170375864209e+00
1.268451713391590800e+02 7.159988512469072930e+01 2.559808700244965252e+01
1.546918489197004476e+02 4.990827476662865969e+00 3.257981094577623082e+01
1.821369740740215661e+02 -3.614334854817604992e+01 -4.550642740520111573e+01
1.523028952785176386e+02 -5.056836486657400087e+01 -1.097042196290422922e+01
1.237211589756110186e+02 8.305484267863133141e+01 3.038619447870403434e+01
1.064733996568952534e+02 5.305211776662580547e+01 7.128439047676648599e+00
1.670963187735022188e+02 -5.727049064886386276e+01 -8.708481716153848140e+00
1.213249798636119294e+02 8.851673233394201645e+01 2.694160334295475678e+01
1.501688417720758935e+02 1.322727868457654132e+01 4.625124812643054639e+01
9.943223584885515720e+01 6.207230720170014138e+01 5.414060217487089943e+01
1.025855770760957455e+02 6.433666213095277442e+01 5.413981658198419211e+01
1.299428695221432122e+02 1.012650038987069934e+02 -3.324568010933165674e+00
1.049497977895454994e+02 2.013323275352243513e+01 4.874521644596826775e+01
9.782976242256762589e+01 5.311899292729642497e+01 1.026900169375247174e+01
1.667454271549384544e+02 1.022099000266890023e+01 3.289687048246354095e+01
1.898234823080906040e+02 -8.873482416804671757e+00 1.021849782923401406e+01
1.553862352351381162e+02 6.789288930384805099e+01 3.359782843503946026e+01
1.629705118299315245e+02 -4.735043736639286749e+01 -9.610397865128900818e+00
2.002986862878930765e+02 -1.797111225823618952e+01 1.021901773602559160e+01
9.920152737817400634e+01 5.189071715244964622e+01 1.261740157882890045e+01
1.562943928734812005e+02 -4.634682051051532170e+01 -1.247260381269460794e+01
1.712511138934008272e+02 -3.238014831062317000e+01 -5.413544195297453854e+01
1.735397325389224932e+02 1.992045290251786671e+00 3.685134870584526823e+00
1.478349828463561835e+02 -5.514726798834277588e+01 -1.472991037507150658e+00
1.444295109523853569e+02 -3.135981799598718567e+01 2.099480304955643817e+01
1.434199089986749414e+02 6.493952531022499386e+01 5.234631107461189004e+01
1.758527573984534058e+02 2.829624795642586577e+01 2.388481726988651488e+01
1.935884198187912375e+02 -3.223527442549774946e+01 -4.241209801158338166e+01
1.313444459642671234e+02 4.587853362203806284e+01 5.603774234618906291e+01
1.708777233719806645e+02 -1.177616375776091040e+01 -3.966502033665614135e+01
7.876226882651677386e+01 2.690248042520308047e+01 6.340223784604009438e+01
1.759042139059305896e+02 5.401956735273610377e+01 3.500359509985858608e+01
7.659456516734940124e+01 2.834107319917628232e+01 5.553570993184377613e+01
1.406700938271780217e+02 7.061180263101557841e+01 -1.213994913869709080e+01
7.496440978717409109e+01 1.761831817209758810e+01 4.917058320212682077e+01
1.381348338815501222e+02 1.618415201076291154e+01 5.205878849710645540e+01
1.245628213564257010e+02 9.812389247367816836e+01 -1.808183916347901388e+01
1.661796352597714872e+02 1.276324487529097063e+01 3.547711579600179732e+01
1.099473734244814125e+02 4.225919433812471482e+01 1.470732681541196740e+01
1.456070189341380399e+02 -5.182619179066359294e+01 2.978808899909724417e+00
1.200424672941739317e+02 6.772314822125802891e+01 2.409388933114279752e+01
7.854787911265941602e+01 3.540291853317169313e+01 5.897333047543835960e+01
7.332192640946387030e+01 2.280056960056145243e+01 5.699728472427429438e+01
7.573496490967465888e+01 2.586330029519386997e+01 5.394708983995891316e+01
1.860708025735686419e+02 -3.476536701753277470e+01 -4.353940267514808937e+01
1.403045737590132092e+02 -4.342653090908369506e+01 1.074222401133280158e+01
1.094835015077179037e+02 4.706650164667860281e+01 2.714375401483156480e+01
1.759076942446463647e+02 3.052303937229366326e+01 3.985391687280436912e+01
1.501514651814080707e+02 -5.875389312824900401e+01 -4.972001653385042630e+00
1.234759062039211983e+02 7.210887493221480327e+01 3.402739605899638065e+01
1.559869554365788247e+02 -4.828638828906233726e+01 1.087196191515316457e+01
7.753242074884161639e+01 1.425890633615747838e+01 4.931318487470218059e+01
1.622982422390858233e+02 6.739551832871207182e+01 9.036206841608549922e+00
1.660546018847018672e+02 1.471156692715733882e+01 3.682107493935335185e+01
1.322906675071292284e+02 5.880299460594998351e+01 2.155854403002970088e+01
1.226322077610741417e+02 1.230703563330045824e+01 5.825408156339595678e+01
1.282139015776530755e+02 9.629212427659896889e+01 -1.322582922620288137e+01
1.880346613376707126e+02 -8.430657965779008833e+00 1.125954726213454649e+01
7.432946309635164539e+01 1.314278665016170855e+01 5.418389716655736521e+01
1.649362965470281210e+02 1.195605834617129659e+01 4.066794981593186975e+01
1.240360851546344492e+02 2.632690982943130464e+01 5.698553346792417784e+01
1.600583879885927274e+02 7.944218873680581794e+01 -3.791705042051900953e+00
1.790402769803623642e+02 3.856800168127372075e+01 3.541800111859401312e+01
1.342110861425636585e+02 6.980059549828786203e+01 3.853075222147798939e+01
1.528136537794769652e+02 6.745649021975552273e+01 -1.204410189116260455e+01
1.520980515011791283e+02 -5.470461904304011114e+01 -1.070119151928853540e+01
1.975959883635409824e+02 -2.065730246039696638e+01 1.212115686350320232e+01
1.622558383060667779e+02 1.479754727292960403e+01 4.617296174121504748e+01
1.635742659316370009e+02 6.447483910362640813e+01 1.745894621846942840e+01
1.870163130742024293e+02 -2.892236785063773752e+01 -5.094832007455475065e+01
1.590049955227119938e+02 8.050841155728112319e-01 6.589219870642484267e-01
1.680597560566015147e+02 5.913599679296824263e+01 3.903946299875751258e+00
1.639673905389342394e+02 1.397969299572815771e+01 4.026833802258416029e+01
1.646661985324704460e+02 1.416221789224424654e+01 4.325207071030344963e+01
1.047319546790737377e+02 4.539658129788472962e+01 2.180285549489407160e+01
1.106010701908871567e+02 4.477261642394917374e+01 3.014985913580851218e+01
1.514905040848497322e+02 2.890562823050537489e+01 6.101763881098159459e+01
1.023515230725496394e+02 5.990872796758449681e+01 5.359913439235514687e+01
1.488560927322875784e+02 6.378780484220767732e+01 5.457330070684128032e+01
1.881341091394724572e+02 -2.728528178021979045e+01 -5.308805214794157479e+01
1.285689397243613428e+02 9.804598618996740811e+01 -1.852280861918870158e+01
1.522618191293844063e+02 6.780422972071444576e+01 3.292975157518467455e+01
1.404338415327969756e+02 6.791373808903068721e+01 2.907633740199857897e+01
1.265800376672515597e+02 6.969849157339957912e+01 3.308612437989206967e+01
1.911135894006364708e+02 -2.148152136116836175e+01 -3.881098140120015216e+01
1.803430380656637055e+02 6.889099796915290952e+00 -1.636844212909213425e+01
1.522910817575007059e+02 2.845921264750752400e+01 5.830367852485145619e+01
1.829917177212595334e+02 -2.849853264005132303e+01 -4.035528761308366086e+01
1.599209204907149342e+02 -6.603302241980168219e+01 -1.182959498122815845e+01
1.583497286183025494e+02 -5.487434855304879022e+01 -1.204034241620380996e+01
1.476508968527280388e+02 6.212159598789861548e+01 5.674620747983655633e+01
1.081697738672268940e+02 4.858667675717287437e+01 7.516842472782231610e+00
1.167686252848784250e+02 7.744423043880688340e+01 2.708661291129934767e+01
1.519666995339563584e+02 4.827417702490252260e+00 3.032255160588103138e+01
1.900033425034322647e+02 -3.357828074069582414e+01 -4.450876361922937718e+01
1.310910723766673414e+02 1.028532234543775132e+02 -3.432555944663027603e+00
1.448228372466335827e+02 6.294723463846631262e+01 5.584963097655062825e+01
1.282279836515011766e+02 2.381061734911634886e+01 5.909018499322538531e+01
1.350898969106091272e+02 1.229350421252840064e+01 5.166254875544765923e+01
1.133468405907008218e+02 5.723163271098244564e+01 4.265448047899843687e+01
1.558132266870364901e+02 -4.626883635188565336e+01 -1.097904683846878271e+01
1.868786380677889554e+02 -5.563008876384095913e+00 -2.862706286967627634e+01
9.931273543737239606e+01 4.821069573472797742e+01 1.563447127616779042e+01
1.300776368551530311e+02 9.906654119462739061e+01 -1.612405444048584435e+00
1.038071695268181145e+02 6.184533001452705037e+01 4.937991866102933614e+01
1.722060623322030040e+02 3.894070366474593925e+01 1.172366855438702515e+01
1.338551460772114865e+02 9.750944572557291679e+01 -1.813467809881523252e+01
1.382529541293453406e+02 7.708422685727873613e+01 -1.600934003068206124e+01
1.104069688988347337e+02 5.012840534706581508e+01 9.123724210019140912e+00
1.499954990804147883e+02 7.076507018218650913e+00 -5.664466849850497532e+00
1.981500147288240328e+02 -1.717320409846941232e+01 1.512152049753375138e+01
1.611446691247863612e+02 -8.008187621092122122e-02 3.996594233195791546e+00
1.547932095229669187e+02 2.563584961747464419e+01 6.995533209837225819e-01
7.923677412636681083e+01 2.627469087330510433e+01 5.466955043145638626e+01
1.611408153759400079e+02 -4.614234404723880090e+01 -9.017665133068517136e+00
1.766423031910436521e+02 2.348296315500036613e+01 1.791403052906630222e+01
1.070462233189574874e+02 1.830045041205498180e+01 6.804891841287600585e+01
1.707524191282709296e+02 -2.431947625670124680e+01 -5.753348077573995312e+01
1.112209899913065669e+02 6.440191001458812536e+01 4.323735171123720988e+01
7.706008911405758965e+01 2.929828312236761079e+01 5.976420062481825823e+01
7.904661358952461114e+01 3.392557972867528093e+01 5.917318328925222204e+01
1.360301631019641491e+02 1.711880548606096752e+01 5.562013716617374826e+01
7.796887643514781985e+01 3.685434612081975558e+01 5.954169779083689207e+01
1.315367328710419486e+02 9.297424912071328151e+01 -1.172963781260272675e+01
1.165004486840890365e+02 6.639663911326432810e+01 2.481037793569350214e+01
1.378431805271134181e+02 3.135484314021964991e+01 5.948854065838209237e+01
1.206866015182128535e+02 9.972770922689583983e+01 -9.670877175896796629e+00
1.645271937779689324e+02 2.995775531207593545e+01 2.497935093728839817e+00
1.422393937378044768e+02 7.896303083696818703e+01 1.608711042227593424e+00
1.678221058519249880e+02 9.770134697972425286e+00 3.018912371035792575e+01
1.029550818720139347e+02 2.017318132895281835e+01 4.967967905101993153e+01
1.631822887522903613e+02 4.275492947709469149e+01 7.144827132552984850e+00
1.668019394516869340e+02 -6.549203371809781515e+01 -1.194637561624766064e+01
1.442524440375759411e+02 7.432211516062269041e+00 2.638980722000290768e+01
1.431489857679584645e+02 1.232557384702335668e+01 4.199617674805089251e+01
1.744035622591570416e+02 4.000928481375444434e+00 4.554467395919926886e+00
1.782743963353771619e+02 3.238593718403554078e+01 3.227270192748608224e+01
1.075838069567824675e+02 4.877787651281545322e+01 2.575596786646203995e+01
1.168159570338497133e+02 7.987392074744204251e+01 2.770196766804696864e+01
1.793446230321009978e+02 -1.825577612445909281e+01 -6.570407309556627240e+01
1.739771170652925889e+02 2.894875318442488421e+01 4.582914106287503131e+01
1.079772164663386889e+02 4.944122421665704792e+01 2.665631901640445633e+01
1.409065344788136827e+02 1.516809923262507098e+01 4.523545246917341700e+01
9.001463966383619209e+01 1.401199511812848186e+01 4.823437407423452328e+01
1.211832559841925132e+02 8.775648650803033490e+01 2.868977507851962372e+01
1.405612932536982385e+02 1.295707267671025598e+01 4.690868263522158088e+01
8.081924691443785491e+01 1.396882556685733690e+01 5.106325382282071246e+01
1.783423963712849627e+02 3.382896906705435924e+01 2.691384095203095228e+01
1.658761313275495297e+02 6.324644304953474716e+01 6.897296993214110827e+00
1.155998220593172334e+02 4.131028163649929041e+01 1.947160599687731164e+01
1.162889423334397492e+02 7.564230147807082005e+01 2.751624061411089173e+01
1.831698644939089604e+02 5.027285378118482306e-01 -2.885333571994794610e+01
1.735336648125157240e+02 -1.171641130419504861e+01 -4.281156474360868458e+01
1.509440046336978583e+02 3.482757970325265795e+00 3.100789843965840120e+01
1.364171069995096559e+02 1.497018602763133188e+01 5.387511205768242917e+01
1.364165995695904599e+02 5.043900891235558248e+01 1.489030704926121373e+01
1.618481631317025062e+02 6.650842097716842716e+01 4.204558650339862425e+01
1.366154631220200599e+02 8.448573278698721367e+01 -1.164655869728692927e+01
1.035224389961393996e+02 6.131773703535218090e+01 4.299188584728950246e+01
1.025153391587157188e+02 1.795802203043092149e+01 4.797081003733261184e+01
1.192319325324933175e+02 7.247312761744650800e+01 2.753746100051321832e+01
1.670691714727857118e+02 3.571093127464222761e+01 9.214674754131369383e+00
7.905817665226038571e+01 3.381269678347158703e+01 6.218776385672418883e+01
1.067182029761777926e+02 4.727190946806717164e+01 8.682150578885885039e+00
1.322544906265869997e+02 9.924065706775122919e+01 -1.426949027289819583e+01
1.586543475636213145e+02 2.743895351361303625e+01 1.347270474574683519e+00
1.997234424238073416e+02 -2.152820727817614710e+01 1.293216587893834557e+01
1.307615401880263732e+02 9.289472713504230228e+01 -1.891027587386373554e+01
1.314057968792711790e+02 4.235014419339164249e+01 5.304813719818806561e+01
1.649028335637571843e+02 6.412340767552132093e+01 1.526251651455404890e+01
1.629658031927268382e+02 6.337465718440536477e+01 1.671614353514432594e+01
1.061290128285502021e+02 5.401418121487831314e+01 7.772867439091061925e+00
1.611091563428674931e+02 6.380722543705473981e+01 2.032642989457791671e+01
1.474923708540720781e+02 -3.331085972362549796e+01 -4.050782762742519694e+00
1.666243456470445210e+02 6.391050080048120208e+01 4.369653801615959310e+01
1.039242846847381117e+02 6.565498081125188889e+01 5.161454660333403410e+01
1.427246412955481105e+02 -3.577021238724543650e+01 1.672734611543739192e+01
1.871016971104589288e+02 -2.611980216807695854e+01 -5.512373858394723669e+01
1.655891392505396311e+02 -2.618375678141246610e+00 -2.245528070370114904e+01
1.823747255267781782e+02 -4.710602827810632220e+00 1.020984321862807320e+01
1.088225518800059746e+02 4.847459496612785301e+01 2.526786503311722498e+01
1.543587303052947277e+02 7.672475310370872137e+01 2.176618849997392857e+00
1.237172451177465575e+02 3.121166641706245315e+01 3.099158036569448171e+01
1.597863186485915890e+02 -6.819159915360205559e+01 -6.643379972314249038e+00
1.261527891167971802e+02 7.397025138649161136e+01 2.466742947136178898e+01
1.046263408902776462e+02 4.402654663087641040e+01 1.244413874771461437e+01
1.628143124328264548e+02 -6.661387383528659711e+01 -1.076992829970899912e+01
1.586314956288446467e+02 6.211952420370040784e+01 5.441444291223501040e+01
1.082516854238442505e+02 4.963362770966063664e+01 8.659412065522543500e+00
8.194092288427479787e+01 1.251554009446821070e+01 5.107145006041331925e+01
1.831253926586277601e+02 -3.363363454601874025e+01 -4.115523343499749842e+01
1.128116621226693894e+02 5.652088988436441497e+01 4.058378778961681377e+01
1.022212710133580487e+02 4.751401188729626313e+01 1.920009426303803579e+01
1.618642221413304867e+02 1.273064415456350851e+01 3.780684495905251907e+01
1.075720944176071754e+02 5.976144240744406488e+01 4.159567395539274060e+01
8.210458380970803205e+01 2.905560547648533998e+01 5.679112843602122496e+01
1.906705274327481732e+02 -1.544904831937725476e+01 1.294650894904833294e+01
1.713874317980912849e+02 -9.087864214954919362e+00 -4.321660706228988147e+01
1.264479618937859300e+02 9.923331851158579298e+01 -1.679969728200286028e+01
1.259583940181385486e+02 9.738985591956479482e+01 -1.517416424078590076e+01
1.357924836320186444e+02 -7.105063033116098836e+01 -6.587443892166804815e+00
1.262535980249647167e+02 9.982738782426972080e+01 -1.502973630516567027e+01
8.159032697112010624e+01 3.129408374217070588e+01 5.871639405261507250e+01
8.398008051469693669e+01 3.013534368771129124e+01 6.015412675605838899e+01
1.120844374327660660e+02 5.395902271314158583e+01 4.447028309329950702e+01
1.068774732646504617e+02 4.347497253068921452e+01 1.480713360307412785e+01
1.250763839416355836e+02 9.927847486970634350e+01 -1.206360148023957279e+01
7.938848336409516548e+01 2.898907566252927381e+01 6.372124966884365449e+01
1.242090737785583912e+02 9.849427615121598478e+01 -1.050382013209709164e+01
1.361212610583581579e+02 5.372396743771776073e+01 1.549997692539823291e+01
1.766207332197635367e+02 1.445145982543387930e+01 1.936606294451376442e+00
1.588721898681500875e+02 -6.402327679724785980e+01 -3.131695737818780856e+00
1.643677862787707795e+02 6.475089669189702590e+01 4.498610700201650303e+01
1.461135528631203044e+02 6.448124193876775223e+01 5.355018955222932675e+01
1.634004898410252338e+02 5.835867923858062412e-02 -1.652460520539663946e+01
1.563518243067474884e+02 7.234517849136236123e+01 3.928331018785772955e+00
1.269429964686489996e+02 9.575517927482884772e+01 -1.622411078612895352e+01
1.423826247907313416e+02 8.524976445763370236e+01 2.471146713722028210e+00
1.208774681743209669e+02 1.013350793586604084e+02 -1.071392728084973101e+00
1.567011904179377098e+02 -6.025811437799375625e+01 -1.718902458405477063e+01
1.083034105004540493e+02 5.525804734028103837e+01 1.024864406774283054e+01
1.765425079869226010e+02 3.267547449821121575e+01 4.193298814728632351e+01
1.024340176211680102e+02 5.948931685741452213e+01 5.448119854315623911e+01
1.478873328891803283e+02 1.271962572107173095e+01 4.476614648753065495e+01
1.890674673119279987e+02 -3.173055267367763577e+01 -3.520337694195453793e+01
1.596740887463522824e+02 7.249638141191361740e+01 2.579894411488682593e+00
1.559518229950910779e+02 -5.527864181867731475e+01 -1.390676061462836444e+01
1.803056093734037972e+02 -1.853353411436156861e+01 -5.367166843894860051e+01
9.706300955274707576e+01 7.253902773660403369e+00 5.147431036901681978e+01
1.389928797169945938e+02 6.882059706287969902e+01 2.944954325933515449e+01
1.184790664184486246e+02 6.859609351216978723e+01 2.745059196842954918e+01
1.830289703338273171e+02 -3.010508497487048984e+01 -4.993976361978252498e+01
1.304603956067192883e+02 1.854162358356589735e+01 1.868263678157565266e+01
1.496685019948032505e+02 -6.312836188019554839e+01 -2.777202799318709836e+00
1.554031138389166529e+02 -5.315316176816207872e+01 -1.208779273036324931e+01
1.290234952821078309e+02 1.002410700249445625e+02 2.644870528649668984e+00
1.301110846170866182e+02 9.991309564745924376e+01 2.851321194928503999e+00
1.490557481003463351e+02 -5.972084587424203761e+01 -2.350347983443449085e+00
1.179378349034241751e+02 8.579958712900912587e+01 2.919143931173157114e+01
1.532024808860024621e+02 -6.531555217020852844e+00 2.438846633860054069e+00
1.982472779390241726e+02 -1.938272260353470600e+01 1.039746573878633384e+01
1.502846276779417281e+02 -5.823643766128606813e+01 -2.010545088456093588e+00
1.781563919613854239e+02 -2.102982564252376463e+01 -5.915604294415884112e+01
1.349227898008259388e+02 -6.948450845265183773e+01 -7.787687362788918044e+00
1.775590603383458586e+02 -2.350109032524879282e+01 -4.243523487852002063e+01
1.063278382154823021e+02 4.273421529257761620e+01 1.654556860107657812e+01
1.097841219384681608e+02 5.122548222578863886e+01 7.544430463453545066e+00
1.737120952796896631e+02 3.019805752498628237e+01 1.562472822007311635e+01
8.546867560143618903e+01 1.308675567051394317e+01 5.067089315996521037e+01
1.077278977929611301e+02 6.307099651731361689e+01 4.120756689841339693e+01
1.578289856385690371e+02 5.698756857167742851e+01 -5.232429700211008949e+00
1.162804817313559482e+02 7.186637212539270081e+01 2.774433269147890257e+01
1.314606615365673292e+02 1.007475107960891023e+02 -1.582172132244822116e+00
1.539415043033019685e+02 -3.215636428642920208e+00 3.045452083879149896e+00
1.284731685035679334e+02 9.428142802010395940e+01 -2.043866319427624845e+01
1.503560916988206486e+02 3.115391482832296788e+01 6.120556869580299519e+01
1.412572364004297185e+02 -4.380788359660619591e+01 6.757875589146155271e+00
1.291202333966001561e+02 9.903784196668969741e+01 -1.462544832957886598e+01
1.779356897108598332e+02 3.613246810617568627e+01 4.759467235734343404e+01
1.289624835344238249e+02 1.000223351168306181e+02 -1.293346873661801055e+01
8.169826213602934217e+01 2.665312887304983391e+01 6.456288042039810193e+01
1.273526493520787852e+02 9.805069191663022821e+01 -1.183066015372302360e+01
1.729971319264856504e+02 3.352582975361145401e+01 4.957134508029344744e+01
1.027341086962869099e+02 1.671485230711354930e+01 4.741739015017935799e+01
1.571493520799673433e+02 -4.547628772974418609e+01 -1.060436361226594570e+01
1.686639567240359554e+02 7.662868804020172675e+00 -3.905023465056538612e+01
1.789197370592025322e+02 3.665507465963061406e+01 3.226930454241146862e+01
8.077961908178511408e+01 2.888040949244847511e+01 6.426056189262787655e+01
1.789239913700633622e+02 3.846551161356853044e+01 3.070127943530519588e+01
1.402227105134738565e+02 2.343295229034964322e+01 5.935123535240992787e+00
1.273198465032212710e+02 1.015737395521731230e+02 -8.630308866132729406e+00
1.262374232118643107e+02 1.019980994679105066e+02 -8.706652824893795994e+00
1.238292378750158633e+02 1.014944755085815302e+02 -1.482386337094643736e+00
1.231763115900053975e+02 1.031350771918787217e+02 -1.188513676327707103e+00
1.759980139101463124e+02 -2.313321853115854054e+01 -4.335039515339208549e+01
1.324205498400469025e+02 9.493146596845522822e+01 -1.892310109154658448e+01
1.259731574518101809e+02 1.013250596459989907e+02 -4.986209291352937001e+00
1.725887927576512197e+02 -1.321212751383916562e+01 -4.057897536927512050e+01
1.138016054500789096e+02 2.490002370737741089e+01 5.768570572300840382e+01
1.048363260629315761e+02 4.436859787131636068e+01 2.092778335734238482e+01
1.406905084646400041e+02 -6.727423247373410220e+01 -6.217961655199066406e+00
1.303617659220598171e+02 9.265330047984872408e+01 -1.664094429468040204e+01
1.546517125180896528e+02 2.325414482801673444e+01 5.741321403397309098e+01
1.621361304767806359e+02 -4.720063413012455555e+01 -8.273967243341807887e+00
1.810645216607246653e+02 -1.735045043353843042e+01 -6.273450009999746158e+01
1.421526532972150108e+02 7.460752323831330557e+01 -7.638348169155530165e+00
1.786264762387644680e+02 3.629810418841463360e+01 2.859081178333205742e+01
1.894396689898526915e+02 -1.587981099432359500e+01 1.061023874505100650e+01
1.376707564679925611e+02 9.965704314133195396e+01 -1.155008408747896098e+01
1.999942022743050529e+02 -1.654098693867491576e+01 1.121411236184529514e+01
1.679644552433016997e+02 -5.501023317909941035e+00 -3.997974378394971495e+01
1.730797662654152873e+02 3.955569854557759157e+01 1.372716431405674697e+01
1.796430104110085040e+02 3.908983645936741880e+01 3.350611076677411404e+01
1.061232366855102924e+02 4.755305931137696973e+01 2.463363689051807981e+01
1.754254812349423673e+02 2.859247282328490769e+01 4.181847481114206744e+01
1.078453581283480673e+02 5.086422914093299141e+01 2.226991022085669414e+01
1.392447379460741388e+02 6.232162892175625757e+01 1.601965124394584450e+01
1.535962908508460032e+02 3.691387962139867795e+01 6.405928671441928657e+01
1.101027277476447637e+02 5.724600646573834695e+01 2.019723243047708650e+01
1.611940005677670626e+02 6.481782706443826214e+01 1.571230601960401074e+01
1.493241603073819590e+02 -6.478200254575294537e+01 -1.745329405369042064e+01
1.613035607323414524e+02 -2.319680249861285404e+00 3.757739495714526257e+00
1.166434162737798204e+02 4.305878445039685687e+01 1.207231742546965592e+01
8.856237776691017416e+01 2.652265120597646941e+01 5.650448129854368062e+01
8.795791873947851514e+01 2.791950572508816109e+01 5.770219497310556278e+01
8.404056933721712142e+01 2.577778419281971978e+01 6.450709317313955182e+01
8.611825227439538821e+01 2.842423885026079944e+01 6.133483371187774935e+01
1.450873071313213245e+02 -3.453635930779000329e+00 6.630802330778841736e+00
1.287550364274154617e+02 9.846911799017595968e+01 -6.374950028133271829e+00
1.276074735588454843e+02 1.000294918267478295e+02 -5.233820785498341621e+00
1.292412922547346454e+02 1.021608397496909930e+02 -5.879493662491138473e+00
1.269080062300405274e+02 1.012304744172827071e+02 -9.858411223581242666e-01
1.801609157477140570e+02 9.848437575723000492e+00 -8.986538226147157360e+00
1.327980970236341989e+02 -6.826064382991660295e+01 -1.674611921397358572e+01
1.052513112800442912e+02 6.384508906189267918e+01 4.316758380159806308e+01
9.363064853916169739e+01 1.342139417051323136e+01 4.673083687314909440e+01
1.446774392155406872e+02 8.713926134816489366e+00 2.918993639212534674e+01
8.512618508047718535e+01 2.403754469199719779e+01 6.452594385828234635e+01
1.921006135147779901e+02 -1.621259471283660503e+01 9.428020147285369745e+00
1.793073965469579889e+02 3.360718694000328632e-01 -3.739057605703068532e+01
1.255363128203601377e+02 3.581636837883439739e+01 5.069651976145083694e+01
1.594131896614991035e+02 4.152118959531568976e+01 6.088883338268717083e+00
1.062463783934620096e+02 5.357609091627728048e+01 2.796327057293052576e+01
1.049401486658312592e+02 5.796738726094518768e+01 5.233448998309289379e+01
1.062727982029732914e+02 6.067195814540315268e+01 4.058296273514802266e+01
1.393270628610120241e+02 1.391013472346175739e+01 4.403866260325832371e+01
1.737958450273604001e+02 -3.097415717979285787e+01 -5.197010920198770378e+01
1.292546939981396861e+02 1.006528747849589536e+02 4.182092754730692974e-01
1.653278949476412549e+02 -6.706231801670952564e+01 -1.017127267764996290e+01
1.305776857129796156e+02 1.042155231033281666e+02 1.880180685957935305e+00
1.562806677800179500e+02 -6.742241087011611000e+01 -1.119789741350592394e+01
1.645803442637078717e+02 5.941193679543575712e+01 2.533787807845379270e+00
1.603657038740560949e+02 -5.686332747762912021e+01 -1.566137376136306791e+01
1.891418094139086747e+02 -1.812205718111793473e+01 1.070183193377696718e+01
1.081658369328197153e+02 4.939195187693031386e+01 2.407745219204282705e+01
1.474784006018692821e+02 -3.601032229497822357e+01 1.652002196198511186e+01
1.434738761657359021e+02 5.349143030240153962e+01 8.766681826978388159e+00
1.595473650059846875e+02 -5.639978089419318508e+01 2.340283788016911615e+00
1.208228906990402152e+02 6.879477046082359948e+01 2.705390669591214703e+01
1.343435455427955105e+02 -7.079007347775075232e+01 -7.061387584859395439e+00
1.337413036607552215e+02 9.094973937130431807e+01 -1.768997292460402448e+01
1.296820414319061001e+02 3.631250972748291161e+01 2.140615496857983402e+01
9.760268689339005732e+01 2.760773133238417998e+01 5.958860398188068075e+01
1.500482779456293656e+02 -5.795511794660948368e+01 -4.349200089596102714e+00
1.253190849496652106e+02 1.014880337870651346e+02 2.855461839292721571e+00
1.357931585863791213e+02 6.103723955220284836e+01 1.691112252736802191e+01
1.260961081912990380e+02 1.026015147886697321e+02 2.404750587589905564e+00
1.628680550657757919e+02 -3.733413743161127840e+00 2.538771780934040123e+01
1.885386726987869679e+02 -3.128047332742489317e+01 -4.772500753807783269e+01
1.663126993585227638e+02 6.428088338908510480e+01 4.142693071007833794e+01
1.152703684634771548e+02 4.332175009906050178e+01 1.088744916431528509e+01
1.092700169446474945e+02 4.491467987254375061e+01 2.494784673406763176e+01
1.910138733196388330e+02 -3.025060259011894459e+01 -4.827019148534822790e+01
1.187386912412547275e+02 8.174022153795849022e+01 3.175077613417242617e+01
1.091576689446432766e+02 4.626964554104714722e+01 2.434510683346142201e+01
1.156077909662213585e+02 2.025703496556270622e+01 6.037766561527607223e+01
1.656953551997030161e+02 -2.234607436809617198e+01 -5.811752467120129495e+01
1.697657339848803701e+02 -1.019963068375983184e+01 -3.980833847480292320e+01
1.762784935508774140e+02 1.169149853248874660e+00 -4.051697693504851117e+01
1.810172017277392911e+02 1.118673577397582264e+01 -1.200760443513651055e+01
1.146566937706351865e+02 6.239886934064587365e+01 1.934042738241241111e+01
1.324424811940896802e+02 9.130011745792322131e+01 -1.306006153840290196e+01
1.504979479444292281e+02 6.086527251299114738e+01 5.732757244989822709e+01
1.330642785741701175e+02 9.154177038316740322e+01 -1.109831223997346861e+01
1.258429570317539969e+02 5.686131846733925954e+01 4.838042273690068384e+01
1.080224078733055819e+02 5.198388744505293602e+01 3.053238187935855308e+01
9.716860620596960985e+01 6.571893620723162854e+00 5.914721115248065075e+01
1.526288059626976121e+02 6.775021346428509617e+01 3.234003059960989646e+01
1.615928258416457481e+02 5.545252936695006696e+01 -4.180066344152812974e+00
1.323647425056834095e+02 1.023958134628399108e+02 -5.312097528418692427e+00
1.911273838408678785e+02 -3.191808559214924301e+01 -4.665126235844171276e+01
1.350368761167225671e+02 2.063049161104362028e+01 1.290448786449509200e+01
1.121027335622289769e+02 2.406791075447280548e+01 4.985621596266459932e+01
1.563866691505211293e+02 5.907305343846284273e+01 -7.267895902107558648e+00
9.318308829847561015e+01 2.803859616398308674e+01 5.497700256003727759e+01
1.660045867459457156e+02 2.034278050959466455e+01 4.984677982486834935e+01
1.152988473448149591e+02 5.908045547964158573e+01 1.682746943977390330e+01
1.088651972345403749e+02 4.901718179129713349e+01 2.884055273554369236e+01
1.225785746506859226e+02 2.701774107279061354e+01 2.888805654601802786e+01
1.445641429290723750e+02 -7.488926847174485601e+01 -2.740647439106154160e+00
1.687297592909308150e+02 9.337222005561185867e+00 3.036894730092332395e+01
1.248487177240020287e+02 6.166436091801682551e+01 1.820069855395933089e+01
1.446081417888920839e+02 6.682372262323045220e+01 5.035946576686919229e+01
1.520265891043336524e+02 -5.409741297659523696e+01 -1.240361176818515432e+01
1.008831512385547740e+02 6.345394308747716394e+01 5.010558816710972962e+01
1.595837628709939793e+02 -2.469210846431010964e+01 1.758471034560973223e+01
9.457875414290866445e+01 2.128456031175639396e+01 5.052828041060826081e+01
1.761881677560290882e+02 -2.708939147674593073e+01 -5.579832785969479403e+01
1.786975240491073293e+02 -2.360460985394728795e+01 -5.963299019649137733e+01
1.541159374589695403e+02 2.581216683043249560e+01 5.929021953742693540e+01
1.810557761341548542e+02 -1.832473142811944911e+01 -6.551001601381685191e+01
1.445341143333159835e+02 -7.541977025845230287e+01 -4.530740703133732339e+00
1.447536041579196251e+02 -7.414511909121361555e+01 -8.204246145050525740e+00
1.250815401245015153e+02 6.768801500713088615e+01 3.476791967631292835e+01
1.320357340004731839e+02 3.790941307600520815e+01 1.527392549734055649e+01
1.021310875541214500e+02 6.248488960428502992e+01 4.885636886373645638e+01
9.692134137388615045e+01 1.263372634068063505e+01 4.634245743248450111e+01
1.150571521916787390e+02 4.077614312699387966e+01 1.463814017524416400e+01
1.624492520667218116e+02 -1.651688784782206598e+00 2.683656313856551634e+01
1.645603137567418344e+02 6.443581583184717942e+01 4.542633080715265947e-01
1.038078784381142725e+02 6.298770597924327319e+01 4.465512886914628154e+01
1.035986587433255579e+02 6.455509725848479263e+01 4.674904887600797565e+01
9.487538053705125662e+01 2.807154311250036116e+01 5.302203998233282078e+01
1.825735092003789646e+02 -7.865064813423881418e+00 1.165198921294894063e+01
1.768660486333719746e+02 2.286883081713519772e+01 1.712232985725085044e+01
1.804112647163150314e+02 -1.673356753821461496e+01 -6.080665163358865755e+01
1.056541192971496343e+02 6.218170253262969993e+01 4.155776262203466587e+01
1.404856549688364282e+02 -6.622576569338380637e+01 -1.100584797660031633e+01
1.526670046670541012e+02 -5.924481732488854391e+01 -4.536220589693362726e-01
1.515939014003924683e+02 -4.689415910435901935e+01 1.268685449984965175e+01
9.407358202059565144e+01 2.774915910059916513e+01 5.177586407402067437e+01
1.847364576576019601e+02 -4.411777745620187652e+00 1.086085903794895735e+01
1.254494584299771986e+02 8.009287199544536406e+01 2.926669257238435762e+01
1.587715963000433419e+02 -4.725970061589368498e+01 6.438011555674600928e+00
1.519729931620733794e+02 6.627234189612070736e+01 3.164925387769921272e+01
1.112584625174851567e+02 4.445542982822272648e+01 2.424560689813159087e+01
1.099119296178035228e+02 4.613818528879306058e+01 2.879640918666757443e+01
1.499370325078475048e+02 4.448801747966555808e+00 2.979442372696478003e+01
9.713279547578271433e+01 2.744181794703327526e+01 5.284754765925173814e+01
9.677131380680398820e+01 2.849248742125367428e+01 5.431504634850159619e+01
1.097832804361281802e+02 5.265832515111841161e+01 3.127123723297246016e+01
1.389687664014899156e+02 -7.396175824674259047e+01 -2.214172093902599947e+00
1.330229206683844154e+02 -7.289394774009524269e+01 -1.050386550115173634e+01
9.152517343744970901e+01 2.430804804293162746e+01 6.370531122554946535e+01
9.338475554576818638e+01 2.465990400254693427e+01 6.160275233515471172e+01
1.547301229372956755e+02 -5.183019025617490172e+00 3.651816679491068030e+00
1.082687458307271555e+02 5.981513122166937535e+01 3.995018304479287252e+01
1.148078085579028738e+02 7.487003613297846982e+01 2.695017918052406003e+01
1.059489680669880869e+02 5.715892051064328427e+01 5.246415919933053118e+01
1.318113640599805478e+02 9.979372036958864101e+01 2.612816216885427423e+00
1.330087699908723380e+02 1.017191288677260559e+02 4.233660979739006791e-02
1.128245146156566392e+02 5.444388188202897538e+01 4.390901732052596174e+01
1.309358446120854182e+02 6.745165475016118251e+01 4.155123633669234806e+01
1.314709097662587283e+02 1.025981985851882143e+02 1.359775506602201034e+00
1.167880046399039173e+02 8.584748444654948685e+01 2.881184626313486419e+01
1.124525179255489888e+02 4.306129008269657987e+01 2.443422066952102512e+01
1.345739799818799725e+02 9.164459459529533092e+01 -5.833422997658269438e+00
1.855263403353427520e+02 -2.658903295827806090e+01 -5.416859561863195438e+01
1.164517758794469700e+02 7.785472723696031494e+01 2.944514017260779326e+01
1.169035442899429142e+02 8.192130657038011066e+01 2.715519640535645607e+01
1.054066730091293778e+02 6.611224008766967586e+01 4.960129449583633487e+01
1.575971504199151525e+02 -6.997513117780397351e+01 -8.509694184891388957e+00
1.245491126960740473e+02 7.851348794896506433e+01 2.638627877033433577e+01
1.869800050006013521e+02 -2.334243547166206767e+01 -5.783025271661458078e+01
1.499471844885444227e+02 1.152168029087817658e+01 4.404647656666212185e+01
1.172188197357214108e+02 6.974209703843209240e+01 2.593088233391624442e+01
1.568001795638905378e+02 2.955723199573269788e+00 3.056112307493261682e+01
1.096943558862256793e+02 5.808490018508921082e+01 3.881793068817599845e+01
1.099781563545507765e+02 6.129277960456226282e+01 3.932892560600900822e+01
1.759692201244659771e+02 2.385139261541419131e+01 2.396412069433934633e+01
1.380882627413411399e+02 8.149594006645149591e+01 -1.618926348162023032e+01
1.610627383801071915e+02 -2.336061414865476138e+01 1.532841037142221197e+01
1.752082441759677351e+02 2.748225155199462932e+01 2.254050101264809314e+01
1.365605210518124295e+02 7.894906432196074775e+01 -1.312907511077296974e+01
1.625217749009935346e+02 1.645550617127236492e+01 4.680612088837907692e+01
1.799630627931366575e+02 1.214912834592455582e+00 -2.810693259308701997e+01
1.111212039819093462e+02 5.710628561397449943e+01 3.921426488311023917e+01
1.049080553426721849e+02 5.993721461847959375e+01 5.090407255436117850e+01
1.203376192077204649e+02 8.901246288532728101e+01 2.692867854762600643e+01
9.900221502407401886e+01 8.466594302687980189e+00 4.852031787892295256e+01
9.994228620434031996e+01 1.145592880845777017e+01 4.699945418631262584e+01
1.015459466264293837e+02 1.214963073586490339e+01 4.501742886069235539e+01
9.895431904632138753e+01 1.464260521850503949e+01 4.764366830109236872e+01
1.013296990347449622e+02 1.714716077412814244e+01 4.987039039818156283e+01
9.978429396786779648e+01 1.929382735154348083e+01 4.861854128876203873e+01
1.380194817037933888e+02 7.867021837927789818e+01 -1.375484751374836989e+01
1.431865237210825228e+02 8.914665055394321413e+00 2.486411451925455651e+01
1.108472556158441620e+02 4.341762589412834927e+01 3.221207267600569679e+01
1.123443686827061470e+02 4.369558395494669156e+01 3.206107954204404109e+01
9.993447771066836083e+01 2.778374713434948973e+01 5.332152830892640338e+01
9.427870172781761937e+01 2.376760728991177984e+01 6.480659805477519342e+01
1.182763900962595187e+02 6.681670978412365969e+01 2.520527058309972546e+01
1.344991418466212565e+02 -6.690169975089372656e+01 -1.475822872091504578e+01
1.349783205106993478e+02 9.406141797811223171e+01 6.474442488908689342e-01
1.120195837155547451e+02 5.933854051010021635e+01 3.706756276897508684e+01
1.437054851726151128e+02 -3.798471201463571134e+01 1.542605464728354292e+01
1.354294330937705695e+02 9.387827366973861842e+01 2.017499910804582797e+00
1.366805982285858363e+02 -3.204269208994612228e+01 1.629986445886889257e+01
1.108784915262261421e+02 6.133023628092534096e+01 4.402429711489865838e+01
1.092239879909925833e+02 5.979214458100493346e+01 4.486185853163290460e+01
1.169308439283655332e+02 7.101239450907002038e+01 3.278142200143543761e+01
1.669268870107646592e+02 -2.580842714370110258e+01 -5.646451548677830345e+01
1.084124819764990946e+02 6.664971707346693108e+01 4.494677650797230939e+01
1.178141067890782523e+02 7.742481627920894027e+01 3.152153689261430003e+01
1.203785228055318726e+02 8.322095835285635701e+01 2.811166274662027575e+01
1.043285533916739780e+02 5.972260948741119080e+01 5.376905732044880892e+01
1.090098554217750859e+02 6.617294834360622247e+01 4.685764695882595277e+01
1.595197800244219195e+02 -5.454139894033443170e+01 -1.401870735512362742e+01
1.832085571632737242e+02 -3.659889040815719596e+01 -4.045746563478078173e+01
1.086263534257690253e+02 6.587010267544401643e+01 4.865038162279547862e+01
1.669393127657808407e+02 -6.368084348446991783e+01 -7.625543162868862801e+00
1.220566414719796313e+02 8.555044439444891680e+01 2.721338171519908400e+01
1.761241656252268797e+02 5.690836867804369348e+01 3.545930414207541048e+01
9.840968573757913873e+01 7.248953935486209588e+00 5.058278074464534768e+01
1.124997029414439282e+02 5.997660404015920932e+01 5.008119100088553921e+01
1.182640167606871131e+02 7.554689002954856392e+01 3.211342062177467227e+01
1.118574765725360578e+02 5.311426699244963601e+01 3.825278987286253596e+01
1.089301263195913094e+02 5.809246374873325180e+01 4.758230710559279686e+01
1.214308094170513357e+02 8.134923347705976937e+01 2.812879543287579054e+01
1.399925571111519389e+02 -6.954260470621763091e+01 -5.992583199594278653e+00
1.803766111637478389e+02 8.896327623868865331e+00 -1.941962541688377897e+01
1.315937445624752513e+02 2.570946841007346606e+01 1.269688654958988394e+01
1.775044716879679356e+02 -1.003384850625273650e+01 7.011524736879227504e+00
1.322283048377056787e+02 1.798683941141349507e+01 1.765187280766803468e+01
1.792957803736439359e+02 -9.061545091850199185e+00 4.008971629359239230e+00
1.189990067164037839e+02 4.101027055596052406e+01 4.051778149865161538e+01
1.077694025943245606e+02 5.650756644877628787e+01 4.940440662263501537e+01
1.876927659656628578e+02 -2.736356173951661219e+01 -3.355257657629029211e+01
1.616662897359050817e+02 3.141443988346460969e+01 5.905993526941558969e+01
1.155176476563806318e+02 5.470449295718557181e+01 4.116590676987077302e+01
1.549620316236608062e+02 -6.711491768494630605e+01 -8.742669787228543044e+00
1.245679139924701531e+02 8.128355603867531443e+01 3.067756777173202209e+01
1.592395533981416520e+02 -5.197512512356390602e+01 -1.225665970844529085e+01
1.031130049808541571e+02 2.275869530523207374e+01 5.040348951678172540e+01
1.399546587554366681e+02 6.893123063624913982e+01 3.184847591534260403e+01
1.578150626026927341e+02 -5.496166320104985203e+01 -1.459160122388813363e+01
1.423964192687242871e+02 -6.852072088286732310e+01 -1.135614953946621952e+01
1.340232990797849197e+02 -3.343023205987080360e+01 1.505808268470283195e+01
1.757204545742317237e+02 -2.122953249000298825e+01 -4.091884930439972123e+01
1.538898874521429150e+02 6.124588276712405133e+00 3.212664396409780920e+01
9.626202489691988262e+01 2.326988021031819898e+01 6.518266812215627226e+01
9.790336006932797375e+01 2.481223700188853698e+01 6.359538732429486174e+01
1.000111001936544710e+02 2.629339622739653848e+01 6.137407256914276843e+01
1.135205372104077384e+02 5.303319509781311325e+01 4.018598949782863627e+01
1.367457006769206487e+02 9.368540133897360533e+01 1.145588145550739512e+00
1.350092246564661025e+02 6.276900031085833120e+01 1.889927361844183906e+01
1.195250114580718872e+02 6.669609687530706310e+01 3.068516674282594892e+01
1.218258871821627451e+02 7.257945068310969816e+01 2.747978829201858986e+01
1.362047063863572021e+02 9.555126563374305704e+01 2.454318335740053314e+00
1.415378932693360809e+02 -6.550225473765178208e+01 -9.867079722720211166e+00
1.116748876936092216e+02 5.715490649575677651e+01 4.396803958870179230e+01
1.091883567757928120e+02 5.627792361797423837e+01 4.937647029495487061e+01
1.098032975262007938e+02 5.501474050081742462e+01 4.790791607916978734e+01
1.109473392212535288e+02 5.704789336173998748e+01 4.840369085388539361e+01
1.201823631367803102e+02 7.239230733725506184e+01 3.269890100037069658e+01
1.627208116664273803e+02 -1.812653168530194758e+00 2.711120252279475729e+00
1.132373930022458524e+02 6.413777419788668510e+01 4.409225686610282224e+01
1.088436121550484188e+02 5.863233012448539938e+01 5.140694272795239783e+01
1.237821440152853256e+02 8.086056365928149603e+01 2.764204647039743890e+01
1.244791177322859426e+02 8.234658408678758690e+01 2.658357027980184739e+01
1.237598427142647353e+02 8.467380659798776321e+01 2.803248023574300873e+01
1.401160245641991366e+02 8.131530269295969049e+01 1.637181809530458443e+00
1.210686574504014885e+02 8.314837743582414475e+01 3.201678868197858208e+01
1.227270467306564967e+02 8.608897607495902093e+01 2.943780459766644952e+01
1.699391070941940711e+02 1.002750054497395915e+01 2.957037696657226888e+01
1.750281925845511353e+02 2.029381560370419635e+01 1.744171708644929097e+01
1.533846271845154092e+02 -3.269010022049075559e+01 1.776617433933953905e+01
1.786702941485424958e+02 2.491493186738981791e+01 1.917794486328623549e+01
1.417568305148957961e+02 6.810782568328399122e+01 2.830355722918391592e+01
1.110258322166288565e+02 5.525964959184767622e+01 4.638489214194045474e+01
1.768862234439872907e+02 2.629060548418891230e+01 1.955221938478457488e+01
1.293055164222992914e+02 6.308560137939019086e+01 1.882608207098851949e+01
1.537499605611251638e+02 -4.889979605907574722e+01 1.117514755840976193e+01
1.192043689214025903e+02 3.590164429163784376e+01 3.979457809865426299e+01
1.318233273429621306e+02 5.335961939503893348e+01 1.886245791862630128e+01
1.674913226776556598e+02 1.639986618729859913e+01 3.791767787493133568e+01
1.664823829199477814e+02 1.493749582185422753e+01 4.147914082951728432e+01
1.599183511406752984e+02 -3.999549109944449121e+00 4.403465763092189178e+00
1.650327628662634822e+02 -5.383785073600927262e+01 -8.393091322115758146e+00
1.780308962269122901e+02 4.273132708532911295e+01 2.543721027628418341e+01
1.550366149441191510e+02 -4.442654883201359439e+01 -1.030107003735517424e+01
1.631253426516209686e+02 -1.723490294301177395e+00 5.531568579772818239e+00
1.267700665182986910e+02 7.979782755575067199e+01 2.707992083192025135e+01
1.747476656445265917e+02 5.603957692902660170e+01 3.679423899435585099e+01
1.824183116918772498e+02 -3.548171205165298048e+00 6.202181123383462946e+00
1.363346399369353321e+02 6.775223419860610363e+01 3.264969176053036648e+01
1.252987515308732327e+02 7.590817147890297178e+01 2.542578281539798013e+01
1.753987299179619299e+02 3.957952878158898358e+01 4.771282994851308246e+01
1.453908848705818002e+02 8.149111249085655118e+01 -1.899174447536991295e+01
1.740528464334042553e+02 3.844645211740564861e+01 1.081709981547558463e+01
1.523223419748035212e+02 2.566798769720199047e+01 1.317205941115432211e+00
9.805168035012731309e+01 7.317288969681895239e+00 6.320362649338296990e+01
1.070453679804665938e+02 2.252219216116742828e+01 4.805535232193236794e+01
1.412855631570738524e+02 7.582052487141829999e+01 -8.995665914029899568e+00
1.407540087402230711e+02 7.987442502949849654e+01 -4.207406020200521901e+00
1.272568524420931766e+02 6.123783647331030267e+01 1.887967047395036957e+01
1.583416772545004960e+02 -2.539425445296345885e+01 1.897257442066773692e+01
1.372304891382932226e+02 -6.748364299253043441e+01 -1.355321287940995134e+01
1.329550847686305417e+02 -6.688964925340309264e+01 -1.617621654554748289e+01
1.157655659573876505e+02 5.469184408185853385e+01 4.345407533872144512e+01
1.807737246980435657e+02 -3.250317279579718832e+00 1.044234298041670783e+01
1.263341808760783778e+02 7.347438477295389703e+01 2.465914037543820569e+01
1.134684780232828700e+02 5.569181819141948608e+01 4.658340912895413766e+01
1.264348203539688313e+02 7.564043080556869825e+01 2.579361682342844375e+01
1.788795378313039066e+02 3.875900211021104269e+01 3.346042246396008579e+01
1.510460861482083317e+02 8.784707200427183338e+00 -3.945743635877578370e+00
1.848342602611528775e+02 -2.299329098484796674e+01 -5.713248432086265893e+01
1.783123689488845969e+02 -3.340205582443500987e+01 -4.765940189396868476e+01
1.537508209986197016e+02 -7.160273285531803822e+01 -7.593797778230467088e+00
1.791980835196239354e+02 -3.167762204038433538e+01 -4.926763241848122021e+01
1.549064089827188866e+02 -6.940794384670488171e+01 -9.408722354372619279e+00
1.557463245862073222e+02 -6.727563319360287153e+01 -1.138353161998621843e+01
1.852078051647727932e+02 -2.046109706515454008e+01 -5.851891828162559506e+01
1.592933023303243942e+02 -5.977201451607736971e+01 -1.736768952082867656e+01
1.542718281252899146e+02 1.333203307529953818e+01 4.561226844453116769e+01
1.685744382294980710e+02 -3.821260594389079834e+00 1.898152080260283725e+01
1.827926391278516292e+02 -1.854432363611990553e+01 -5.263004839959781833e+01
1.765124252223716894e+02 -2.560158035582035652e+01 -4.320864352569986977e+01
1.798517173717735318e+02 -2.007898761982033875e+01 -4.844890043730103457e+01
1.576469079991357205e+02 -5.351123666573395354e+01 -1.266957493408628999e+01
1.782693595732926610e+02 -2.116295714868353173e+01 -4.436954681744477114e+01
1.620585484103478109e+02 -1.080851528474195744e+00 -1.858190906784894514e+00
1.680917200898003330e+02 -3.410313790335289141e+00 2.020366806659822601e+01
1.856123167145027537e+02 -1.157745764883931017e+01 -2.626393968078082608e+01
1.683946896200768606e+02 -1.688097669301610981e+00 1.956252810030890288e+01
1.845346741038478342e+02 -9.246698559460540423e+00 -2.520176296013071848e+01
9.941404468388498117e+01 9.484653577735885577e+00 6.526923237281017975e+01
1.283203805521359868e+02 6.333997696466605021e+01 2.103845129403445924e+01
1.595399538215711175e+02 5.540168486170463069e+01 -2.529123646582421614e+00
1.858047314135423562e+02 -7.332560892351066784e+00 -2.664427491689840366e+01
1.128489621037208934e+02 2.212948200995624148e+01 5.975948493864950706e+01
1.354518008846397663e+02 -6.489758788350532370e+01 -1.412160333570773219e+01
1.688178366628581273e+02 -2.396930136041207415e+00 -1.603871029216638533e+01
1.680645282263030822e+02 -5.195526298857493508e-01 -1.038427319034864382e+01
1.602653749128849370e+02 5.850549367401065837e+01 -5.412362846462260180e+00
1.401782513362780094e+02 -7.104626238730143939e+01 -3.182299425222935518e+00
1.729469232084106807e+02 -8.909884269708497229e+00 -4.021658765279713776e+01
1.337476148422880442e+02 -3.496667621954991034e+01 9.539864884676426016e+00
1.411938292811218219e+02 6.823003864933593832e+01 -5.616989840911166709e+00
1.713637759032442318e+02 2.142031800018631316e+01 4.443503341232116810e+01
1.628913334530716952e+02 3.631036568135859177e-01 -2.937859429727165406e-01
1.103172851828638557e+02 2.420658448170886956e+01 5.082558296569857959e+01
1.207923518832007090e+02 4.272235897572205232e+01 3.541758420676853802e+01
1.436107483273070784e+02 7.969341659987769333e+01 -9.524254773021805232e-01
1.742374753155190490e+02 2.245166974298834717e+01 -1.798048449430281792e+01
1.423003628484106571e+02 8.314925245519042107e+01 2.584608128282731343e+00
1.216447639951435491e+02 6.521439598366194446e+01 3.886386463967543392e+01
1.434648129674240522e+02 7.666359281939965342e+01 2.751345772248047439e+00
1.500781219336798529e+02 2.722879397094575715e+00 2.875399954808172964e+01
1.448976799845843573e+02 1.062442250180392200e+01 4.240897999878484370e+01
1.442244022320795409e+02 1.464706494561233541e+01 4.636484551631062345e+01
1.704585750449180068e+02 -2.337678696004253709e+01 -5.191049714462019438e+01
1.770034401149049188e+02 1.841588280966967872e+01 -1.715986154814663678e+01
1.635106951678863538e+02 6.277543642553054326e+01 2.154925183910604858e+01
1.363108421652279958e+02 5.072119474222573388e+01 1.694742749139432902e+01
1.642952703845920723e+02 3.896014616298781874e-02 3.244032373175848250e+00
1.360579729517376109e+02 -7.404415386411874067e+01 -8.668761466086928991e+00
1.230004165056085270e+02 2.908876435624925705e+01 2.806134162185498582e+01
1.194560698732053368e+02 3.673307294934205913e+01 3.920215802171255604e+01
1.483407929372006606e+02 8.587140622842761672e+01 2.309961691210261847e+00
1.227627282360495116e+02 2.604031765321234815e+01 2.807204573639545231e+01
1.247817435497586018e+02 2.883105511888899741e+01 2.887552096301941162e+01
1.535459505916595901e+02 6.580574308840404285e+01 3.116595822397553661e+01
1.212241166864135948e+02 3.613999177336745561e+01 3.835630394038462754e+01
1.123621625006919089e+02 2.382431902170718274e+01 5.517227750069707071e+01
1.331822441089153131e+02 6.159113652694534835e+01 1.973283534192424682e+01
1.045172155454131655e+02 1.581840274237067945e+01 6.704941947709851036e+01
1.450536869251691314e+02 8.482474525709814372e+01 2.814418519344307867e+00
1.518018090884285414e+02 5.069472578315590994e+01 1.958609144873621588e+00
1.278613378540386520e+02 6.711308112485947674e+01 3.586573342235053730e+01
1.719951059416763144e+02 -2.063184063645153898e+01 -5.745913319344433035e+01
1.401731103183968514e+02 -6.729561932581216865e+01 -1.234342878411441902e+01
1.395791193511822712e+02 2.279802053988868238e+01 4.954293387043698260e+00
1.227053797701619970e+02 3.797029052431092566e+01 3.684501196193000538e+01
1.894640861953246258e+02 -2.962766174708315248e+01 -4.980040512982547085e+01
1.637181962783281222e+02 -6.808986542051361823e+01 -9.031450844812303203e+00
1.849324226678247953e+02 -3.682899431420946712e+01 -4.172959184693864643e+01
1.894861538063886712e+02 -2.789652591710882845e+01 -5.138486012799376823e+01
1.631573695016390388e+02 -6.476391087989975404e+01 -5.726744457058234872e+00
1.658202848484445440e+02 -5.449420166393823450e+01 -9.863421215752131488e+00
1.345603892096974334e+02 5.262670034529750041e+01 1.725247197509373365e+01
1.596645303287025115e+02 -6.964404833097849234e+01 -8.147330578366663190e+00
1.617536512572425522e+02 -5.527404301233648454e+01 3.906382911901201904e+00
1.323137249183677397e+02 3.562969697059335061e+01 1.692631815261011852e+01
1.377141110945866842e+02 6.338258399396461584e+01 1.959923731409333314e+01
1.724329380771706042e+02 -1.838353528819201443e+01 -5.892196067500571388e+01
1.593669401245215340e+02 2.035612354273896329e+01 -1.781656824563080477e+01
1.578998111558918254e+02 6.346347469749272108e+00 -2.400201940903758668e+01
1.817801321295991386e+02 8.391371626617097235e+00 -1.796100227207647748e+01
1.722059469911863516e+02 2.620645239998724563e+00 1.489357189281751204e+00
1.321470414007128511e+02 2.475982511903551142e+01 1.446818747345979617e+01
1.370169342958665482e+02 5.497035590731177024e+01 1.571471077319475640e+01
1.200723315272441312e+02 2.170151180859916451e+01 4.121638136711971612e+01
1.098276373283049452e+02 9.447763196562190657e+00 5.939650863660673963e+01
1.486886583998571041e+02 -6.537629715795020502e+00 4.918885473181335399e+00
1.193159072179648064e+02 2.777591699113665413e+01 4.803505749575966632e+01
1.418927925201143125e+02 1.018467316176883131e+01 2.740935977785154876e+01
1.495734441936916994e+02 8.776736250716706422e+01 8.724534241371362242e-01
1.265839539030800438e+02 5.426606818188992065e+01 4.719246039581101115e+01
1.305680346131757688e+02 6.660725237010808542e+01 3.706519491796350252e+01
1.260933002448702354e+02 6.126435779695746220e+01 4.697027641704035972e+01
1.280422617987989611e+02 6.503808251619841485e+01 4.311082536264879650e+01
1.299273359636777911e+02 1.763063086455269968e+01 2.116278091250035587e+01
1.760187019542123608e+02 2.115672004597904632e+01 -1.731354174124895806e+01
1.791459299558327132e+02 4.155856929814984824e+01 3.485750844262733494e+01
1.652316846570926145e+02 6.737923779255083900e+01 4.258104898125955629e+01
1.347586815702262300e+02 2.449617140260827597e+01 1.325419629867614901e+01
1.402591598273233160e+02 -7.405064498398137118e+01 -1.542080190459990341e+00
1.242912727586698338e+02 2.281463597689833733e+01 3.652700248994816690e+01
1.436057515822141113e+02 5.186210648451390881e+01 7.887561421037329268e+00
1.183687702455297597e+02 2.717781717453725321e+01 5.179519136901006249e+01
1.361430299013388776e+02 2.409852175199310054e+01 9.161685607113746244e+00
1.768895611148424223e+02 2.889200322131760501e+01 2.885935833006374196e+01
1.395062186626318237e+02 2.529229493090605274e+01 5.016527122503303460e+00
1.319858814302855023e+02 1.612805984188138808e+01 2.192268003675145138e+01
1.265699582781982002e+02 1.989657102817349354e+01 3.553810363988836940e+01
1.262292568672616966e+02 2.193897801939556658e+01 3.715331153650150497e+01
1.242917673562999283e+02 2.006464672085040135e+01 3.845711814528652184e+01
1.434913303125248945e+02 6.129477949213427479e+01 1.366015642656540052e+01
1.424735364060893517e+02 6.422904584177535980e+01 1.309890354962705494e+01
1.531852399128404443e+02 7.481650293851021161e+01 3.013719929089731409e+00
1.259007984843612746e+02 5.279838328618870946e+01 4.837465082585291754e+01
1.259986854554379505e+02 5.488630478451768369e+01 4.730301734455544960e+01
1.346806918647638440e+02 6.696752531172654699e+01 3.625575596292163993e+01
1.295108341171105337e+02 6.772152818054712498e+01 3.991852542484340205e+01
1.360233085496476235e+02 -6.696230432448983549e+01 -1.706653365806853628e+01
1.408204955663006217e+02 2.101047330779848465e+01 4.559852199113189286e+00
1.434551837844240936e+02 6.277460057724564990e+01 1.557526157693087043e+01
1.510991117865962394e+02 7.287688208547305635e+01 2.993382152927923201e+00
1.348738635400945327e+02 7.001389525891919163e+01 3.608217212656520445e+01
1.359614232466092290e+02 -6.414505755861611647e+01 -1.470694111057137832e+01
1.336628398295996476e+02 1.558951533907667297e+01 2.067961378777417281e+01
1.321425975869142917e+02 -7.400534724544883147e+01 -9.936328184999494439e+00
1.636838244941957043e+02 -2.319204436677347658e+01 -6.109554622169308402e+01
1.640974366205161061e+02 -2.402849620552567345e+01 -6.196912653673528126e+01
1.414861003835634108e+02 7.411095633429569673e+00 2.553468176995169614e+01
1.531361256076514508e+02 -5.285282498638386528e+01 -1.134113839190956696e+01
1.488242656573265208e+02 -5.851587638765063559e+01 -2.309972750331466429e+00
1.385725139949199445e+02 6.716930526049480932e+01 2.943341784720119847e+01
1.644570793051197484e+02 -2.368993852404428679e+01 -6.229064553629755352e+01
1.404142013862110616e+02 1.258589099823139534e+01 5.224705881199785296e+00
1.607307931075513352e+02 -4.508159192892288303e+01 8.203149437527848420e+00
1.652889949585702425e+02 -2.421904524259312552e+01 -6.137369101119019632e+01
1.336781677511880559e+02 -7.277547495184673210e+01 -7.788842391301702861e+00
1.670939790098348681e+02 -2.310296280306477357e+01 -6.201684716752770044e+01
1.343634389012207464e+02 -7.068728449091844368e+01 -9.863288738334571093e+00
1.380700349258591757e+02 -6.349582230344613976e+01 -1.405029085816222612e+01
1.417478147728815543e+02 1.000453974774656629e+01 3.749281339068174290e+00
1.425531568268660010e+02 -7.577204777015633397e+01 -2.330910275086371719e+00
1.622979919499828156e+02 7.140876031466792995e+01 9.106707574844359332e-01
1.285506790068489522e+02 1.825894628220288851e+01 3.659122566010155708e+01
1.208855490592863475e+02 1.039014999698336972e+01 4.908917364174487119e+01
1.640456923356256027e+02 -5.231874953451445975e+01 -1.218488939723556541e+00
1.598442684540385130e+02 7.775466555829369497e+01 -1.093990038239344997e+01
1.536330969608602857e+02 7.290452077977847978e+01 3.303793343367580349e+00
1.458989197461936840e+02 6.332963990101866614e+01 1.648814119719735771e+01
1.193932749240786393e+02 2.157235894035969181e+01 5.990846568271267358e+01
1.433095295300428234e+02 6.340998144339594944e+01 2.222129086502144446e+01
1.968265099786398480e+02 -1.795889633023084997e+01 1.063741991042998336e+01
1.603095913597930462e+02 8.192357590615034724e+01 -7.217030944486434230e+00
1.407265086441092876e+02 -6.620661507464315321e+01 -6.440804722593208353e+00
1.858959381095015715e+02 -2.004682877922812168e+01 -5.512193056528686697e+01
1.692055253527208265e+02 -1.907539351995203347e+01 -6.497990394147890925e+01
1.533782208456853766e+02 7.475973004190345250e+01 1.774274331492242451e+00
1.440577208890112502e+02 6.718368101002452875e+01 2.482075664338557885e+01
1.653168781683804696e+02 -6.352840637915058863e+01 -6.450146858104480962e+00
1.655869895956433879e+02 -2.458647244157699063e+01 -5.745105571598368499e+01
1.572880978220215127e+02 1.301236148064386100e+01 -2.470497127417708683e+01
1.364685814837699809e+02 -1.936488673204488720e+01 9.800940434413721647e+00
1.711518328365553998e+02 2.266580206932886199e+01 4.525087508228202893e+01
1.415037137002326517e+02 -6.758995530050587774e+01 -1.582788778579125832e+01
1.680286311394422114e+02 -2.453590774722316326e+01 -5.874899595354231252e+01
1.673659159659870852e+02 -2.236323094192387018e+01 -5.658145022182263517e+01
1.383020335311014151e+02 -6.724073161283371292e+01 -8.359607964428951377e+00
1.331255807343556512e+02 -3.430198818857171261e+01 1.244293279841597055e+01
1.362602324169239694e+02 -2.876814320766689548e+01 1.361712695880721569e+01
1.345805546639271597e+02 -2.733862436231011728e+01 1.391123286427723471e+01
1.535892839995398447e+02 1.084634269672137385e+01 -2.299814163807454293e+01
1.480498060892932699e+02 1.520531234685012478e+01 -1.281759650042960885e+00
1.348610603670694275e+02 5.973973183388122266e+01 5.442928595330923258e+01
1.579598378351547012e+02 7.254950058349886888e+01 -3.293482607029622145e+00
1.189592439840204037e+02 1.645265987982161349e+01 6.185385059461476942e+01
1.574136314584837066e+02 7.400262077300381236e+01 1.666354279701154795e+00
1.465168844722568053e+02 -5.215115221227141973e+01 -1.996771084996978640e+00
1.590861210248088753e+02 7.983536900132355640e+01 -2.066847685089389763e+00
1.467432286328933060e+02 6.398674959333582990e+01 2.137807923270351651e+01
1.303898600651394588e+02 4.546831625299142843e+01 5.428178371864941454e+01
1.458031678770099973e+02 6.709414054985259668e+01 2.521982441754381910e+01
1.304683619236135428e+02 5.000543118474123361e+01 5.322364218332948127e+01
1.713069335725167832e+02 -2.162978414873342103e+01 -6.376785430368577323e+01
1.333691097432289041e+02 -3.471934854134613602e+01 1.415787611878272223e+01
1.361473697473490461e+02 3.143735201428704329e+01 5.851773318609012620e+01
1.785019529507286222e+02 5.205106478590980856e+00 -1.015903915477311870e+01
1.799486813858419794e+02 7.073128294278115291e+00 -1.204107594471162379e+01
1.748199081797395706e+02 2.236953585559781743e+01 -1.702454165285842080e+01
1.228853102378524937e+02 1.011766219180189630e+01 5.587272802032875063e+01
1.590766208203923782e+02 7.357626013020835387e+01 -2.288605959762918474e+00
1.421878401258047688e+02 6.929526077254909922e+01 3.500783777896905491e+01
1.740522606040280209e+02 -2.090985376062865697e+01 -6.414712177872263510e+01
1.348807906104053700e+02 -2.917278148475411115e+01 1.531841172649756189e+01
1.606512133114898120e+02 -1.646815615524554577e+00 2.764206645191123357e+01
1.715566447510368562e+02 -2.280025290450472752e+01 -5.862475017947499367e+01
1.713800749859642281e+02 -1.771937380004920115e+01 -6.213303740373572026e+01
1.579604321035306782e+02 4.561141474970578535e+00 -2.363730907604293918e+01
1.618641167838533761e+02 5.411843011906869094e+01 -7.389539919821279668e-01
1.539779953388108993e+02 2.427622285946520364e+01 1.879243465198302543e+00
1.766062798318517935e+02 -2.366642674224626575e+01 -4.194769825851981437e+01
1.637561759676159454e+02 1.411599665164945616e+00 -3.661945008153274728e+01
1.585811317658665587e+02 3.399283728914642921e+00 -2.462239929209571798e+01
1.756825222866493732e+02 1.242847962021628394e+00 -4.075074696079436620e+01
1.870902526755019721e+02 -7.973863372131815730e+00 1.291379934419776809e+01
1.350917864945746487e+02 -2.667663554947599991e+01 1.727835392371411061e+01
1.431444480055506574e+02 -6.977010398330575924e+01 -1.249242217947118760e+01
1.403535402746790908e+02 -7.217741669408491134e+01 -6.880480217135311882e+00
1.686380322667283167e+02 -2.704268490396687596e+01 -5.490120776440718231e+01
1.689251566923087466e+02 -2.425124076800802797e+01 -5.295254508911200020e+01
1.423232158482006469e+02 -6.371984329074306430e+01 -1.043327902464714896e+01
1.670987116137406190e+02 9.695225648263155804e+00 -3.694438312468538044e+01
1.576505837068610560e+02 1.571679675776593621e+00 -2.267434344505415567e+01
1.592307719472017595e+02 2.532001557512931100e+00 -2.073437530830249642e+01
1.651441628506377413e+02 1.789683207227936990e+01 -2.879269183451189917e+01
1.477136165089187045e+02 -1.463176131331320740e-01 2.572033499352444963e+00
1.514233060793424386e+02 5.734381244165823510e+00 -3.288906385212960082e+00
1.373568578399871285e+02 -1.450762560352254660e+01 1.900712960851781119e+01
1.516829611832297644e+02 9.535955661134790873e+00 -5.715203468634099337e+00
1.460803442835409101e+02 1.115698369706902504e+00 4.048134477247483431e+00
1.505889470040104072e+02 7.911512904088525033e+00 -3.237426093590029197e+00
1.578900338169561621e+02 2.099697912833746116e+01 -1.704493470345597927e+01
1.526563358328437232e+02 2.341644622847820401e+01 -2.609631743567186746e-01
1.582448804870740844e+02 5.207431171619393950e+01 -6.250374530450288901e-01
1.317021199801211253e+02 4.310258438486463461e+01 5.465185440367036307e+01
1.332393719120412356e+02 4.958893254119374205e+01 5.440496622336200971e+01
1.335320222139732493e+02 6.135034129579895534e+01 5.452354075823962631e+01
1.423408410506309281e+02 -7.240757052650988612e+01 -5.941127991456221835e+00
1.853770086982873408e+02 -6.681490172502448921e+00 -2.735394993056252488e+01
1.614071707612228863e+02 -4.863933317424752545e+01 -1.088956989582112200e+01
1.737634221960751688e+02 -2.435351120175293005e+01 -6.089263648250533834e+01
1.383522202085374317e+02 -7.599349767320580895e+01 -2.973852792147944513e+00
1.832052771065464754e+02 -8.683321702378004048e+00 -2.429125208880081388e+01
1.640777371439046988e+02 6.589115373839980805e+01 9.669128658104323648e+00
1.406858593039154925e+02 -1.348303775942373939e+00 2.031070140150751158e+01
1.612839968443065288e+02 5.789027801285686792e+01 -3.562602109337800194e+00
1.386533481248317230e+02 -7.742799638191833367e+01 -3.576307572136662394e+00
1.389057990881268552e+02 -4.249074140706873237e+01 9.380044163403759683e+00
1.324775941955689689e+02 2.765162421072286136e+01 5.540192739161153668e+01
1.540617529016019489e+02 2.661214920162890962e+01 1.348066143470187939e+00
1.693707856644929848e+02 -2.806526062637414753e+01 -5.286171285905167139e+01
1.399208260425667731e+02 -7.382464424531241320e+01 -4.209827808384437375e+00
1.497785250608833394e+02 6.728620597267992309e+01 3.166054644998297363e+01
1.476152573054027926e+02 -3.965991175183497752e+00 4.786516059953425994e+00
1.396083319782191836e+02 -7.321097920297329154e+01 -2.790243296546324636e+00
1.682853520258632329e+02 -2.923442428354439571e+00 -4.062138219254936899e+01
1.678358349221702497e+02 1.458387872118341733e+01 -3.291288573001558859e+01
1.674396672755595432e+02 1.670607072867795750e+01 -3.103608002878083028e+01
1.456324206523543126e+02 -7.015552141070170933e+01 -1.122188568490660465e+01
1.747442461110340446e+02 -2.499086061716399598e+01 -5.920645665578901173e+01
1.395439374569917845e+02 -7.714971154624630856e+01 -3.469345071413489023e+00
1.704262589058367325e+02 -2.937513313036884099e+01 -5.130611040694456193e+01
1.726284486614499940e+02 -2.353021524915612872e+01 -5.715558787673026586e+01
1.417113682520593727e+02 -7.464594012811984669e+01 -4.597926102992355268e+00
1.425071220740219928e+02 -7.052629025691977915e+01 -4.447619588796355217e+00
1.410168407874016339e+02 -4.538170954995820239e+01 8.617092250204802184e+00
1.638151424662913485e+02 -1.683320703575112987e-01 -2.526619036975375465e+01
1.692358350958855340e+02 1.669755070832389521e+01 -3.103047404108790985e+01
1.689697427565386647e+02 1.853440548222173945e+01 -2.901312488075256724e+01
1.488789700433605674e+02 -2.498959443560309079e+00 3.934027181747303814e+00
1.493943178120873370e+02 -1.669523210557278592e+00 3.096151983839021682e+00
1.398380166743893653e+02 -1.246686984567127965e+01 2.229913140922359815e+01
1.429349927942723468e+02 7.488413442737508419e+00 2.180541583434848718e+01
1.427464046261473243e+02 9.102702264567442469e+00 2.314975300695812876e+01
1.818282188347358499e+02 1.111293276499522165e+01 -1.042464300519799281e+01
1.607827909321253799e+02 5.729851922782711426e+01 -1.025440949707290939e+00
1.630940832294364213e+02 5.766187135975484779e+01 -1.705245382341167293e+00
1.641989580517415845e+02 6.030234883864220308e+01 -3.751855784221080903e+00
1.645112760257163131e+02 6.590507386601096584e+01 -3.259933842871691745e+00
1.811288268021600629e+02 6.731150979178689653e+00 -1.165432848903839513e+01
1.643193376956521377e+02 6.193351718460422006e+01 -1.396468257774929889e+00
1.628737198748737285e+02 5.556156113531729801e+01 -7.569533185022585542e-01
1.730766741561260460e+02 -2.181694503166938048e+01 -5.188843052780965337e+01
1.799649873977233767e+02 -1.798628949641872410e+01 -6.617037591919648776e+01
1.492975391770881117e+02 -3.204016686040603190e+01 -2.610387137909047972e+00
1.475639791577472977e+02 -5.444370343354713526e+01 -5.792508450740633918e+00
1.606397959224461829e+02 1.269315137426613727e-01 2.482077708254769988e+01
