3.044199086250142905e+00 5.993059515445790453e+01 -4.627261717776034544e+01
-5.239870522946727505e+01 7.487095844502351838e+01 -4.897972083578304137e+01
-1.476071184022086058e+01 9.024147169930594714e+01 -3.035081468309675046e+01
3.291180283682687246e+01 -5.130911527361188718e+01 1.782857318151564741e+01
-1.261011223082846833e+01 8.970160106902426378e+01 -1.939561429936835069e+01
9.014773540496825888e+00 8.131344268798828523e+01 -7.541403179168701065e+00
3.236609109781556270e+01 -4.841777497631008487e+01 8.128251730385473550e+00
1.030914555097881191e+01 8.087714566682514317e+01 -2.492242717742919922e+01
-1.818201278917717190e+01 9.358187380704012526e+01 -3.039236178542628508e+01
-5.233049625820584083e+01 6.805319892035589646e+01 -5.712854427761502052e+01
1.146921348571777344e+01 8.447308731079101562e+01 -2.930123233795166016e+01
-5.226212812724866552e+01 6.686764084665398400e+01 -5.687262906526264317e+01
5.216202926635742188e+01 8.683157857259114110e+01 -3.853551355997721117e+01
-1.264168834686279297e+01 1.161614558913490924e+01 2.675771336121992761e+01
-8.876926783857674863e+00 5.197183313040897978e+00 2.094203804279195680e+01
-3.227024078369140625e+01 6.024485651652017992e+01 -1.107888666788736920e+01
-5.366911824544271070e+01 6.671626112196180713e+01 -5.694625600179036695e+01
-5.693085362704900509e-01 6.300803881425123620e+01 -4.281574843480036918e+01
2.507495372191719252e+00 1.788453309432319926e+01 3.010975705022397264e+01
-3.080715916607831062e+01 6.355221846296980459e+01 8.365772517951759468e+00
5.524733505249023402e+00 5.695216506958007585e+01 -4.271424186706543225e+01
-4.555622015194017393e+01 -5.124786758422851562e+01 1.471284037220234708e+01
2.463543158311110304e+01 5.996145424476036823e+01 2.399196287301870356e+01
4.837269618899323120e+01 5.964885631827421264e+01 -2.485084369570709839e+01
-5.442669505457724455e+01 6.881717977216166560e+01 -5.477151175468198829e+01
6.158705757988823848e+01 6.292783881293402715e+01 -1.877091208563910740e+01
2.649571681022644043e+01 -5.302437170346578199e+01 1.720122885704040527e+01
1.747491280576015882e+01 -5.340663155089033154e+01 2.917735968244836542e+01
-5.279593610763549805e+01 7.294525146484375000e+01 -4.945332193374633789e+01
1.824407594854181625e+01 6.975678495927290612e+01 -6.990317648107355453e+00
2.562021446228027344e+01 -3.795450210571289062e+01 1.268705717722574811e+01
-4.538591497915762574e+01 7.206955210367839015e+01 -2.785064015565095019e+01
3.259239665667215746e+01 -2.425117965539296350e+01 8.182394027709960938e+00
1.588222784996032644e+01 -1.435386524200439418e+01 1.123529486656189036e+01
-2.326327610015869141e+01 7.667303276062011719e+01 1.632453680038452148e+01
4.947455749511718892e+01 8.456317901611328125e+01 -2.490456825256347528e+01
1.675638985633850098e+01 4.171599471569061279e+01 2.863824731111526489e+01
-8.429747343063354492e+00 6.075376892089843750e+01 -3.170699191093444824e+01
5.063747135798136156e+01 6.271469275156656664e+01 -2.740572233994801721e+01
-3.536561975876490127e+00 6.340661515792210601e+00 2.019795982042948523e+01
1.483478621280554499e+01 8.653628840590968707e+01 -2.240557266004157810e+01
3.365622329711914062e+01 -5.060008107060971128e+01 6.083709571672522465e+00
5.038084248134067877e+01 8.692538763552295222e+01 -3.923611535831373232e+01
-5.134886940850152115e+01 7.486497565375434249e+01 -3.368921763102213873e+01
-6.684087912241618135e+00 7.301844755808512666e+00 2.146260833740234375e+01
-5.759561881372484038e+01 5.949994025796146957e+01 -5.422294235229492188e+01
-3.860070601105690002e+00 -4.142312616109848022e+00 5.518968677520751953e+01
4.733668492204051859e+01 5.984091115401962924e+01 -2.178234834186101310e+01
-5.679793596267700195e+01 6.662561511993408203e+01 -5.408771514892578125e+01
-5.263634024726020044e+01 6.678175947401258838e+01 -5.573525492350260180e+01
1.482857068379720111e+01 -5.317637036641438897e+01 2.886102466583252024e+01
-5.244576442942899774e+01 6.819233030431411180e+01 -5.560546538409064965e+01
-3.990606800715128344e+01 -3.619456299146016676e+01 1.130457224448521991e+01
-2.939042864090357199e+01 6.866859279534754990e+01 7.961104735349997519e+00
8.235900312662124634e+00 6.874684699376423680e+01 -3.074912091096242150e+01
5.046342263570645770e+01 6.007515400211985224e+01 -2.702236073191572885e+01
-4.577471209586934719e+01 6.905959514861410753e+01 -3.061231657799254080e+01
9.453898429870605469e+00 8.630134465144230660e+01 -2.692701589144193264e+01
1.422530414318216252e+01 6.876439114274650422e+01 -1.550137990096519758e+01
7.478538910547892549e+00 7.079900232950846828e+01 -3.273354212443033617e+01
-5.680661460331508295e+01 6.839134815761021002e+01 -5.429054532732282468e+01
-3.049229812622070312e+01 -5.122465888490068409e+01 2.543618758181308337e+01
-5.156705420357840097e+01 5.511301040649414062e+01 -3.258954347882951907e+01
-5.472958827018737793e+01 7.960667467117309570e+01 -3.782556509971618652e+01
5.757377134050641843e+01 8.188699885777064935e+01 -3.186954770769391843e+01
2.387908591293707161e+01 7.213077079959032289e+01 1.109775947942966390e+01
2.187833355820697268e+00 5.991806055151897681e+01 -4.808509975930918756e+01
2.347612299237932376e+01 -5.303737554744798643e+01 1.117214278785549908e+01
-1.342044790585835834e+01 6.516844685872395360e+01 -1.390924533208211322e+01
3.682842350006103516e+01 -5.108731269836425781e+01 1.240861392021179199e+01
9.066738735545765593e+00 8.572536745938387526e+01 -1.677828285910866413e+01
-3.861251099904378314e+00 7.129005203247069744e+01 -3.331712443033854498e+01
3.420458837655874618e+01 -1.512818365830641554e+01 4.069036978941697136e+00
1.573748111724853516e+01 5.459875106811523438e+01 -1.093596156438191791e+01
2.796142339706420898e+00 5.541656112670898438e+01 -4.088755264282226420e+01
1.425214263371058898e+01 6.517604391915457995e+01 -1.052013710566929383e+01
-2.034014826042707469e+01 2.984968713272449747e+01 1.129064236130825272e+01
-1.905567735433578491e+01 9.294521260261535645e+01 -2.413788485527038574e+01
3.472005726740910347e+01 -5.119237503638634479e+01 1.645316230333768459e+01
-1.262444769369589359e+01 1.505782410905167801e+01 2.749643774290342435e+01
4.748568850147481157e+01 7.551501822958186949e+01 -1.584147984640938844e+01
-4.965174102783203125e+01 7.456038061777751125e+01 -5.383867661158243578e+01
2.953289147919299396e+01 -4.539838888130935857e+01 8.246148202933516913e+00
-3.711673126220703267e+01 -5.136406160990397041e+01 2.096666323343912808e+01
3.135419527689616004e+01 -4.626217110951741773e+01 8.562393347422281309e+00
1.845824317932128977e+01 -5.316031901041666430e+01 1.146724185943603480e+01
-5.753177022933959961e+01 6.593304204940795898e+01 -5.176612941424051684e+01
3.410243225097656250e+01 -1.329746103286743164e+01 4.095472931861877441e+00
2.989082722331202291e+01 -5.119656274485033265e+01 2.075477187578068339e+01
5.523403394789922594e+00 4.438310877482096117e+01 3.579484730675106618e+01
4.406492049877460460e+00 3.269957850529597465e+01 -8.475803888761079818e+00
-5.174416263286884288e+01 8.109340882912660220e+01 -4.486580061301206968e+01
3.252202239990234034e+01 -2.723314197540283033e+01 1.120437601089477475e+01
-3.148330702501184852e+00 5.765813446044921875e+01 -4.486242159675149566e+01
-4.765995559692382955e+01 -5.318599472045898580e+01 1.302980957031249964e+01
-7.699247264862060902e+00 8.643134765624999716e+01 -2.693041890462239607e+01
-2.929608099801199828e+01 6.570591445196242830e+01 8.191853931971959213e+00
-5.177906824747721259e+01 7.802189110649956660e+01 -4.267878087361653883e+01
3.902369807316706840e+01 -5.328932630098783108e+01 6.120678388155424088e+00
-5.692728328704833984e+01 7.639089775085449219e+01 -4.453377437591552734e+01
-5.126901784436456211e+01 8.331074260843210766e+01 -4.508294335727033797e+01
-5.339985847473144531e+01 7.503907521565754735e+01 -5.346103477478027344e+01
-3.200016217572348332e+00 3.480359494686126709e+00 2.656069619315011110e+01
2.047116291522979736e+01 -5.335423779487609863e+01 1.116527905066808124e+01
-5.741519976419115778e+01 5.947628826565212989e+01 -5.187604928395104764e+01
-6.009353337389357819e+01 5.983470364834399646e+01 -5.174535183196372401e+01
1.228956362406412772e+01 8.619086608886718182e+01 -2.503710746765136719e+01
3.566620031392799461e+01 -4.807239043037846216e+01 1.120135568222909583e+01
-7.101324113210042199e+00 3.288076451619465956e+01 -7.636462720235188684e+00
4.983214011559119427e+01 8.858470681997445695e+01 -3.900550460815429688e+01
-4.614873181856595608e+01 -5.308333220848670209e+01 -5.225682838891561044e-01
-5.779521028385605774e+01 6.212410851412041524e+01 -5.163050726957099101e+01
-5.516213968637827492e+01 6.621830728891733031e+01 -5.197073725107554054e+01
2.254614630805121678e+01 4.176123004489474511e+01 2.007481375800238865e+01
5.685057025485568261e+01 7.502513143751356495e+01 -1.807542165120442590e+01
-5.765031536554886316e+01 6.916703292070809539e+01 -5.185743726310083446e+01
-6.054331491507736018e+01 6.277403895060221117e+01 -4.872416903925876852e+01
-5.489832756736061725e+01 6.887053416859019705e+01 -5.185049341375177789e+01
-3.531056657129404641e+00 6.091979075451286363e+00 1.118136978149414062e+01
2.347612299237932376e+01 -5.315919128729372289e+01 8.169245719909667969e+00
3.553720206402717707e+01 -5.125496227183240450e+01 7.709651287565839617e+00
-2.825224920908609860e+01 6.651858952840169081e+01 2.237261311213175397e+00
-1.517994064092636153e+00 6.001822280883789062e+01 -4.647714099884033345e+01
-5.056973713002306425e+01 7.182294123223486793e+01 -3.683104624646774994e+01
-5.132521155784870359e+01 7.454261437777815047e+01 -5.202619368454505633e+01
1.722763754681843196e+01 8.680066848382716671e+01 -1.943447852716213475e+01
1.167763169606526752e+01 3.831248904497195440e+01 2.940853128677759543e+01
-4.964361114501953409e+01 8.199675445556640341e+01 -4.494283828735351705e+01
-3.881220899309430905e+01 -1.866672079903738890e+01 1.948792466663179113e+01
-3.505266063067377758e+00 -6.218847031496008704e+00 5.623786638220962431e+01
-4.985097274780273580e+01 5.612819671630859375e+01 -3.273072128295898153e+01
5.454501225398136910e+01 8.508164567213792395e+01 -2.791052715594952005e+01
-4.988706054687499858e+01 7.484710388183593466e+01 -5.307951965332031108e+01
-5.737386016845702841e+01 5.963479549701397531e+01 -4.884050821157602229e+01
3.317164728592852896e+01 -2.418945016666334524e+01 1.116845627220309467e+01
-5.206284346403899121e+01 7.649975981535735059e+01 -5.203826438056098169e+01
-5.990092639923095419e+01 6.199378051757812358e+01 -5.142181186676025106e+01
1.018276119232177734e+01 7.911284637451171875e+01 -2.641466522216796875e+01
1.327545928955078125e+01 8.779450035095214844e+01 -2.933841466903686523e+01
1.456269583982579796e+01 3.808375609154794716e+01 2.633866796306535463e+01
-5.232553049723307481e+01 7.297483673095703693e+01 -5.165370407104492045e+01
-4.241020653464577350e+01 -5.337291006608442956e+01 -6.974214239553972128e+00
-3.140165654095736336e+00 5.977829215309836997e+01 -4.553667637218128306e+01
-3.019698536396026611e+01 6.286319541931152344e+01 1.117873056729634662e+01
3.977121734619140625e+01 6.796356964111328125e+01 -1.429737281799316406e+01
-6.248522258530824214e-01 8.567666547726362580e+01 -1.556378550407213979e+01
-2.533767700195312500e+01 -1.091913970311482807e+01 1.614140860239664832e+01
-4.507001174926757869e+01 6.809168609619140966e+01 -2.843830078124999972e+01
-5.377186864217122064e+01 7.647977956136067235e+01 -5.125595347086588305e+01
5.125694274902343750e+01 8.468996320452008320e+01 -3.652065622238885823e+01
3.331842934213033658e+01 -2.108852707467428189e+01 1.131841882845250602e+01
2.467040985822677612e+00 5.626215145804665241e+01 -4.300959196957674635e+01
3.457651376724243164e+00 4.600501918792724609e+01 3.711447143554687500e+01
-4.825878620147705078e+00 4.459299087524414062e+01 -1.425253597895304303e+01
-5.954049631953239441e+00 -6.432487040758132935e+00 5.572204959392547607e+01
-3.951803312910364241e+01 -4.318603288366439585e+01 8.207008828508092435e+00
-2.407586649301889636e+01 7.408085034344647113e+01 -8.707051266085457097e-01
-5.437386339361017207e+01 7.637434109774503099e+01 -4.938984628157182044e+01
-5.444254895474048084e+01 6.881632167734998973e+01 -4.587850708657122567e+01
-3.353544145949343402e+01 -5.343731567707467889e+01 8.152265832779255206e+00
3.547950573356784076e+01 -5.381747903629224794e+01 1.116827127884845261e+01
-3.359205195588885573e+01 -4.229754545103828889e+01 8.075106953674891841e+00
2.268332746293809521e+01 7.130716154310438526e+01 5.341748562124040700e-02
2.950316182772318641e+01 -5.360238774617513258e+01 8.160312036673227354e+00
-3.346216752794053662e+01 6.263157552083333002e+01 8.103298017713758128e+00
1.764426252116327642e+00 6.160281023771866415e+01 -4.565675436932107800e+01
-5.116413106145085266e+01 -5.348829310649150415e+01 -4.051078267999597138e+00
-5.740004140680486699e+01 5.922918756658380346e+01 -4.587332382202148295e+01
1.752505119810713197e+01 -5.312511468440928297e+01 1.720179902746322398e+01
-1.478267489160810122e+01 8.686220932006835938e+01 -1.960949761526925172e+01
1.488281191312349705e+01 8.950255389091296365e+01 -2.499656403370392610e+01
-5.970413786365139686e+01 6.823906092489919217e+01 -4.870338686050907029e+01
-4.651425387064615791e+01 6.579090652465819744e+01 -3.020834522247314524e+01
-1.554687388737996478e+01 1.476431069771448712e+01 2.650963747501373291e+01
-1.868518577303205319e+01 4.123023980004446543e+01 2.929954065595354251e+01
-1.909876865148544312e+01 7.222318887710571289e+01 -7.126327067613601685e+00
-4.961436176300048828e+01 7.352379226684570312e+01 -2.978116130828857422e+01
-4.787169378775137574e+01 -5.119808804547345460e+01 1.331512758466932489e+01
6.136933151245116846e+01 7.456139892578124773e+01 -3.929098770141601449e+01
-6.205746650695800781e+01 6.560507583618164062e+01 -3.514138793945312500e+01
-4.504611929869040665e+01 -5.141681690705128460e+01 -1.275714669663172485e+00
5.405679930340159700e+00 6.201645183563232422e+01 -3.979308249733664837e+01
2.947957583836146611e+01 -5.320582308088030032e+01 1.417269965580531554e+01
-5.928809432983398153e+01 6.676289672851562784e+01 -5.071552352905273153e+01
-2.065514028072357178e-02 6.150576243681066302e+01 -4.815377987132352899e+01
-4.906723041069216862e+01 8.364002432474275395e+01 -4.507952397044112303e+01
-3.825300931930541992e+00 -1.665732940038045173e+00 5.190869522094726562e+01
2.947773559888203820e+01 -5.333652178446451586e+01 1.120048612356185913e+01
4.757803493997325006e+01 5.119717108685037488e+01 -1.881251658564028517e+01
1.313375409444173236e+01 8.252421569824218750e+01 1.736971577008565193e+00
5.951946418229923808e+01 7.232210966598155721e+01 -3.978658285806345418e+01
-2.980058193206787109e+01 6.583068593343098485e+01 1.119655354817708393e+01
-5.609465662638346117e+01 6.388981056213378906e+01 -4.671947860717773438e+01
-5.455792916037819396e+01 7.450570664839311519e+01 -3.089006097966974451e+01
-6.385933926292494123e-01 -1.990157424234876571e-01 2.971081236297009198e+01
1.534501098632812521e+01 -1.220724058151245117e+01 1.114693822860717809e+01
-4.077095158894857008e+01 6.782063802083332860e+01 -2.380579757690429688e+01
-6.050222354465060448e+01 5.974707956667299413e+01 -4.887072358308014941e+01
1.126350325629824667e+01 5.687439491635277022e+01 -1.211334296635219054e+01
3.246476865851360571e+01 -5.359973683564559366e+01 1.422542010182919725e+01
-5.718588613291255740e+01 6.297266963270843831e+01 -4.894108168805232140e+01
1.802786380686658418e+01 -5.123589227554646186e+01 1.117095009824062934e+01
-3.396337809770003435e+00 -5.824493584425552761e+00 4.419084548950195312e+01
-5.748838195800781392e+01 6.508876705169677734e+01 -4.915188426971435831e+01
-6.001891917274112132e+01 6.597444461640857583e+01 -4.848385265895298346e+01
-5.559186706542968892e+01 6.632020772298177747e+01 -4.866153628031413092e+01
-5.573484215369591510e+01 6.070960910503681163e+01 -4.553909976665790538e+01
-1.272705710851229188e+00 -3.704478887411264409e+00 5.283085646996131146e+01
-5.549029176885431269e+01 6.869515679099343686e+01 -4.875132803483442956e+01
-5.749645952078012101e+01 6.986341461768516581e+01 -4.890347055288461320e+01
-1.315366049735776777e+01 -3.023959182923840139e+00 1.170527295143373614e+01
1.815163071950276574e+01 6.371867752075195312e+01 -1.154587856928507428e+01
-5.466728769029889889e+01 7.596351569039481433e+01 -4.834302084786551035e+01
-5.271057256062825758e+01 7.631667327880859375e+01 -5.000708516438802320e+01
-3.633649454361353293e+01 -5.312768672062800590e+01 1.995964250809107199e+01
1.213017734614285636e+00 -1.104717694900252623e+00 4.344928706776011751e+01
1.747025369138133755e+01 -5.294120119055923368e+01 2.017959839957100954e+01
-3.569508109092712544e+00 -5.849404087066650604e+00 4.123385063171386378e+01
2.548891117261803529e+01 -5.098413699606190619e+01 2.543908384571904691e+01
1.432274386996314597e+01 5.374060803367977712e+01 -1.190481817154657307e+01
-6.137909219431322327e+01 6.579446783731150106e+01 -4.584973996184592693e+01
2.226724853515624858e+01 9.531655273437499432e+01 -2.560030612945556783e+01
-2.127444227686468281e+01 9.566186249930903784e+01 -3.033183029462706415e+01
1.548254716396331832e+00 6.145119552612304403e+01 -4.811389579772949077e+01
-6.705659029618749045e+00 6.165078621990275565e+00 2.023115964205759809e+01
1.303483676910400391e+01 8.254340362548828125e+01 -4.266481876373291016e+00
-5.582358860969543812e+00 5.509374082554131524e-01 3.262572708129882670e+01
5.411524824194006378e+00 8.019345154633393236e+01 -2.441270488017314122e+01
-1.851728057861328214e+00 -8.370253944396973012e+00 5.516771545410156108e+01
-4.847538819604990579e+01 7.209386833346620449e+01 -3.092523243962502022e+01
-2.301648995624138716e-01 6.178576004810822297e+01 -4.574099193475185388e+01
3.784384346008300781e+01 -5.337204532623290731e+01 1.061700568199157679e+01
2.090602747599283973e+01 -5.332883210615678138e+01 5.343533147465098665e+00
-3.998288983714823530e+01 -3.237735845604721163e+00 1.116303953832509599e+01
3.312010566048000015e+01 -2.117835389012875780e+01 8.083004194757211991e+00
1.969992879720834722e+01 4.185401476346529392e+01 2.550872890765850443e+01
8.362900990706224391e+00 3.920407603337214653e+01 3.155901752374111169e+01
3.457247783826745291e+01 -3.176784162936003408e+00 1.113576602935791016e+01
-3.107413341153052500e+01 -5.339430224510930856e+01 8.293741164668913868e+00
2.137607272466023645e+01 -5.136244058609008789e+01 3.005458140373229980e+01
1.029528550843934731e+01 6.644888614963841178e+01 -1.617981781830658861e+01
-4.946738257774939740e+01 -5.162445039015550208e+01 1.157892214946257781e+01
4.472588451488597627e+01 5.410614859091268869e+01 -2.118443174619932279e+01
-5.585614547729492330e+01 6.242191696166992188e+01 -4.761605911254882528e+01
5.925351342095269302e+01 7.473969845241970233e+01 -4.227474984063042740e+01
-3.324699189927842724e+01 -5.718296898735894196e+00 -2.417445752355787292e+00
1.053962465774181290e+01 7.788582007829532472e+01 -2.472861174649970550e+01
-3.663561104668511348e+01 -5.290717697143554688e+01 1.721613650851779553e+01
9.316159645716348692e+00 3.658392906188964844e+01 3.016275485356648645e+01
-4.971037743308327350e+01 8.159142754294656186e+01 -4.314543099836869544e+01
-5.559331938277843221e+01 6.267344328414561971e+01 -4.573764401812886149e+01
-5.468530810609155424e+01 6.582049171292051426e+01 -4.578222632894710387e+01
-5.844417285919189453e+01 6.996995162963867188e+01 -4.709824752807617188e+01
1.505446370442708393e+01 -5.313030285305447364e+01 2.042964695118091711e+01
-8.758511613916468264e+00 6.569243593569154882e+01 -2.986610144155996949e+01
-1.962254370583428198e+01 3.283933077918158716e+01 2.041525443394978723e+01
-4.762141661210493737e+01 6.852037152377042162e+01 -3.160496607693758975e+01
-5.528368924458821709e+01 6.039675559997558452e+01 -4.272783851623535156e+01
5.914917179029814776e+01 7.165479761240433731e+01 -1.884510063638492383e+01
-1.827646045195750801e+01 6.567029551970652790e+01 -1.492040675725692367e+01
1.154522963493100995e+01 6.762469679309475623e+01 -1.333942247206164922e+01
5.659770758110180111e+01 7.487934487326103294e+01 -3.678407642297577240e+01
3.250882457165008077e+01 -5.381297586319294624e+01 1.121488569137897962e+01
7.987070237436602049e+00 8.639721630465599844e+01 -6.438473486131237600e+00
5.914993901686234778e+01 8.048933306607332838e+01 -3.390156589854847624e+01
4.757514863447709530e+01 4.990810803500088610e+01 -9.708832376653498741e+00
-5.896791358788807891e+00 -8.804218769073486328e+00 5.390776920318603516e+01
-4.055763673782348633e+01 6.791371027628581203e+01 -2.179442286491394043e+01
2.647488594055175781e+01 -5.321316730732820588e+01 2.017470597247688247e+01
-8.184254288673400879e+00 6.178242635726928711e+01 -3.605262565612792969e+01
1.747266905648367796e+01 -5.303593799046107904e+01 3.110620253426688109e+01
-2.110007493039394788e+01 9.322719411647065613e+01 -2.758619990247361287e+01
2.901239097118377686e+00 5.327584139506021899e+01 -1.391803586483001709e+01
6.173482787303435515e+01 7.457263457469450429e+01 -3.691088671561999490e+01
2.937707888561746472e+01 -5.348547504259192209e+01 2.006936463065769516e+01
-2.243243201573689660e+01 -3.622604958216349047e+01 1.419863241910934448e+01
1.558285858517601419e+01 7.805339013962517924e+01 -4.351983751569475700e+00
-4.846995826721191492e+01 -5.344342987060547046e+01 1.115576076507568359e+01
4.399323329329490662e+00 5.421324455738067627e+01 -3.065114992856979370e+01
2.237879657745361328e+01 3.984977313450404779e+01 1.999237455640520267e+01
4.691910096577236011e+00 5.468611471993582285e+01 -3.920416968209402597e+01
-5.530772066116332653e+00 6.818773913383483709e+00 2.344127130508422852e+01
1.335679731870952480e+01 8.767338401392886738e+01 -2.795986627277575209e+01
5.898156893880743823e+00 3.288076089557848292e+01 -7.524307075299714320e+00
2.047439680708215448e+01 -5.315799347897793581e+01 2.617960755368496351e+01
-2.033232212066650391e+01 7.043217849731445312e+01 -8.769071578979492188e+00
5.539412803649902628e+01 8.560498886108398153e+01 -3.123914241790771484e+01
-1.718866705894470215e+00 -8.223111947377523379e+00 5.416618347167968750e+01
-1.073282305399576764e+01 8.297221374511718750e+01 -2.307862472534179688e+01
-5.418539736039784671e-01 5.630367084425322588e+01 -4.309809844347895336e+01
-4.505526979764302276e+00 6.086740684509277344e+01 -4.386068852742513258e+01
5.139189425969527747e+01 8.402326292910818495e+01 -3.084010631755246834e+01
-1.649306447165352907e+01 9.182127489362444805e+01 -2.827173709869384766e+01
-2.954477672223691620e+00 5.181224921897605640e+01 -3.074139029891402686e+01
5.039096421461839270e+01 5.678037320650540920e+01 -2.456640155498797995e+01
-5.328232574462890625e+01 8.229161071777343750e+01 -4.114484405517578125e+01
5.499809440813566930e+00 5.653042060450503925e+01 -3.677314684683816637e+01
-5.469100713729858398e+00 -4.345840573310852051e+00 5.508590888977050781e+01
2.047185893934600287e+01 -5.286714499337332285e+01 2.017615372794015016e+01
2.718057844979422555e+01 -5.137134611947195850e+01 2.142099628278187229e+00
3.133531782362196338e+01 -4.659959114922417456e+01 5.167517238193088502e+00
-5.697310349747941416e+01 7.716564714586412776e+01 -4.264113864383182317e+01
-5.468135839892971717e+01 7.766882434968024995e+01 -4.323543431681971327e+01
-5.057241168551974653e+01 8.051622890896267393e+01 -4.238908979627821338e+01
-5.328232574462890625e+01 8.125694427490233807e+01 -4.431750259399414205e+01
-2.571285295486450195e+01 6.972352886199951172e+01 -1.748301848769187927e+00
-4.940679147508409130e+01 8.314312871297200047e+01 -4.366019948323567945e+01
8.184137645520662474e+00 7.701485362805817658e+01 -2.674100213301809248e+01
-5.164432059393988794e+01 8.337593688964844318e+01 -4.286683332655164946e+01
-2.111090694774280863e+01 3.583990187211470158e+01 8.144539651003750436e+00
2.423491443287242575e+01 -4.888706016540527344e+01 -3.214959888295693680e-01
1.902976799011230469e+01 2.872672176361083984e+01 1.245742797851562500e+01
4.149775959361683420e+01 6.888654188676314050e+01 -1.549667691317471530e+01
-3.059972421328226844e+01 -5.339832178751627367e+01 2.326786418755849084e+01
-6.833310784233940893e+00 8.596183893415663135e+00 2.632540609571668710e+01
6.351051807403564453e+00 4.723217912153764075e+01 3.650356258045543001e+01
-2.476484638214111200e+01 7.492317916870116790e+01 1.119244050979614258e+01
1.449825689527723505e+01 8.990383667416043068e+01 -2.804016404681735608e+01
1.158276357253392597e+01 7.785728375116984523e+01 -1.582227228085199933e+01
-5.069154152503380573e+01 7.289666865422175590e+01 -3.134080226604755026e+01
1.776853252410888828e+01 -4.524243530273437841e+01 1.433450929641723626e+01
-5.143320218599759386e+01 5.678606502826396962e+01 -3.386592389620267340e+01
2.057116145472372892e+01 9.586065919937625779e+01 -2.490647577470348750e+01
-5.864255714416503906e+01 5.822140502929687500e+01 -4.178807067871093750e+01
5.764102172851562500e+01 7.531065890663548146e+01 -4.231984028063322256e+01
-1.606961817490427080e+01 9.512843884919819004e+01 -3.001195485968338872e+01
5.757306752886091061e+01 7.671976252964564935e+01 -4.248019354684011972e+01
1.174296656250953674e+01 8.664531958103179932e+01 -2.794381982088088989e+01
5.187307230631510180e+01 8.131881713867187500e+01 -4.299434661865234375e+01
5.375027423209332689e+00 3.567168832332529860e+01 -9.736251526690544722e+00
-3.445544065747942142e+00 -9.373670659746442979e+00 5.651325345720563575e+01
1.918794250488281250e+01 6.496185811360676610e+01 -1.154808553059895893e+01
1.236565960778130346e+01 5.642472796969943261e+01 -1.103019110361734967e+01
5.363770518583410052e+01 8.247591400146484375e+01 -4.218651872522690383e+01
5.878309926986694478e+01 8.061550292968749432e+01 -3.679384813308715962e+01
-1.213843286037445068e+01 8.725489211082458496e+01 -3.021530026197433472e+01
1.092003674409827418e+01 8.379582821592993014e+01 -2.479604440805863419e+01
1.728421182632446218e+01 6.255018186569213867e+01 -1.028570561408996653e+01
2.504626735397007309e+00 5.464098499132239084e+01 -3.984242422684378937e+01
1.831462796529133996e+01 7.547806708017985500e+01 -5.217564039242764684e-01
6.077834077314896888e+01 7.584942002729935950e+01 -3.401086633855646113e+01
-6.125014079700816794e+00 -9.281563065268777279e+00 5.628733395663174832e+01
2.347428010434520473e+01 -5.298989066299127160e+01 2.017368955028300448e+01
-6.142514693431365203e+01 5.968403586363181290e+01 -2.803119336641751858e+01
1.884382438659667969e+01 -5.296313476562500000e+01 9.026881853739419981e+00
5.572865875244140454e+01 8.072843566894530909e+01 -4.187624588012695170e+01
2.407293027639389038e+01 -5.137709569931030273e+01 2.686619597673416138e+01
2.862781047821044922e+00 5.502110163370767992e+01 -4.174408976236978930e+01
3.268657832243004435e+01 -2.423089113040846243e+01 1.417008843713877120e+01
-1.552851823965708356e+01 9.611190986633300781e+01 -2.784650858243306359e+01
3.152799500359429175e+01 -5.335732311672634864e+01 1.922279569837782276e+01
3.290453808395950830e+01 -1.832524144207989636e+01 2.174943077343481690e+00
1.827824075760380040e+01 4.173650950770224455e+01 2.704348416482248751e+01
4.989656815705475879e+01 8.378845299614800979e+01 -2.793494676660608533e+01
-3.865028144573343383e+01 -5.104085225072400078e+01 1.949172631625471297e+01
-2.333867195674351436e+01 7.661711774553570820e+01 1.129349156788417297e+01
5.506016540527343750e+01 8.254340362548828125e+01 -4.157366180419921875e+01
1.614599418640136719e+01 8.200471115112304688e+01 -2.033604431152343750e+01
-5.205115805915061511e-01 5.471423063886926741e+01 -3.982876002534906945e+01
-4.271422024430899356e+00 5.579667571495319578e+01 -4.003092956542968750e+01
-1.033858559681818967e+01 6.275393720773550399e+01 -1.644640541076660156e+01
-6.058602738380432129e+01 5.899555738766988355e+01 -3.986225406328836840e+01
1.382207369804382324e+01 -5.124425760904947680e+01 2.027063278357188025e+01
5.030316111915990263e+01 5.146928054408023456e+01 -1.864371073873419604e+01
3.141392758687337405e+01 -5.121927973429362169e+01 1.921617673238118584e+01
2.605504328789918222e+00 6.353566916092582062e+01 -4.001476719068444510e+01
-1.632593704672420643e+01 3.826053574505974098e+01 2.693722096611471883e+01
-1.112147883006504578e+01 8.475523049490792005e+01 -2.769832897186279297e+01
2.427443207141964976e+01 6.292219818470089621e+01 2.353582289052564036e+01
6.010928775418189218e+01 7.513725625315019840e+01 -4.026889862552766175e+01
5.767179175482856124e+01 7.483247629801432765e+01 -3.977280273437499858e+01
-5.017147572835286695e+01 -4.951558558146158617e+01 -1.693574031194051033e+00
5.923069338117326765e+01 7.673434230259486810e+01 -3.982074061802455134e+01
2.375183062553405833e+00 5.444145645141601619e+01 -3.687421913146972940e+01
-1.486326691508293152e+01 8.145846247673034668e+01 -2.158089208602905273e+01
5.644171365877477342e+01 7.836491040485661586e+01 -3.960180226767935352e+01
-5.656210054670061282e+01 7.957040786743164062e+01 -3.949083083016531504e+01
5.456272074381510606e+01 7.888298695882161837e+01 -3.963488871256510748e+01
1.391140668288521098e+01 5.935519094052521893e+01 -1.155261570474375787e+01
1.930798339843750000e+01 9.408248774210612453e+01 -2.727972062428792199e+01
5.438247789655412845e+01 8.249916131155831067e+01 -4.039827619280134030e+01
5.586475112915039176e+01 8.256866729736327670e+01 -3.965280700683593551e+01
4.023527323404947964e+01 -5.177761027018229356e+01 7.290056959788004498e+00
5.899303787632992169e+01 7.143575045936985646e+01 -1.279776021053916502e+01
-9.507823795742458728e+00 8.983034430609808396e+01 -2.779750463697645557e+01
5.773598480224609375e+01 7.277587127685546875e+01 -3.905848312377929688e+01
2.043659159342447751e+01 -5.337990027533636805e+01 2.912855885823567803e+01
-1.082933139801025391e+01 3.773189735412597656e+01 3.070443248748779297e+01
1.757797939127141618e+01 5.397653805125843718e+01 -1.037056071108037791e+01
4.874924114772251471e+01 8.749746595110211445e+01 -3.926793888636997565e+01
-5.376948054347719941e-01 4.124290602547781681e+00 2.449509784153529424e+01
6.682891368865966797e+00 6.785637474060058594e+01 -3.199576187133789062e+01
1.830909077714129296e+01 -4.840132736578220118e+01 1.137447994511301985e+01
-2.136491436004638800e+01 9.574649597167969262e+01 -2.813025142669677692e+01
-3.484678740197039826e+00 2.386680907391487239e+01 -5.887031687066910379e+00
2.258388434516059107e+01 3.994490114847818774e+01 1.710295825534396741e+01
7.254629373550415039e+00 8.418901578117819895e+01 -2.206974310033461606e+01
5.828082656860351562e+01 8.028346328735351278e+01 -3.869010696411132955e+01
5.249281565348307055e+01 5.189087994893392164e+01 -1.788012727101643762e+01
8.231389501820439492e+00 8.090409618875254694e+01 -2.491773646810780463e+01
3.442356777191162109e+01 -5.132133388519287109e+01 4.975151836872100830e+00
-4.049566199562766400e+01 -4.190017480561227359e+01 1.437766245639685359e+01
4.888161659240722656e+01 8.776068687438964844e+01 -3.025248448053995887e+01
2.503662999471028527e+01 7.053649139404296875e+01 1.445857842763265033e+01
4.897692108154296875e+01 8.747480392456054688e+01 -2.913793182373046875e+01
-3.970296681722005161e+01 -4.198276731703016651e+01 1.100443138546413913e+01
-5.371114349365234375e+01 5.511389541625976562e+01 -3.248050944010416430e+01
2.344956162396599098e+01 5.685702843759574421e+01 -6.897430522769105288e+00
1.769576414700212297e+01 9.518266427928003282e+01 -2.733264423238820129e+01
-9.134115018342670922e+00 4.719479811818976245e+00 7.464870076430471180e+00
-3.928720279269748517e+01 -3.909001651340060590e+01 1.126844308641221737e+01
3.331754958111307019e+01 -5.102025662297787534e+01 7.663661397021749977e+00
4.339856624603271484e+00 5.459791292463030032e+01 -3.802566419328962155e+01
-4.873943178994314707e+01 -4.894631971631731204e+01 -3.201843244688851620e+00
1.417788028717041016e+01 3.577561031688343718e+01 2.600383762879805261e+01
5.785184097290039062e+01 7.310671488444010890e+01 -1.555869388580322266e+01
-3.313588444391886156e+01 1.448699839909871478e+01 1.414305226008097272e+01
3.848420396143076516e+01 4.546156038556780032e+01 -8.356316508535219789e-01
9.209441512823104858e+00 8.391522383689880371e+01 -2.728233051300048828e+01
5.298894670274522412e+01 8.511087290445964015e+01 -2.983718151516384509e+01
5.962189777080829600e+01 7.594975124261317490e+01 -3.695093125563401770e+01
5.905578163994682939e+01 7.778939276801214930e+01 -3.656088214450412011e+01
-5.766001222718436736e+01 7.796897226009728854e+01 -3.671053199048311910e+01
5.643227968215942525e+01 7.722891578674315838e+01 -3.726673822402953817e+01
5.460136166740866059e+01 7.815546933342429270e+01 -3.642495626561782274e+01
3.422199293283316024e+01 -1.505594128828782274e+01 2.829349325253413205e+00
-5.020842615763346117e+01 6.880788675944010890e+01 -3.513513946533203125e+01
5.434805390641496103e+01 8.070169789082295608e+01 -3.719396292196737619e+01
-5.642699813842773438e+01 7.961481730143229640e+01 -3.800163650512695312e+01
5.651499070061577612e+01 8.193262418111164891e+01 -3.654322232140435034e+01
5.639616335355318455e+01 8.237307269756610140e+01 -3.761533942589392865e+01
5.325120814930308910e+01 8.685626678466796591e+01 -3.678207536177201575e+01
5.088863956227022101e+01 8.844291238223804896e+01 -3.751651202931123663e+01
4.034777622838173983e+01 6.621946987029045317e+01 -9.521506770964592192e+00
2.091457631852891552e+01 -4.306322309705946338e+01 1.215425904591878314e+01
-1.599667366813210911e+01 8.997478529986213402e+01 -2.086572753681856085e+01
-3.184141731262207031e+01 -5.253432083129882812e+01 2.475695800781250000e+01
5.339691387078701013e+01 8.424480301294570950e+01 -3.624945244422325885e+01
-2.052048912048339702e+01 2.679361790248325903e+01 8.587756034306117670e+00
7.121962479182651684e+00 8.244434465680804180e+01 -9.841116905212402344e+00
3.918348072850427144e+01 -5.091750273593636678e+01 8.280645437018815613e+00
-9.984173195702689796e+00 6.161607197352817700e+00 2.241893611635480710e+01
4.883941432407924310e+01 6.575823429652622565e+01 -2.348562485831124391e+01
-5.176091194152832031e+00 -4.871848583221435547e+00 4.521007410685221117e+01
-1.557245645336076301e+01 6.577489621031517686e+01 -1.582764442294251772e+01
7.333066892623901545e+00 5.808224105834960938e+01 -3.424086914062500142e+01
-7.378598594665527699e+00 5.897629814147948935e+01 -3.376916885375976562e+01
6.120540618896484375e+01 7.113683624267578409e+01 -2.308048744201660085e+01
-1.989566245445838177e+01 3.472331677950345608e+01 5.068560013404259657e+00
5.150654816045993556e+01 8.411681105450885809e+01 -3.370648760911895181e+01
2.107691760592990349e+01 4.180194914076063384e+01 2.323751178317599653e+01
-8.462396178926740120e+00 6.220923260280063971e+01 -3.370178304399762936e+01
-2.215565335123162427e+01 4.457917243555972675e+01 2.651859735187731459e+01
2.024346919854481897e+01 6.575168164571125828e+01 -9.839185456434885069e+00
-3.355177601178487379e+01 -5.365582712491353590e+01 5.170291423797607422e+00
-3.697278131609377461e+00 6.344530862310658215e+00 1.412608909606933594e+01
-5.012989730834961222e+01 7.199447021484374432e+01 -3.352299880981445312e+01
-4.962519820531209547e+01 7.174394114812214696e+01 -3.375052261352539062e+01
8.343860467274984316e+00 3.564881666501363355e+01 3.189212695757548133e+01
-4.978385119967990136e+01 7.365445624457464646e+01 -3.402593612670898438e+01
5.364183821768131111e+01 8.077018694607716043e+01 -3.386388973020157778e+01
5.649062308486627160e+01 8.143242162587691269e+01 -3.391805376325334720e+01
5.340456970878269516e+01 8.285256460438604620e+01 -3.467706249071203928e+01
5.583504185778029694e+01 8.381896615535654860e+01 -3.378949607686793399e+01
1.947938346862792969e+01 6.777796109517414891e+01 -9.197889010111490293e+00
5.106025793197306939e+01 8.655006993070561805e+01 -3.377728385113655207e+01
-1.052842877127907428e+01 8.920957461270418776e+01 -2.978164724870161706e+01
-4.916218036154042181e+01 6.888829106869904706e+01 -3.359380489846934381e+01
5.537815984090169508e+01 8.580957234700521497e+01 -3.367268269856770502e+01
-2.918236637115478516e+01 6.774916839599609375e+01 1.377454638481140137e+01
5.911181326473460729e+01 6.664613432042739305e+01 -3.054978409935446493e+01
-1.766229883829752723e+01 9.253760613335504104e+01 -2.276429006788465870e+01
-5.971681925985548034e+00 -3.493737273746066574e+00 5.299034828609890724e+01
-2.043929874897003174e+01 9.055669021606445312e+01 -2.546466851234436035e+01
-1.040025687217712402e+01 8.500909996032714844e+01 -2.941826581954956055e+01
-1.200569093227386475e+01 8.681597932179768407e+01 -2.787826434771220008e+01
2.052503017945723229e+01 -5.339868138053200397e+01 8.149754047393798828e+00
-3.336166093156144541e+01 -5.325041404930320965e+01 2.289447526674013034e+01
3.751449712117513258e+01 -4.922136094835069287e+01 1.038221253289116675e+01
-3.605377101898193359e+01 4.870348620414733887e+01 7.304634630680084229e+00
-3.934573682149251539e+01 -4.361819076538085938e+01 6.461262861887614228e+00
-5.790715026855468572e+00 6.573275299072265909e+01 -3.264759807586669638e+01
5.448463747898737886e+00 6.883150672912597656e+01 -3.334759465853372973e+01
2.119982679959001359e+01 5.381258352871599016e+01 -7.601575259504647519e+00
7.425889730453491211e+00 6.959309005737304688e+01 -3.297497406005859233e+01
1.570731902122497559e+01 -5.299959564208984375e+01 1.781551504135131836e+01
9.565634886423746153e+00 8.044726392957899463e+01 -2.299382442898220447e+01
-4.180375839233398239e+01 -5.317446166992187528e+01 -3.889100227355957173e+00
-7.092223957180976424e-01 5.204487457275390483e+01 -3.255240058898925781e+01
-5.027759000990126026e+01 -4.939432695176866162e+01 -3.231745084126790513e+00
5.692780550788430816e+00 7.089084535486557570e+01 -3.280121881821576579e+01
-3.765360641479492188e+01 -4.031300163269042969e+01 1.006845164299011230e+01
-4.193023586273193359e+01 6.484598731994628906e+01 -2.293667523066202918e+01
4.987827461644222637e+01 8.911876758776213592e+01 -3.288274664627878252e+01
1.744989780351227537e+01 6.586283021814682570e+01 -1.239679802165311884e+01
4.878200073242187784e+01 8.952013244628906818e+01 -3.271421051025390625e+01
2.346494358062744112e+01 -5.321071838378906449e+01 2.320921169281005803e+01
-3.754739570617675781e+01 -4.921533139546712476e+01 -2.837084968884786118e+00
4.062675724029541158e+01 6.561511955261229900e+01 -1.354193100929260218e+01
-2.840002632141113281e+01 -4.658190027872721117e+01 2.488149515787760535e+01
2.547437629699707173e+01 -5.314828948974609091e+01 2.506467933654785085e+01
1.376345263208661684e+01 9.358170754568917005e+01 -2.495695727212088499e+01
-7.535042540232340436e+00 6.337239100138346259e+01 -3.116767260233561032e+01
2.677048542625025718e+01 -4.946382000571802706e+01 -2.957163622504786371e+00
3.417720540364583570e+01 -2.208815924326578894e+01 1.009892940521240234e+01
1.461600437164306676e+01 5.682182668050130303e+01 -1.068115768432617152e+01
8.165977094484413001e+00 7.166029755965523407e+01 -3.069171237945556641e+01
-8.498719351632255226e+00 7.179472220284598905e+01 -3.056816041128976025e+01
-9.547693293145362858e+00 3.575331919243995316e+01 3.225652836738748874e+01
2.155544397907872423e+01 4.449757606752456951e+01 2.368439668224703709e+01
5.686708891625497841e+01 8.387797501507927223e+01 -3.077876704346899928e+01
5.042652292604799413e+01 8.949101525765878762e+01 -3.081397406260172644e+01
2.339550413404192142e+01 -5.341540282113211191e+01 2.607525180634998208e+01
-5.652324525933516419e+00 3.268764495849609375e+01 -8.520618187753777661e+00
-3.637604991594950210e+00 8.787628377278646497e+01 2.065915482838948591e+01
4.056653917752779392e+01 4.598762013362004097e+01 -3.276899319428664192e+00
-4.579193138353752346e+01 7.122975389885179709e+01 -3.043029322768702727e+01
7.652618620130750671e+00 6.585194707799840330e+01 -3.023610609549063355e+01
-1.871168031879499694e+01 9.564227010689529607e+01 -3.056378809611002723e+01
3.223032716604379289e+01 -5.336392759665464780e+01 8.352842171986898379e+00
3.560060258345170325e+01 -5.345589111790512504e+01 8.609788923552542883e+00
4.040779075622558736e+01 -5.340653114318847372e+01 7.301568794250488104e+00
-5.076085483326631476e+01 -5.288264532650218541e+01 7.689978599548339844e+00
-4.854498989024060762e+01 -5.321930045269905207e+01 8.172389121765785802e+00
-3.622123097380002488e+00 5.355444471041361254e+01 -2.782668395837147912e+01
-1.560986531222308038e+01 9.273103558575665772e+01 -3.052681597956904724e+01
2.661323125021798219e+01 -2.709631116049630251e+01 2.717253467014857549e+01
1.308538951873779332e+01 -2.291552238464355540e+01 1.460151710510253942e+01
-1.263809589385986243e+01 8.971446777343750512e+01 -3.035242038726806513e+01
-1.312446471623012023e+01 9.225902303059895360e+01 -2.993567920866466636e+01
-4.379107208251953409e+01 6.976461791992187500e+01 -2.969765701293945170e+01
3.802930581980738367e+01 -4.913344731824151523e+01 8.375066822972790703e+00
-1.034562146663665771e+01 8.686731370290119969e+01 -2.981371895472208777e+01
-4.230621247064499357e+01 -4.934258669898623850e+01 1.966147408598945337e-02
1.708209350374009716e+01 8.973684692382812500e+01 -1.965389235814412316e+01
-7.764149347941081025e+00 6.160725784301757812e+01 -2.903543726603190223e+01
-1.026701231797536273e+01 6.596125984191894531e+01 -2.867079798380533973e+01
-2.064430685838063440e+01 2.981902845700581750e+01 1.418132287263870239e+01
-4.316100630649300740e+01 6.883020392129587606e+01 -2.763542250699775238e+01
-4.361870225270589430e+01 7.060995101928710938e+01 -2.752986478805541992e+01
8.807450193625230739e+00 7.197567939758300781e+01 -2.786581189815814596e+01
-5.362537994384765483e+01 -4.946253585815429688e+01 3.381529474258422763e+00
-4.768741842416616805e+01 7.303691394512469515e+01 -2.838244746281550590e+01
-4.985177993774414062e+01 -5.296313476562500000e+01 -5.490790843963623047e+00
-5.158118422826131422e+01 7.409305572509765625e+01 -2.782467746734619141e+01
4.177124777707186354e+01 5.401706123352050781e+01 -1.854847643592140827e+01
6.178669113808489755e+01 6.887471365421376390e+01 -2.489759729263630206e+01
1.119558701998945516e+01 8.385321907375170269e+01 -2.805451376541801167e+01
5.934975944375091927e+01 7.187420596716539478e+01 -1.590764821250483685e+01
-9.714694491299715295e+00 8.365301250110972830e+01 -2.774213919206098922e+01
-1.883237761921352771e+01 8.985193951924641453e+01 -2.487936947080824268e+01
4.974613444010416430e+01 8.697380235460069287e+01 -2.768211813326235315e+01
5.314790344238281250e+01 8.663750040306234723e+01 -2.793353991238576128e+01
2.034650754928588867e+01 9.540790040152413098e+01 -2.737627172470092773e+01
-1.525785673232305584e+01 6.484123048328217465e+01 -1.366356386457170835e+01
3.563187613854041302e+01 -4.899639643155611424e+01 8.853522502459012955e+00
-1.425987720489501953e+01 8.225117492675781250e+01 -2.013275337219238281e+01
-1.345525879859924245e+01 8.885083045959473225e+01 -2.793726768493652202e+01
3.181364871837474517e+00 8.701207959210431397e+01 -7.815133606946027101e+00
5.220693206787109375e+01 8.837183761596679688e+01 -2.892352485656738281e+01
-1.513848596005826330e+01 9.038236525252058584e+01 -2.762287474967337886e+01
1.729241774422781930e+01 9.295587234497070028e+01 -2.805427957262311622e+01
-1.868619596041165920e+01 9.263654166001539636e+01 -2.783920849286592869e+01
2.948027820976412983e+01 -5.323751356163803194e+01 1.717442771366664189e+01
3.243582808971405029e+01 -5.359420768419901293e+01 1.714871637026469031e+01
1.618621444702148438e+01 9.110492324829101562e+01 -2.849470710754394531e+01
-1.330638223535874332e+01 9.496521355124080799e+01 -2.739159718681784383e+01
-3.941899144372274577e+01 -5.324005064853402303e+01 1.703628662020661011e+01
1.763498803547450322e+01 8.685725757053920404e+01 -2.138713581221444215e+01
-3.004137253761291504e+01 -5.311974525451660156e+01 2.509284329414367676e+01
-8.399361610412597656e+00 3.436958058675130445e+01 -7.982906977335612275e+00
5.399792655821769038e+00 7.714097865935295317e+01 -2.728866761730563084e+01
1.077136137750413702e+01 8.120269033643934620e+01 -2.733698601192898181e+01
3.454180908203125000e+01 -5.329441642761230469e+01 1.651190511385599891e+01
9.453128360566639188e+00 8.101190403529575690e+01 -2.684304028465634318e+01
2.047439520699637328e+01 -5.286473924286511306e+01 1.717256189852344761e+01
1.094158244132995605e+01 6.592123304094586445e+01 -1.258290551389966616e+01
-9.478114318847655539e+00 8.140440002441405909e+01 -2.664859878540039162e+01
-7.681735481534685661e+00 8.412550027029854505e+01 -2.667662388937813844e+01
5.557103510560660098e+00 3.585181801894615461e+01 3.237538650118071359e+01
5.322758221626281738e+01 6.023717594146728516e+01 -2.681105470657348633e+01
4.120591314633687574e+01 6.911335595448811375e+01 -1.269980446497599225e+01
9.977779388427734375e+00 7.911284637451171875e+01 -2.292007064819335938e+01
-4.538391941615513048e+01 -5.339296155657086729e+01 1.378578447614397362e+01
-3.184141731262207031e+01 6.425237274169921875e+01 6.453974246978759766e+00
4.897605705261230469e+01 6.045927047729492188e+01 -2.656502342224121094e+01
-5.988017372968720053e+00 -9.343432035388016255e-02 3.535255348391649477e+01
1.875912284851074219e+01 5.574225425720214844e+01 3.071939659118652344e+01
-9.781782197170569404e+00 8.069087857105692763e+01 -2.505193485197473890e+01
1.940235137939453125e+01 6.346099281311035156e+01 -1.137728929519653320e+01
-1.826218032836914062e+01 9.116033172607421875e+01 -2.637192598978678504e+01
2.218966674804687500e+01 9.583676910400390625e+01 -2.657198143005371094e+01
4.980438113212585449e+01 5.962975335121154785e+01 -2.545881688594818115e+01
4.981244863465774841e+01 6.288370105832122192e+01 -2.507721080336459707e+01
-1.183583831787109375e+01 6.366633274244225760e+01 -2.481131935119628906e+01
-4.212944850515812334e+01 6.896097678326546543e+01 -2.496900477307908162e+01
9.576529026031494141e+00 6.901644951956612317e+01 -2.587504850115094968e+01
9.480568775763877909e+00 7.450030811016375765e+01 -2.535107700641338724e+01
8.518440668923513925e+00 7.816569453648158117e+01 -2.573474949428013403e+01
-4.265816249544658234e+01 -5.130627520122225604e+01 -6.791773478190104463e+00
-6.588566570281982671e+00 8.090088882446289631e+01 -2.544898357391357280e+01
4.857823562622070312e+01 8.309599385942730976e+01 -2.456887245178222656e+01
7.928839985205202723e+00 8.383124791359415440e+01 -2.484388020573830147e+01
-1.134665539390162436e+01 8.474993133544921875e+01 -2.456519036543996748e+01
5.469667920199307787e+01 8.492688057639382748e+01 -2.461932997270064050e+01
8.437091096918633681e+00 8.682418595983627085e+01 -2.488189961047882903e+01
5.832616806030273438e+01 7.468835182189941690e+01 -1.946087789535522461e+01
2.398945347468058387e+01 -5.124698662757873535e+01 -6.499629829389353963e-01
1.777269477844238210e+01 9.216598663330077557e+01 -2.517256578717912774e+01
-2.053222439505837116e+01 9.289037912542170261e+01 -2.570570416883988685e+01
2.051347930476350712e+01 9.311734642172758925e+01 -2.437726017214217222e+01
-4.789320161607530224e+01 -5.319885268034758496e+01 1.929674486319224114e+00
-1.836286843906749411e+01 9.562387986616654700e+01 -2.501321073011918372e+01
2.247972329457600793e+01 -5.326665051778157789e+01 2.818075815836588660e+01
2.259922553753030883e+01 -5.114388511920797242e+01 2.860137919721932320e+01
-1.462768274545669556e+01 8.951169681549072266e+01 -1.986160886287689209e+01
1.277827846302705694e+01 -5.094458613676183489e+01 2.828969293482163394e+01
4.777669061933244876e+01 5.683827136811756020e+01 -2.412227871304466476e+01
1.050833297911144371e+01 7.525105975923084145e+01 -2.417143158685593463e+01
-2.018450321469988040e+01 2.964348506927490234e+01 8.785369873046875000e+00
-1.559712663510950570e+01 8.704835249737995184e+01 -2.380221743699981118e+01
1.700683479309082102e+01 9.059078369140624432e+01 -2.393033037185669087e+01
-4.116470708847045579e+00 3.919606643676758040e+01 -1.206626903533935469e+01
-4.066506067911783617e+01 6.662948523627386521e+01 -2.388801129659016809e+01
-3.921975731849670410e+00 -8.636687866905156108e-01 3.209761271757238177e+01
-1.088758235176404271e-01 -1.564806858698527092e+00 3.093455251057942590e+01
-5.942796413288560231e-01 -2.288651837859042804e+00 3.235324513634969890e+01
-1.827300898234049598e+01 8.716685591803656052e+01 -2.387176073922051245e+01
4.877639389038085938e+01 6.277837562561035156e+01 -2.356883112589518348e+01
2.415720680926708663e+00 2.086766210515448350e+01 3.107534416685713197e+01
-4.554535374742873444e+01 -5.334517125880464761e+01 5.216115763846864262e+00
4.744257090641902153e+01 5.376842388739952838e+01 -2.173933473000159466e+01
-2.493031203228494519e+01 -4.214594409776770334e+01 1.425484367038892586e+01
1.276477622985839844e+01 8.201917266845703125e+01 4.024004141489665010e+00
-4.173767005072699732e+01 -4.311562410990396899e+01 1.368472184075249487e+01
-4.311032333374023295e+01 -5.245200271606445597e+01 1.038380479812622159e+00
-3.959766630692915612e+01 6.572237951105290676e+01 -2.195725312666459672e+01
6.139018945132984584e+01 6.889697804170496909e+01 -2.255479453591739514e+01
1.153483746601984983e+01 7.784873316838191215e+01 -2.182626878298245998e+01
4.886284364972795657e+01 8.064434432983398438e+01 -2.288944080897740108e+01
1.690532741031131181e+01 6.855374104267842483e+01 -1.256631059904356285e+01
1.321652644021170531e+01 8.346229880196707995e+01 -1.708450562613350954e+01
2.778283784022697933e+00 8.137995734581581075e+01 -2.272746130136343012e+01
4.895160802205403883e+01 8.297221374511718750e+01 -2.313447952270507812e+01
-4.218137185469917938e+01 -4.823509796806003891e+01 1.317871862131616334e+00
8.881354088685950998e+00 6.282182568919901655e+01 -1.583234002638836380e+01
-1.782651080507220698e+01 8.675754315925367166e+01 -2.256790120673901967e+01
-1.739970835517434367e+01 8.477658215691062082e+01 -2.241276135164148542e+01
-1.598612823486328161e+01 8.646215907505580844e+01 -2.149137311662946459e+01
-1.782966790375886035e+01 8.988209194607205177e+01 -2.241930085641366333e+01
1.797085448673793096e+01 8.955270294916061857e+01 -2.193094258081345416e+01
1.989061383732029498e+01 8.991085565285604275e+01 -2.195646895736944515e+01
2.010506604847155288e+01 9.270557142558850217e+01 -2.237627275366532231e+01
4.236824955659754011e+01 7.138086835075827707e+01 -1.589787609436932669e+01
1.541433982849121165e+01 9.446540679931641193e+01 -2.296295242309570384e+01
1.964733719825744629e+01 9.482628536224365234e+01 -2.295710444450378418e+01
-1.267910804123174984e+01 8.070953569255891580e+01 -2.200469317201708108e+01
4.982679474659455110e+01 8.100885674892327870e+01 -2.133320324237530130e+01
2.322333556764266227e+00 8.298126198263729236e+01 -2.146202653997084653e+01
-1.574149315531660953e+01 8.381674538589105339e+01 -2.196197407420088510e+01
1.316792934591119923e+01 6.913679712468928074e+01 -1.823648149316960954e+01
-1.552284362468313716e+01 9.287434127482961799e+01 -2.166020726143045749e+01
-2.026333045959472656e+01 6.367540105183919508e+01 -1.428523604075113873e+01
-9.565754890441894531e+00 3.892496600517859662e+01 3.217092235271747569e+01
-1.217290540536244769e+01 3.984338665008544922e+01 3.157528352737426758e+01
5.779972461553720464e+00 8.286646622877854895e+01 -2.109922335698054496e+01
6.139973297119140483e+01 6.589552001953124716e+01 -2.116879432678222628e+01
5.349339739481607836e+01 7.659670893351237453e+01 -1.711961905161539832e+01
1.693352142333984389e+01 8.415384582519531875e+01 -2.070033576965332145e+01
2.210008811950683594e+01 4.009038925170898438e+01 2.189142608642578125e+01
-6.208106740315755445e+01 5.795783106486002367e+01 -1.998981348673502723e+01
4.109566773308647925e+01 4.582933733198377979e+01 -7.863755098854502412e-01
4.192894652395537491e+01 6.605219476873224949e+01 -1.487699367060805855e+01
-3.940247306823730611e+01 6.580671234130859659e+01 -1.886645122528076257e+01
6.133660091053355501e+01 6.821476086703214037e+01 -1.861962249062278119e+01
1.282518524593777087e+01 6.856031686288339699e+01 -1.933362310904043824e+01
-4.272207039052789668e+01 -5.140767279538241041e+01 -3.752593744884837879e+00
1.231747251749038696e+01 7.479432503382365383e+01 -1.885220781962076941e+01
-4.233282244646990478e+01 -5.195442877875434107e+01 -8.758750279744466738e+00
4.889427375793457031e+01 7.675435256958007812e+01 -2.013275337219238281e+01
1.632682266235351420e+01 8.165948791503906534e+01 -1.970370769500732422e+01
1.697925485147012381e+01 8.400808571480415310e+01 -1.948612749254381171e+01
4.154502296447753906e+01 5.657064514160155966e+01 -1.813091750144958425e+01
3.495265986124674384e+01 -5.342593180338541714e+01 1.407868102391560861e+01
-5.934531402587890625e+01 5.767194461822509766e+01 -1.402205371856689453e+01
-4.260429211052096576e+01 -5.331451532792071646e+01 1.418488027611557278e+01
2.046882990573314842e+01 -5.305742604681785934e+01 1.422122920827662718e+01
-4.239108134424963481e+01 -5.124786758422851562e+01 1.645533297782720439e+01
3.443173344930013258e+01 -4.646054712931314867e+01 1.331506538391113281e+01
-1.155432701110839844e+01 1.277239338556925397e+01 2.792297808329264441e+01
3.242422505219777662e+01 -4.572503376007080078e+01 1.409978592395782471e+01
9.847340689765083255e+00 6.509309768676757812e+01 -1.534428342183431049e+01
2.638537724812825402e+01 -4.247001075744628906e+01 1.440256482362747192e+01
4.954799756136807787e+01 7.597325550426135976e+01 -1.818358109214089069e+01
-1.286492447975354381e+01 8.386069234212239110e+01 -1.813982469607622150e+01
2.433375867207844934e+01 -3.795450210571289062e+01 1.271772003173828125e+01
-1.230116636102849803e+01 1.392900198156183400e+01 2.791792297363281250e+01
2.732532154430042581e+01 -3.707257114757191374e+01 1.328968247500333000e+01
-1.066852438449859619e+01 1.479012930393218994e+01 2.766928815841674805e+01
1.447300365992954774e+01 8.683066294144610708e+01 -1.803475154176050310e+01
-3.349695315890841840e+01 -9.271311399671766651e+00 -1.701564945114983463e+00
-4.143356959025064867e+01 -4.952482859293619555e+01 -5.981751441955566406e+00
4.285083389282226562e+01 7.105106964111328693e+01 -1.742436676025390696e+01
-1.022009542253282355e+01 8.540449150734477635e-02 1.423362053765190893e+01
-3.896531147427029396e+01 -1.156797764036390497e+01 -2.544605957137213714e+00
-5.851440970102945727e+01 5.560094134012857836e+01 -1.526643013954162598e+01
6.067974334716797102e+01 6.960225524902344318e+01 -1.584457107543945398e+01
3.287191847960154067e+00 5.599112844467163086e+01 -1.603680709997813025e+01
3.903602279663085994e+01 5.681033683776855270e+01 -1.585248710632324176e+01
1.577883196913677732e+00 4.683922974959664032e+00 1.437802567689315048e+01
-1.953247000954367962e+01 6.648400809548117252e+01 -1.368020205064253325e+01
2.219334475199381629e+01 5.981759039560953539e+01 -8.688401937484741211e+00
-1.075910005569457972e+01 6.500473937988280682e+01 -1.671870241165161275e+01
4.358970599704318261e+01 6.599419798674406934e+01 -1.648476554729320398e+01
-1.242132336093533418e+01 6.586873934345859993e+01 -1.566150128456854063e+01
4.370712481046977871e+01 6.839827366879111992e+01 -1.672835957376580396e+01
-2.164201612057893342e+01 6.277789265176524225e+01 -1.321202912537947860e+01
5.641387390136718949e+01 7.435391876220703011e+01 -1.578997932434081974e+01
5.053935930464002979e+01 7.607207446628146386e+01 -1.581349237759908100e+01
3.978552103042602539e+01 6.766825389862060547e+01 -1.357868444919586182e+01
1.909630748203822392e+01 2.981918661934988890e+01 1.345800413404192319e+01
-5.107475521689966769e+01 -5.191050880833675762e+01 -5.875677209151418445e+00
5.029375105637770105e+01 7.636576667198768575e+01 -1.591054109426645091e+01
3.886217498779296875e+01 5.968186169135861263e+01 -1.528042365283500814e+01
2.056765250439913828e+01 5.989272840967718281e+01 -9.803799449272876387e+00
-2.932875852381929604e+01 6.582422394448138903e+01 1.416301885564276475e+01
-2.469767314829724825e+01 7.486324862216380893e+01 1.422037108401034722e+01
-3.628490932513864786e-01 -3.209456932787992489e+00 5.021748803586375942e+01
1.361330668131510357e+01 5.678152338663736742e+01 -1.144284582138061523e+01
-1.191605804584644446e+01 6.281001324123806739e+01 -1.490119005132604535e+01
1.793716557820637902e+01 6.610537465413410985e+01 -1.108263715108235736e+01
-3.505271155783470594e+00 2.985383248836436110e+01 3.283314343716235584e+01
-5.056919797261556226e+01 -5.314669227600097656e+01 -1.836513717969258552e+00
-1.924488496780395508e+01 6.389678955078125000e+01 -1.442432034015655518e+01
-2.782328882217407084e+01 -4.229628629684448526e+01 2.245250415802001953e+01
9.990495204925537109e+00 6.646272659301757812e+01 -1.412930011749267578e+01
-1.334045314788818359e+01 6.278047362617824234e+01 -1.373313692341680081e+01
-3.166226302252875513e+01 -5.314083056979708886e+01 5.855211204952663451e+00
3.870431014238777578e+01 6.289048909332792903e+01 -1.286917991961463059e+01
-1.834375940050397702e+01 6.264212136041550139e+01 -1.308007914679390993e+01
-2.138044322620738669e+01 6.566601233048872643e+01 -1.274740143255753999e+01
1.487291193008422852e+01 6.846123237609863565e+01 -1.369802417755126989e+01
1.493826460838317871e+01 7.192317933302659583e+01 -1.277619332533616259e+01
4.260962093577665399e+01 7.074134153478286180e+01 -1.310336853476131580e+01
5.041601134319694921e+01 7.526291313949896278e+01 -1.273835655134551459e+01
-3.375562382907402181e+00 3.596192373880526105e+01 3.290253187970417059e+01
2.995588822200380363e+01 -4.870657388095197859e+01 2.729551015229060518e+00
-4.221881547340979779e+01 -5.095208417452298733e+01 -6.385732948860655123e-01
-1.559014984205657406e+01 6.285728768741383021e+01 -1.263345275205724327e+01
3.929560869390314082e+01 6.563633623990145338e+01 -1.268801888552579094e+01
2.625671807313576878e+01 -5.340112109061999490e+01 2.295388167943709945e+01
-3.541490427652994555e+01 -5.306873703002929688e+01 2.205939292907714844e+01
2.047404897212982178e+01 -5.292870505650838453e+01 2.316894829273223877e+01
2.840752983093261719e+01 -5.308454322814941406e+01 2.206979846954345703e+01
-3.571675704956054886e+01 -5.109349349975585852e+01 2.236987663269043125e+01
2.846589607662624744e+01 -5.103345849778916943e+01 2.223717329237196338e+01
-2.514449928283691449e+01 -4.586146011352538920e+01 2.279348258972168040e+01
3.713191350301107008e+01 -5.321796417236328125e+01 -1.979453404744466072e+00
1.142742299060432210e+01 5.986229246489855882e+01 -1.208574604501529670e+01
-3.861654090881347656e+01 -5.307563018798828125e+01 1.899690437316894531e+01
1.791901475732976579e+01 6.904851653359152408e+01 -9.937531427903609327e+00
3.251959041595458899e+01 -4.798312873840332315e+01 2.190573886632919187e+00
2.669679678940191536e+01 -4.796662828398913803e+01 4.827716472672253012e+00
1.749848127365112305e+01 5.680902752509484088e+01 -9.194473706758939713e+00
-3.621295394897460795e+01 -1.265016581217448000e+01 -1.727447466055552106e+00
-3.046673546666684373e+01 5.987715837229853122e+01 -1.006915401375812102e+01
-7.078486876054243204e+00 7.745819640882087853e+00 2.305869559085730458e+01
-2.655859413146972514e+01 -1.451787810325622630e+01 1.479723210334777761e+01
-2.184886455535888672e+00 4.051922607421875000e+01 -1.112757301330566406e+01
-3.080512488972057028e+01 6.266258343783292162e+01 -9.617243289947509766e+00
3.976927905612521386e+01 6.515509626600477588e+01 -1.038439602322048572e+01
-1.909054378668467322e+01 3.282396825154622633e+01 5.114105905095736482e+00
-2.173369448525565062e+01 4.094973945617675781e+01 2.332153956095377723e+01
-2.392599911689758230e+01 4.220051984786987020e+01 2.305877566337585449e+01
2.315736847735465886e+01 7.138955347588721168e+01 2.317329269774416556e+00
-5.360657473972865716e+01 -4.930402074541364499e+01 4.830405899456569507e+00
1.983336688854076257e+01 5.383133358425564552e+01 -9.032339202033149661e+00
-6.605173261542069518e+00 3.496114088359632177e+01 -7.901353911349647596e+00
3.526011817399845683e+01 4.722485972559729106e+01 -7.408279485480729676e+00
-4.549438576076341434e+01 4.866369131337041409e+01 -6.722896378973255871e+00
2.071485313415527330e+01 5.646950317382812301e+01 -7.963581848144531072e+00
1.854471397399902344e+01 5.681431198120117188e+01 -8.185010910034179688e+00
-9.258001963297525450e+00 8.067442518292050835e+00 2.364165566184303913e+01
3.750488758087158203e+00 8.511630249023437500e+01 -8.164038658142089844e+00
-4.054963684082031250e+01 -5.303954823811849195e+01 -6.339100440343220733e+00
-3.989774853250254694e+01 -5.131189503877059366e+01 -6.627327597659567360e+00
5.479280140440343061e+00 8.705134116997153626e+01 -7.109530311519816514e+00
1.110115855932235718e+01 8.343256735801696777e+01 -6.281936064362525940e+00
-3.366729176839192661e+01 -5.131190829806857323e+01 2.394514817131890183e+01
2.696527512009079430e+01 -5.130467450940930974e+01 2.376496763487119779e+01
-5.128377814041940752e+01 -5.331730350695158194e+01 -5.886039934660258766e+00
2.847431957721710205e+01 -5.174295210838317871e+01 -5.843206614255905151e+00
2.864562746683756345e+01 -3.851319020589192377e+01 1.491547196706136091e+01
-4.963422298431396484e+01 -5.189109420776367188e+01 -5.519760727882385254e+00
2.819311904907226562e+01 -5.292681503295898438e+01 -5.552932262420654297e+00
-6.574624596809854005e+00 3.879849741410235708e+01 3.299844445987623232e+01
-4.885221004486083984e+01 -5.333765137195587158e+01 -3.488750584423542023e+00
-3.976369837710731758e+01 -5.322350311279296875e+01 -3.711784331422103289e+00
2.758709865146213147e+01 -5.287916607326931739e+01 -4.351553042729695342e+00
-5.131419320200004108e+01 -5.126265290204216285e+01 -3.822125537722718569e+00
2.859085371229383554e+01 -5.152949973212348311e+01 -3.837308030658298286e+00
-3.843292636871338175e+01 -5.127962512969970987e+01 -4.598440778255462824e+00
-4.138891948353160188e+01 -4.936877268010919551e+01 -4.071327838030728508e+00
-3.954118696172186986e+01 -4.881270834740171694e+01 -3.805296882669976455e+00
-5.324185562133789062e+01 -5.146227645874023438e+01 6.844559550285339355e+00
2.434788115481112847e+00 8.922822132516414229e+01 -7.994407826757177205e-01
2.735369825363159180e+01 -5.186030197143554688e+01 3.902413845062255859e+00
-4.756319575155934842e+01 6.228250011321036794e+01 -3.768498259205971923e+00
2.025892778543325434e+01 6.868046789902906823e+01 -3.901543786892524235e+00
1.845456663767496863e+01 6.986607911851670849e+01 -3.835941592852274429e+00
1.746398162841796875e+01 7.182605620792934076e+01 -3.638402968645095825e+00
1.576879692077636719e+01 7.293786621093750000e+01 -4.750029945373535512e+00
-1.305724057918641634e+01 8.409989315126000520e+01 -3.951428634364430703e+00
4.865413713455200018e+00 8.838446960449218182e+01 -4.866828060150146129e+00
-6.486887079604128914e+00 8.893831001444065976e+01 -3.829125333339610027e+00
4.971961975097656250e+00 4.570611109052385501e+01 3.706267956324985846e+01
-3.522881731390953064e+00 -7.566716253757476807e+00 5.220245146751403809e+01
-4.522596017245588484e+01 -4.648892080372777258e+01 2.076275552141255254e+00
2.645047808708028469e+01 -6.244823161591875227e+00 -2.468406530136757926e+00
2.223277702331542827e+01 6.761694335937500000e+01 -3.065788412094116122e+00
3.573909187316894531e+01 -5.350513215498490638e+01 -2.816134723750027824e+00
3.704030990600585938e+01 -5.317754554748535156e+01 -2.551205635070800781e+00
2.487312622070312429e+01 -5.073328781127929688e+01 -2.443561601638793768e+00
3.563811104252653195e+01 -5.372969573398805920e+01 -9.147765062714241502e-01
-4.851352102860160187e+01 -5.340801131207010144e+01 -9.045666951848112536e-01
-4.144789606730143561e+01 -5.310243860880533617e+01 -8.931118811170259963e-01
2.675154206060594220e+01 -5.188561974802324528e+01 -7.724828731058345221e-01
3.578563153743743896e+01 -5.119767564535140991e+01 -9.581157742068171501e-01
2.851973014407687756e+01 -5.131751346588134766e+01 -9.243056266051199454e-01
3.254372226490693976e+01 -5.128478734633501546e+01 -7.225580294342601739e-01
2.641462723089724207e+01 -4.876449538250358984e+01 -8.276326055733524978e-01
2.646975497195595040e+01 -9.551091972150301146e+00 -1.670355530161606650e+00
-8.637828636169434304e+00 8.865308494567871378e+01 2.101468732953071683e+00
-2.825574881689889040e+01 6.653704398018973620e+01 -8.342655136116913228e-01
-3.208857116699218892e+01 -5.099057769775390625e+01 4.052591657638549449e+00
2.262589853460138656e+01 6.835364185680042226e+01 -4.029783008225036323e-01
2.076311248388045883e+01 6.924926620874649075e+01 -1.166837849105015756e+00
1.878101062774658203e+01 6.989326477050781250e+01 -2.122393131256103516e+00
1.874148941040039062e+01 7.075090026855468750e+01 -2.122393131256103516e+00
1.979225519725254756e+01 7.417920575823102070e+01 -9.393933194556406407e-01
1.682349112094976817e+01 7.731962292010967985e+01 -8.029499365351139284e-01
1.558236558813797856e+01 7.886981161017166642e+01 -6.735766912369351989e-01
1.406300680725662744e+01 8.063175187287507129e+01 -8.858572625451617277e-01
3.323546488144818767e+01 -5.333563770967371198e+01 -2.846784907365765838e-01
-2.866148591041564941e+01 6.948203945159912109e+01 9.237213969230651855e+00
1.322534879048665424e+01 8.257398859659831203e+01 -5.871265338112910959e-01
3.231183802563211316e+01 -1.510815697130949609e+01 -5.556697007268667221e-01
3.504856356452493316e+01 -5.344596369126264079e+01 1.928795122048434063e+00
2.918629661978107492e+01 -5.102496228152758562e+01 2.195016705826537073e+00
3.464373016357421875e+01 -4.933943150838216241e+01 -1.565771646797657068e-01
-4.977445455697866805e+01 -5.102062137310321788e+01 2.075985384961733515e-01
3.292775535583496094e+01 -4.921567993164062216e+01 1.970543019473552648e-01
-1.025757312774658203e+01 4.047223027547200758e+01 3.356665674845377367e+01
3.413823572794596117e+01 -2.208823267618815223e+01 9.455700874328613281e+00
-4.247972315833682444e+01 -5.338418651762462730e+01 2.359914053054082750e+00
-3.391381165475556259e+01 -5.343121811837860946e+01 2.511282003287113263e+00
-4.884623604729061697e+01 -5.125521846044631502e+01 2.474899637557211207e+00
3.125378799438476562e+01 -5.253432083129882812e+01 8.793399930000305176e-01
3.527360601986156041e+01 -5.127210377711875822e+01 2.233476748653486776e+00
2.624296018812391651e+01 -4.850347552829318687e+01 2.112041600545247366e+00
2.344660024289731481e+01 -4.815422503153482836e+01 2.331979887353049286e+00
-4.036587458071501544e+01 -4.735464295097019516e+01 1.525410724722820799e+00
-3.438745571318126792e+01 -4.614845657348632812e+01 2.369990763210115148e+00
4.378221865398128188e+01 4.802158271975633852e+01 2.061413357897502685e+00
-4.188128662109375000e+01 -5.320917892456054688e+01 1.622552627987331775e+01
-3.055699539184570312e+01 6.585842241559710430e+01 2.164000935700475026e+00
-2.734370396353981647e+01 7.153470767628063243e+01 2.268836865370923661e+00
1.527300494057791624e+01 7.871662221636090351e+01 2.159556612372398376e+00
1.401842293840773479e+01 8.070161892505402079e+01 2.089971728781436333e+00
-4.881251624778465015e+01 -5.114240627524293359e+01 4.681900804425462859e+00
3.020639699300130232e+01 -5.322836939493814867e+01 2.896744855244954397e+00
-5.465008611846388220e+01 -5.139390925357216133e+01 2.829276695586087520e+00
-5.503252840042114258e+01 -5.291172742843627930e+01 3.077031046152114868e+00
-3.045998950626539070e+01 6.519744491577148438e+01 5.247869683348613812e+00
-5.183062443588719503e+01 -5.076086321744051588e+01 3.414060614325783671e+00
-5.251206359863281392e+01 -4.935153350830078267e+01 3.611260890960693359e+00
-4.256151401753328400e+01 -5.325747306979432238e+01 5.175952303166291735e+00
-4.753127640944261145e+01 -5.294177128718449410e+01 5.309883777911846181e+00
-3.956703551610311109e+01 -5.312033470471700269e+01 5.149877429008483887e+00
3.436283340454101420e+01 -5.301950531005859091e+01 4.222709798812866566e+00
-5.418344425019763833e+01 -5.145358137100461704e+01 5.076252312887282514e+00
-5.456878026326497633e+01 -5.276855850219726562e+01 3.881066560745239258e+00
2.818414751688639441e+01 -5.081903076171875000e+01 3.866344292958577622e+00
-5.136792320117616129e+01 -5.190435971711811192e+01 4.998204528239735822e+00
-3.056801459129820486e+01 -1.222815777393097569e+01 1.637089075940720662e+01
2.901478276933942624e+01 -4.771770324707031108e+01 4.668482562473841746e+00
-4.855121694911610319e+01 -4.879448431188409785e+01 5.147107544270428825e+00
-1.660133536656697473e+01 2.918619855244954309e+01 4.330500423908233643e+00
4.120050009365739641e+01 4.852060186451878820e+01 4.531782388687133789e+00
-2.859010047912597585e+01 6.634068272908528741e+01 4.995454192161560059e+00
1.463519861147953982e+01 8.096344390282264669e+01 5.003545348460857412e+00
2.990886433919270715e+01 -4.650848279680524655e+01 5.865854762849354032e+00
-3.655841903686523153e+01 -4.362631263732910014e+01 6.541680574417114258e+00
