1.528649103426410250e+02 2.284304669831350765e+01 5.776331103483651930e+01
1.079737518717536773e+02 5.522502863611791923e+01 1.699553381370446203e+01
7.322695584066512708e+01 2.948384667351135136e+01 5.416884163710891897e+01
1.844958165661873863e+02 -4.866952403614807743e+00 7.568653837491201131e+00
1.028721832585833624e+02 6.205152474616872382e+01 4.639618412437349804e+01
1.217135007883610456e+02 7.982635672292637707e+01 2.902811350213748298e+01
1.777937927039137662e+02 -1.971863855663968934e+01 -5.669772271505352990e+01
1.193174521344118375e+02 6.988523789080267079e+01 2.605308179118274126e+01
1.676568409399617963e+02 2.672746727215344720e+01 -1.214646169555263100e+01
1.230172189270501235e+02 1.028661147756183567e+02 -3.459775626724291619e+00
1.549330345365846711e+02 2.147088431708211331e+01 5.490220814427900820e+01
6.677394118630458308e+01 2.369184929974466414e+01 4.665950821089662526e+01
1.015167222599190495e+02 5.216067196380492277e+01 1.479295446990273888e+01
1.354015869044881697e+02 2.570369195341064739e+01 5.585407946650363442e+01
1.527199700360789905e+02 -7.196948643049685757e+01 -4.120112123280156524e+00
1.379872441159859022e+02 7.768991237818086404e+01 -1.254750374251305445e+01
6.810896665335043565e+01 2.448191454306395443e+01 4.936335699558576096e+01
1.765677326585915239e+02 -8.197808307395884952e+00 -4.359320864939058993e+01
1.496647969971028544e+02 8.788137259235291765e+01 -1.732876550718369302e+01
1.733120897342827789e+02 -1.783801327615140053e+01 -6.090396868549141374e+01
9.669632207104038457e+01 1.521688561040056342e+01 4.797429309079130633e+01
1.714610131506127289e+02 2.901674296773579798e+00 1.951432679590142882e+01
7.293371893665178618e+01 2.783969945325616635e+01 5.302812704514155229e+01
1.775848286780644116e+02 -1.669815130056807106e+01 -4.379025864884802388e+01
6.912789788379295430e+01 3.091927014169642973e+01 5.152039387932295966e+01
1.740012178725365857e+02 2.462558013672184742e-01 3.863522856070007450e+00
1.361279122121389946e+02 8.184154066934053162e+01 -1.314985902965354292e+01
1.225493869228043735e+02 7.666066554776183750e+01 2.763107234625532271e+01
1.768035786515095253e+02 -2.025507269601917315e+01 -5.975366253189893939e+01
8.744509119708789058e+01 2.780383076448987367e+01 5.963911154191740138e+01
1.988618671471779464e+02 -1.602043385678350873e+01 1.422399150827121161e+01
1.757656176454683816e+02 1.881503691556191882e+01 -2.250054275724171049e+01
6.842491554780369256e+01 2.250869589813652283e+01 4.788414386752869945e+01
1.252447368167923969e+02 5.876852156639139224e+01 1.659559909215438722e+01
6.810381740426802821e+01 2.121486242715931070e+01 4.983203686967871704e+01
6.866765156437453754e+01 2.340300196529240395e+01 4.736703682644696300e+01
1.498412860061999083e+02 -7.291486420162641480e+01 -6.739966436714608378e+00
1.348263394179800514e+02 3.055378072528960587e+01 5.797396081658227729e+01
1.368069023737809573e+02 7.966349653674821241e+01 -1.454252553924691149e+01
1.559249844076393288e+02 -6.365763571855637792e+01 -1.684836637206036158e+01
1.879876084632076072e+02 -7.427747852845780763e+00 9.191807268905524353e+00
1.027340759243081152e+02 5.153005266452400690e+01 7.210064683514447736e+00
1.002036301280028709e+02 5.213373619078212329e+01 7.353724905593075789e+00
1.163349943594770082e+02 7.378292226073256188e+01 2.922873296037119673e+01
1.735681464082227023e+02 2.035390643026534008e+01 -2.341710752941489204e+01
1.312477585820704462e+02 6.168959348906975038e+01 1.962576096750006727e+01
1.138475035371881461e+02 2.297105422977289635e+01 5.785545702623946340e+01
1.764613049809005645e+02 -1.458825678946552351e+01 -4.352025131487652487e+01
6.764748627766226718e+01 2.258486466841082319e+01 5.086832077009860598e+01
1.547998232823086084e+02 -2.938697458557777153e+01 1.797119938026131436e+01
1.684691354255711531e+02 -6.410066198470539689e+01 -9.773239770369361423e+00
1.640203853388657933e+02 -5.061703621010444465e+01 -7.978023623884225479e+00
1.182922106073412465e+02 4.262525982469455954e+01 3.992856811569301101e+01
1.220768794257139547e+02 4.129191326080417923e+01 3.634649453218512605e+01
1.074911929959599206e+02 5.494126205327781065e+01 2.602801143218295010e+01
1.693601735240747246e+02 5.644540117541281177e+01 2.091629673343060247e+01
1.697862948626790285e+02 7.407436519419304588e+00 -3.858390986263003697e+01
1.057745066492437900e+02 4.820582742293890277e+01 8.555550455180544134e+00
1.687313495860446437e+02 2.503109535432199451e+01 -1.180456629051018957e+01
1.363005691335939957e+02 5.821296799815936396e+01 1.935758823643776338e+01
1.063303763833060884e+02 6.045494978414352971e+01 5.345658704403141570e+01
1.736468756405934641e+02 1.943001098974919927e+01 -2.259089040517523728e+01
1.433318076220234900e+02 8.783509230175464211e+01 1.672252888696426965e+00
1.599071655475863167e+02 -6.234696234183528674e+01 -1.746169121293265292e+01
6.999972518731058813e+01 3.172049356796345876e+01 5.018963127290304982e+01
1.786134813948256408e+02 -2.648960214763531695e+01 -3.365520362473216665e+01
1.036577588926109001e+02 1.252898644643313553e+01 6.703201166214449813e+01
1.515499592927889125e+02 8.541513216143657417e+01 -1.669304754703816585e+01
1.759180474368190232e+02 -3.260170989860131385e+01 -4.910978062169241554e+01
1.709724038328506026e+02 1.002260293204995811e+01 -3.821913626581862644e+01
7.625129354204720755e+01 3.400539076118293025e+01 5.931477934795924511e+01
1.501362997425712251e+02 -7.278954727896532972e+01 -3.406449092199188566e+00
1.093897398633007896e+02 6.307626198897732195e+01 4.069076530176013051e+01
1.355253571985388419e+02 2.832209885734713950e+01 5.613804692465173218e+01
7.867953374702862845e+01 3.131043323541018708e+01 5.828553287405638628e+01
9.951309546159150443e+01 5.005763185023663198e+01 1.411505237892037101e+01
7.590828479242782123e+01 3.602623985316756716e+01 6.030875951646638100e+01
6.875464824946894282e+01 2.966602291498118404e+01 5.313056310237207924e+01
1.721370827066508014e+02 -5.425177153033741817e+00 7.034670564366710011e+00
1.764876165862378059e+02 -3.143511292026058257e+01 -5.068942436957098607e+01
1.530404677374237394e+02 6.996479115659244030e+01 -1.389608459518841244e+01
1.229021708779931998e+02 4.075865785224662829e+01 2.238030281443534975e+01
1.776448605181044798e+02 3.677255052048413830e+01 4.194328575940242843e+01
1.390175201999982164e+02 -7.141190669332128493e+01 -1.103167133278420309e+01
7.060596526563276143e+01 1.678350993713010553e+01 4.864951433492083055e+01
1.395291992928111995e+02 6.330964384399898393e+01 5.304524696924138283e+01
9.794810490205426845e+01 1.685832670209347484e+01 4.801939343860132681e+01
7.073593119502997695e+01 2.161171386501051472e+01 4.934437871532983877e+01
1.255932150781865317e+02 4.855253211444245665e+01 4.852966122480594180e+01
6.938336002012918868e+01 2.227212315384629449e+01 5.289870688494471551e+01
7.054552882994775587e+01 2.377900264108627937e+01 5.088871324394769147e+01
1.439187993896574653e+02 -1.846174140028181654e+01 3.977643301271776011e+00
1.791295113516196693e+02 -1.981722429748466396e+01 -6.075813394872216122e+01
1.864157828003624502e+02 -7.124377141278715797e+00 1.029261928600057985e+01
8.539018879579731447e+01 2.645855597807924298e+01 5.593779833602312124e+01
7.096213459624388520e+01 3.037570952895439547e+01 5.202026985900986489e+01
1.253545760045607267e+02 7.728127181845179905e+01 2.724533181431281648e+01
1.753867576439035361e+02 3.003424946448844679e+01 2.025588449990637230e+01
7.953406004886106473e+01 1.808029553241052412e+01 5.075833150123937543e+01
6.957870445233588441e+01 2.842307610636846249e+01 5.443455219036544435e+01
1.642095111171030624e+02 5.840324396150059982e+01 5.455638533023568471e+01
1.338311267137275706e+02 1.014110999405447870e+02 -1.855550152509410466e+00
1.670504510360544828e+02 5.135410948072372861e+01 1.168816163756452298e+01
6.996436522958079252e+01 1.532581770942796240e+01 5.004882212072832459e+01
1.181899385982301283e+02 6.869029631200766062e+01 2.442325749693182502e+01
1.347504696817833860e+02 -6.829119477316294251e+01 -1.629832104182616348e+01
9.851828160539537294e+01 4.849771063679430227e+01 1.336603940093574749e+01
1.427655795074784635e+02 7.698927888842821687e+01 2.656846526089939431e+00
9.575098944112998822e+01 2.579955776784904131e+01 5.332495468503717717e+01
7.096029819317924137e+01 2.952433983236851134e+01 5.503531242961159364e+01
1.247968653526008893e+02 1.003573204987261818e+02 -3.395293414378479646e+00
1.768792534480034533e+02 1.202906628195089755e+00 -3.882527268315934066e+01
1.035981737750652201e+02 4.896666213929892564e+01 8.450253878676182495e+00
1.610043841140495715e+02 5.816719851151786003e+01 5.662904079092200504e+01
1.988470717665471170e+02 -1.916475636856354114e+01 1.438546685103595379e+01
1.482569618768661996e+02 5.607306626927097426e+01 6.042854690354214142e+01
7.183012701299143998e+01 2.944692378533726895e+01 5.626099793664211290e+01
1.809489257751301921e+02 -2.750922993729054511e+01 -3.663482857020555628e+01
1.519873938402324995e+02 -6.506106549223386537e+01 -1.612306983662833204e+01
1.826178733404029515e+02 -2.233331194820210186e+01 -6.093843050416695917e+01
1.610059043251418132e+02 -5.922511904274377770e+01 -1.732563318727559931e+01
1.501924592220824763e+02 -5.660285036922505242e+01 -9.098794387922943372e+00
1.774597127794665994e+02 -2.547481907067164641e+01 -5.805137626607717749e+01
1.481657551406900382e+02 -5.716567725370504149e+01 -7.560359258059290433e+00
1.001104144936255693e+02 5.299509674065564013e+01 1.121268438329575901e+01
1.338723318742017341e+02 -7.434060334947041326e+01 -9.382920717694414492e+00
1.498148035781955798e+02 -2.329517566119645977e+01 2.684865731136272160e+01
1.702980820572306300e+02 3.543089686468907473e+01 1.197728958413162204e+01
7.640141857195744990e+01 1.394833062685034797e+01 4.888693007868311469e+01
1.807092076691389195e+02 -3.403920704905787176e+01 -4.615417271427138957e+01
1.685148003119454643e+02 4.182738064572816228e+01 9.792771083976163027e+00
1.421349055258268095e+02 6.341628321271237212e+01 5.461975676913530720e+01
1.197781046247730075e+02 7.934548565122778996e+01 2.842227973401698193e+01
1.429456603639590639e+02 4.605237558379980811e+01 3.971559157738083101e+00
1.273528966005429481e+02 9.839582101549420656e+01 -1.598666496385412650e+01
1.385283848823210064e+02 -6.933325364257518686e+01 -1.101734537962686389e+01
9.715229499699047722e+01 5.217825244584124533e+01 1.132828997334411625e+01
7.674959792831742789e+01 3.766352598909823968e+01 5.905664436183832322e+01
1.270752666244522686e+02 9.664450874203537012e+01 -1.798718345232404658e+01
1.380132291872604355e+02 2.764007016673149053e+01 5.776397396224778902e+01
7.682889804127775335e+01 1.860341110187367519e+01 4.914901148155507826e+01
8.873006801767297702e+01 2.508083257155069390e+01 6.267168999596395906e+01
1.185883782049117912e+02 2.129300278761557763e+01 4.194893922025144661e+01
7.236640240262691748e+01 1.284643867532058437e+01 5.006193225234714816e+01
1.548817356261149030e+02 -6.556884992021724656e+01 -2.511164491658822939e+00
1.841258212013264028e+02 -2.453396910609331627e+01 -5.756716790008816531e+01
1.751829702686566748e+02 -3.136225456042805249e+01 -4.773143179378628531e+01
7.251266557339427266e+01 1.885536146930714807e+01 5.131387936366281366e+01
9.746429547112887803e+01 9.670840188872080745e+00 4.764510501834934075e+01
7.312919321944039552e+01 2.279889605618590664e+01 5.242170844648592265e+01
1.395568723235887489e+02 -1.101519141663787593e+01 9.553187499533091653e+00
1.774922943031969567e+02 -2.468503855940539538e+01 -3.779455652841082269e+01
1.722333669212693508e+02 5.552252643891224082e+00 2.204476311733371219e+01
1.933028064270697541e+02 -1.596643294220318765e+01 1.427687091343306491e+01
7.200379326372011235e+01 2.244783829981220435e+01 5.442742929836109056e+01
9.985996259562125488e+01 4.864186317690546701e+01 1.012205639122803902e+01
7.161635264509537535e+01 2.641081415744992711e+01 5.741342513741687981e+01
8.016788532242999565e+01 2.106791266127626372e+01 5.160819986097462930e+01
7.195336664605595445e+01 3.054518912915781925e+01 5.487194392822931377e+01
1.006231283779958119e+02 4.790808754181388451e+01 1.743479019014796449e+01
1.268451713391590800e+02 7.159988512469072930e+01 2.559808700244965252e+01
1.827456637215091177e+02 -3.367910613490490590e+01 -4.523646699344189415e+01
1.247174440530076112e+02 8.460256217473900620e+01 2.942385588834677534e+01
1.866504724212938413e+02 -1.500434343676633731e+01 7.323748800726683328e+00
1.910267429514996422e+02 -2.865082859657167447e+01 -4.676536473214302703e+01
1.312090959559554335e+02 9.498549073421528988e+01 -6.831905795631247003e+00
1.213249798636119294e+02 8.851673233394201645e+01 2.694160334295475678e+01
9.943223584885515720e+01 6.207230720170014138e+01 5.414060217487089943e+01
1.053623431827726762e+02 4.976954675404852679e+01 1.976421049183940681e+01
1.025855770760957455e+02 6.433666213095277442e+01 5.413981658198419211e+01
1.304926380249920612e+02 1.018367095600735723e+02 -1.382494995818837502e+00
1.672440875112733067e+02 2.490681303863853913e+01 -1.465293427355556588e+01
1.029341718827169956e+02 4.404980885509026933e+01 1.582179816019217711e+01
2.002986862878930765e+02 -1.797111225823618952e+01 1.021901773602559160e+01
1.807960403886776533e+02 -2.451721375992018892e+01 -3.417290283669667161e+01
1.791321856588514265e+02 -2.420637154462169249e+01 -3.158364888369496271e+01
1.830066529267336080e+02 -2.042040905648256199e+01 -6.244907632415974064e+01
1.735397325389224932e+02 1.992045290251786671e+00 3.685134870584526823e+00
1.434199089986749414e+02 6.493952531022499386e+01 5.234631107461189004e+01
1.483720309429975828e+02 -7.424123155944931796e+01 -3.026929032696796362e+00
1.638860828303801895e+02 2.476529614020575565e+01 -1.146192504975653215e+01
1.753961077512779241e+02 2.785816326860618375e+01 1.865553351180905040e+01
7.201925049471330453e+01 1.075561909053450016e+01 5.494684725398118275e+01
1.352760056671899349e+02 -2.692958705521937901e+01 9.482136994142809527e+00
1.354727294057814220e+02 2.968570460616979290e+01 1.049958449356147838e+01
1.661796352597714872e+02 1.276324487529097063e+01 3.547711579600179732e+01
1.200424672941739317e+02 6.772314822125802891e+01 2.409388933114279752e+01
7.854787911265941602e+01 3.540291853317169313e+01 5.897333047543835960e+01
7.672655180031622990e+01 1.768833496026207541e+01 4.991270144654357210e+01
9.643343987291591191e+01 1.996609581780524678e+01 4.763620606989086781e+01
7.453323111588353811e+01 2.029654255230899906e+01 5.162529766078692006e+01
1.115764399867831429e+02 2.279740879758871941e+01 5.922792712186632968e+01
1.940670386680396291e+02 -1.273572550966308903e+01 1.396090791596587977e+01
1.826248101261059276e+02 -3.609289226408994011e+01 -4.321552064842702379e+01
1.501514651814080707e+02 -5.875389312824900401e+01 -4.972001653385042630e+00
1.682352189315218141e+02 1.364977643822679809e+01 3.773642670880560246e+01
1.733786467285749779e+02 1.974599632441491792e+01 -2.485245947622024332e+01
1.191283239602049235e+02 3.876936894816159906e+01 3.947666197367053087e+01
1.322906675071292284e+02 5.880299460594998351e+01 2.155854403002970088e+01
1.226322077610741417e+02 1.230703563330045824e+01 5.825408156339595678e+01
1.282139015776530755e+02 9.629212427659896889e+01 -1.322582922620288137e+01
1.755505307435475402e+02 -1.645295660223278844e+01 -4.169625543210942453e+01
7.432946309635164539e+01 1.314278665016170855e+01 5.418389716655736521e+01
1.975959883635409824e+02 -2.065730246039696638e+01 1.212115686350320232e+01
1.870163130742024293e+02 -2.892236785063773752e+01 -5.094832007455475065e+01
1.071643549858584663e+02 6.553547643326062655e+01 4.597304086200865214e+01
1.932175899009904185e+02 -3.612930666498629506e+01 -4.045198096118942743e+01
1.013874142010730424e+02 6.063854311121325225e+01 5.344384145462957747e+01
1.488560927322875784e+02 6.378780484220767732e+01 5.457330070684128032e+01
1.302195145962064942e+02 9.931425981161827110e+01 -1.687882391263963200e+01
1.881341091394724572e+02 -2.728528178021979045e+01 -5.308805214794157479e+01
1.285689397243613428e+02 9.804598618996740811e+01 -1.852280861918870158e+01
1.486708110352095105e+02 -7.493321535201259564e+01 -5.005437574531537592e+00
1.599209204907149342e+02 -6.603302241980168219e+01 -1.182959498122815845e+01
1.081697738672268940e+02 4.858667675717287437e+01 7.516842472782231610e+00
1.526174201651339786e+02 5.092531804226469561e+00 3.124452716646729300e+01
8.838786009907369134e+01 2.082717462123009966e+01 6.407367452382254669e+01
1.900033425034322647e+02 -3.357828074069582414e+01 -4.450876361922937718e+01
1.310910723766673414e+02 1.028532234543775132e+02 -3.432555944663027603e+00
1.448228372466335827e+02 6.294723463846631262e+01 5.584963097655062825e+01
1.707374450666427776e+02 4.359769244520098397e+01 1.299270520683467112e+01
1.350898969106091272e+02 1.229350421252840064e+01 5.166254875544765923e+01
1.548916622085970971e+02 4.575436210270245851e+01 6.261547705477053682e+01
1.121688686905769430e+02 5.794263053830746912e+01 4.207884994370494525e+01
1.751006154519395182e+02 2.087123869937320819e+01 -2.034569769287189800e+01
1.300776368551530311e+02 9.906654119462739061e+01 -1.612405444048584435e+00
1.730328653815711561e+02 3.731795973308240377e+01 1.261875851265630644e+01
1.647820765501619746e+02 6.129261894432223556e+01 3.990666341916444537e-01
1.025894207600013033e+02 5.540875854313986082e+01 1.274766165025693176e+01
7.880410433586558838e+01 3.338004422998624676e+01 6.259185883990411980e+01
1.104069688988347337e+02 5.012840534706581508e+01 9.123724210019140912e+00
1.981500147288240328e+02 -1.717320409846941232e+01 1.512152049753375138e+01
1.164184847561575396e+02 2.616478531737146795e+01 5.340154370428514596e+01
1.763798113069149736e+02 2.176642073071184669e+01 1.846258202157592265e+01
1.059253952862209616e+02 1.758624073938142018e+01 6.593683700086545230e+01
1.680306111359377610e+02 1.258056582765970788e+01 3.477157589045975072e+01
7.895655260411632526e+01 2.840401349253227536e+01 5.658540247287061220e+01
7.904661358952461114e+01 3.392557972867528093e+01 5.917318328925222204e+01
1.360301631019641491e+02 1.711880548606096752e+01 5.562013716617374826e+01
7.796887643514781985e+01 3.685434612081975558e+01 5.954169779083689207e+01
1.657621499862238750e+02 2.226551682652546660e+01 5.208362161601278473e+01
1.378431805271134181e+02 3.135484314021964991e+01 5.948854065838209237e+01
1.471717262653274645e+02 2.187638809170989163e+01 5.737749576915337002e+01
1.819994063898785441e+02 -2.447092180490677293e+01 -3.060252441744518137e+01
1.206866015182128535e+02 9.972770922689583983e+01 -9.670877175896796629e+00
1.777606395778953186e+02 3.023416949113550345e+01 3.577562442342765081e+01
1.645271937779689324e+02 2.995775531207593545e+01 2.497935093728839817e+00
1.422393937378044768e+02 7.896303083696818703e+01 1.608711042227593424e+00
1.203893252021682656e+02 4.059265903699807154e+01 4.257649775144513882e+01
1.386521382497436150e+02 3.773636102047871077e+01 6.014909217435636890e+01
1.796671658885891247e+02 -1.698477208840160912e+01 -6.506547034650577643e+01
1.119229070296800330e+02 5.544020067557164566e+01 1.455030178798049789e+01
8.125121152722512363e+01 2.245271241305575316e+01 5.351306121746417688e+01
1.929192002418406844e+02 -1.360212921811361930e+01 1.507211750112021420e+01
1.211832559841925132e+02 8.775648650803033490e+01 2.868977507851962372e+01
1.783423963712849627e+02 3.382896906705435924e+01 2.691384095203095228e+01
1.019027746533728873e+02 6.489620325432291281e+01 5.048012350179006091e+01
1.231877852562399056e+02 9.917845498787610836e+01 -1.501229619067997056e+01
1.368886818716549385e+02 9.431616955260990665e+01 -1.827926244332218175e+01
1.197208099350680186e+02 9.916796983503397200e+01 -8.540389640129410154e+00
1.735336648125157240e+02 -1.171641130419504861e+01 -4.281156474360868458e+01
1.379343984779507934e+02 3.003542764923897579e+01 6.976898766740664115e+00
1.364171069995096559e+02 1.497018602763133188e+01 5.387511205768242917e+01
1.207540580283841791e+02 1.008610136494222900e+02 -7.442672142126562917e+00
1.282103689269652023e+02 1.020380218940489812e+02 -1.106615571890833927e+01
1.045091135648806926e+02 6.140874902983556183e+01 4.282943947474860380e+01
1.192319325324933175e+02 7.247312761744650800e+01 2.753746100051321832e+01
1.532422691414558642e+02 8.839588169684721208e+01 -8.306869950101740230e+00
7.905817665226038571e+01 3.381269678347158703e+01 6.218776385672418883e+01
1.997234424238073416e+02 -2.152820727817614710e+01 1.293216587893834557e+01
1.223756341329033290e+02 1.009765095635681575e+02 -1.101936904983454113e+01
1.633847724289400389e+02 6.434365215493437518e+01 1.436924951885040613e+01
1.660153951191211377e+02 6.655856898665334143e+01 1.360616804695742488e+01
1.658668812910160568e+02 2.524655929296319812e+01 -1.087562141987304543e+01
1.724901335109047693e+02 8.093623899532470745e+00 -3.417799048930753969e+01
1.055513994580886816e+02 5.448548132583405135e+01 2.024739368523522032e+01
1.882188574786967763e+02 -2.570328548737809626e+01 -5.477614203542117366e+01
1.655891392505396311e+02 -2.618375678141246610e+00 -2.245528070370114904e+01
1.706691003130086415e+02 2.383329840345530926e+01 4.721684028954529566e+01
1.221014376769675209e+02 1.018910871237460753e+02 -9.310301072408853074e+00
1.256380152508988743e+02 7.371996694413516593e+01 2.474142303795483855e+01
1.044440389801638247e+02 4.741917547108553066e+01 2.122294677616124403e+01
1.586314956288446467e+02 6.211952420370040784e+01 5.441444291223501040e+01
1.083560884456023956e+02 5.270055005297082573e+01 7.753573928026135320e+00
1.795295246068843653e+02 4.812380804609714957e+00 -1.902168944940873274e+01
1.816957776960132946e+02 -3.540889357031420559e+01 -4.127379929186815133e+01
1.128116621226693894e+02 5.652088988436441497e+01 4.058378778961681377e+01
1.022212710133580487e+02 4.751401188729626313e+01 1.920009426303803579e+01
1.878400977144981425e+02 -2.414617710931193884e+01 -5.335619864520696609e+01
1.052440737704640696e+02 5.413442409388302679e+01 1.414915350172701025e+01
1.075720944176071754e+02 5.976144240744406488e+01 4.159567395539274060e+01
1.259583940181385486e+02 9.738985591956479482e+01 -1.517416424078590076e+01
1.357924836320186444e+02 -7.105063033116098836e+01 -6.587443892166804815e+00
1.787975841325766737e+02 -2.602866287465067430e+01 -3.896271237315649216e+01
1.415664521712549231e+02 -7.067579851184468964e+00 9.983945587960043611e+00
1.113385490641676938e+02 5.382205321855481372e+01 4.236926713797919319e+01
1.242090737785583912e+02 9.849427615121598478e+01 -1.050382013209709164e+01
8.049645058390018448e+01 3.280114808604967180e+01 6.101260838118110996e+01
1.096123006663984540e+02 1.024899156481082940e+01 4.770387700793371266e+01
1.278352011336691163e+02 1.030618767601323071e+02 -2.419568959795145524e+00
1.228950262537532865e+02 1.012508358179475039e+02 -8.414173562778875848e+00
1.299339072698291488e+02 6.685207379230483582e+01 4.595495821429681627e+01
1.241550763768332359e+02 1.021236347519966046e+02 -9.053067163785367910e+00
1.174097535099172660e+02 6.508885088847718237e+01 2.730191837682838241e+01
1.559836577331437582e+02 -2.520839101099920754e+01 5.582097265353130666e+00
1.450213377169453395e+02 5.966053969231542453e+01 5.786975051383147672e+01
1.461135528631203044e+02 6.448124193876775223e+01 5.355018955222932675e+01
1.620094008961092982e+02 5.482184677435880360e+01 5.853022007036989294e+01
1.048604721621836120e+02 5.306926833680509503e+01 1.732439482503507833e+01
1.269429964686489996e+02 9.575517927482884772e+01 -1.622411078612895352e+01
1.926822461391617196e+02 -3.422174879672757442e+01 -4.343339864471915490e+01
1.458251616340185990e+02 9.196688988776162432e+01 -2.124324354825742667e+00
1.208774681743209669e+02 1.013350793586604084e+02 -1.071392728084973101e+00
1.567011904179377098e+02 -6.025811437799375625e+01 -1.718902458405477063e+01
1.470162814732793493e+02 -7.372363754003465885e+01 -2.411240391644929204e+00
1.650556883218386588e+02 -5.317508626743164513e+01 -9.860537814141519419e+00
1.013688328835834795e+02 6.174328749986359810e+01 5.514241827330556589e+01
1.803056093734037972e+02 -1.853353411436156861e+01 -5.367166843894860051e+01
1.458281051508338919e+02 1.735620660955321526e+01 6.439927352792018667e-01
1.664936910564114214e+02 -7.107700737858588802e+00 1.629996373391437103e+01
1.563473499057509457e+02 -5.058400829264432730e+01 9.035182406154724788e+00
1.736681062737593777e+02 3.632723412527334261e+01 1.283055582012675977e+01
1.263478039202645249e+02 1.017585804136877243e+02 -1.170731856844071928e+01
1.466106997545952595e+02 -2.060418128322966069e+01 2.763400912820164734e+01
1.184790664184486246e+02 6.859609351216978723e+01 2.745059196842954918e+01
1.830289703338273171e+02 -3.010508497487048984e+01 -4.993976361978252498e+01
1.503207746470524739e+02 -6.066062205364389825e+01 -3.663600605580962899e+00
9.060069240665355039e+01 1.109197199842203574e+01 4.925150149526540133e+01
1.445517060097613751e+02 5.711922097848569280e+01 9.476040009655658736e+00
1.179378349034241751e+02 8.579958712900912587e+01 2.919143931173157114e+01
1.982472779390241726e+02 -1.938272260353470600e+01 1.039746573878633384e+01
1.502846276779417281e+02 -5.823643766128606813e+01 -2.010545088456093588e+00
1.781563919613854239e+02 -2.102982564252376463e+01 -5.915604294415884112e+01
1.091043079189766445e+02 4.811762032691347457e+01 8.170469707770674717e+00
1.349227898008259388e+02 -6.948450845265183773e+01 -7.787687362788918044e+00
1.475957515480112079e+02 1.803594484671560494e+01 1.478700681398397165e-01
8.183086639618032621e+01 1.080696395953792255e+01 5.651959132428129351e+01
1.077278977929611301e+02 6.307099651731361689e+01 4.120756689841339693e+01
1.452727126438223877e+02 5.705417067169939571e+01 6.235731206756776146e+01
1.162804817313559482e+02 7.186637212539270081e+01 2.774433269147890257e+01
1.352417373966819980e+02 5.731823022411587942e+01 2.071462518365072825e+01
1.314606615365673292e+02 1.007475107960891023e+02 -1.582172132244822116e+00
1.699631700989658896e+02 2.284715335211938125e+01 4.706238490055585544e+01
1.291202333966001561e+02 9.903784196668969741e+01 -1.462544832957886598e+01
1.289624835344238249e+02 1.000223351168306181e+02 -1.293346873661801055e+01
1.273526493520787852e+02 9.805069191663022821e+01 -1.183066015372302360e+01
1.272315310276223670e+02 9.747409804508886566e+01 -9.692383049160678610e+00
1.686639567240359554e+02 7.662868804020172675e+00 -3.905023465056538612e+01
8.752666418562307626e+01 2.413125659112757759e+01 5.448303052803650104e+01
1.409142682528540149e+02 1.258043350825147222e+01 3.814888373688427237e+01
1.287636132038493884e+02 1.006264320185118351e+02 -8.625460363936655384e+00
1.262374232118643107e+02 1.019980994679105066e+02 -8.706652824893795994e+00
1.238292378750158633e+02 1.014944755085815302e+02 -1.482386337094643736e+00
1.859845391497264586e+02 -7.083810705966614663e+00 7.959867326659130882e+00
1.231763115900053975e+02 1.031350771918787217e+02 -1.188513676327707103e+00
8.313032113978408688e+01 2.896221068722614334e+01 6.288422741577666386e+01
1.736580866176199436e+02 1.565178119467213591e+01 2.823174668325596315e+01
1.259731574518101809e+02 1.013250596459989907e+02 -4.986209291352937001e+00
1.738679612940610753e+02 -1.362127285525896347e+01 -4.009070213884380252e+01
1.731509090291134783e+02 -5.634575812265714134e+00 1.117837103121458853e+01
1.656717088467792678e+02 2.488088019057452982e+01 -1.308279784526776091e+01
1.406905084646400041e+02 -6.727423247373410220e+01 -6.217961655199066406e+00
1.355863253453984214e+02 2.849904098301738742e+01 5.583564601167675789e+01
1.546517125180896528e+02 2.325414482801673444e+01 5.741321403397309098e+01
1.810645216607246653e+02 -1.735045043353843042e+01 -6.273450009999746158e+01
1.786264762387644680e+02 3.629810418841463360e+01 2.859081178333205742e+01
1.999942022743050529e+02 -1.654098693867491576e+01 1.121411236184529514e+01
1.241392997193792951e+02 5.700737612576219249e+01 1.582856782330613399e+01
1.719989491606635283e+02 6.417250666053176289e+00 2.079296409015920233e+01
1.679644552433016997e+02 -5.501023317909941035e+00 -3.997974378394971495e+01
8.953172894603341092e+01 1.617737051595897668e+01 5.007752646046778722e+01
9.515511893219554906e+01 1.936533252212367628e+01 4.928861317423255883e+01
1.525569500366398756e+02 -6.548543590732865027e+01 -2.093648349144149989e+00
1.392447379460741388e+02 6.232162892175625757e+01 1.601965124394584450e+01
1.493241603073819590e+02 -6.478200254575294537e+01 -1.745329405369042064e+01
8.852566243558740666e+01 2.636068649666946939e+01 5.708900888259709916e+01
1.166434162737798204e+02 4.305878445039685687e+01 1.207231742546965592e+01
8.856237776691017416e+01 2.652265120597646941e+01 5.650448129854368062e+01
1.652778862367721899e+02 2.437215549814798621e+01 5.379557340698721646e+01
8.795791873947851514e+01 2.791950572508816109e+01 5.770219497310556278e+01
8.404056933721712142e+01 2.577778419281971978e+01 6.450709317313955182e+01
1.269080062300405274e+02 1.012304744172827071e+02 -9.858411223581242666e-01
1.327980970236341989e+02 -6.826064382991660295e+01 -1.674611921397358572e+01
1.052513112800442912e+02 6.384508906189267918e+01 4.316758380159806308e+01
8.893243143865916522e+01 1.210274144832164644e+01 5.030656755583206774e+01
9.443647332239476100e+01 1.318221028376388837e+01 4.642199612949427490e+01
8.932703514440811432e+01 2.461603286981200611e+01 5.446149599335623037e+01
1.149040313242180389e+02 4.513413835638563398e+01 1.080324003717394987e+01
1.288580673150155746e+02 1.033708549288371188e+02 -4.275155336345333623e+00
1.940599389994912087e+02 -3.329382765303238045e+01 -4.076418581168549338e+01
1.404409362955342431e+02 1.259576235595911164e+01 3.998841403323766741e+01
1.960867118567984733e+02 -1.625860824491083534e+01 1.597462705055368914e+01
1.049401486658312592e+02 5.796738726094518768e+01 5.233448998309289379e+01
1.062727982029732914e+02 6.067195814540315268e+01 4.058296273514802266e+01
1.067379996776087978e+02 6.080100765300003474e+01 4.340798838000048931e+01
1.737958450273604001e+02 -3.097415717979285787e+01 -5.197010920198770378e+01
1.306402093236759470e+02 1.028152695012718709e+02 1.173712542615795940e+00
1.689174401585180760e+02 -6.170165653443994103e+01 -1.583421037401629228e+01
1.679602176774964448e+02 -6.375990288514558557e+01 -1.414555639204317039e+01
1.115964683983792156e+02 5.893887371414753318e+01 1.828966672094269796e+01
1.434738761657359021e+02 5.349143030240153962e+01 8.766681826978388159e+00
1.126142260348440800e+02 6.070755620967856458e+01 1.760775733093982964e+01
1.208228906990402152e+02 6.879477046082359948e+01 2.705390669591214703e+01
1.343435455427955105e+02 -7.079007347775075232e+01 -7.061387584859395439e+00
1.118732225547999519e+02 6.057731606925803192e+01 1.964539774898783264e+01
1.500482779456293656e+02 -5.795511794660948368e+01 -4.349200089596102714e+00
1.289478813481090924e+02 9.775366824735286286e+01 -4.146243386027677502e+00
1.142362238083403696e+02 5.063571439722718281e+01 3.930167033236129015e+01
1.885386726987869679e+02 -3.128047332742489317e+01 -4.772500753807783269e+01
1.390060181943323414e+02 3.561414308369686665e+01 6.062633552830895667e+01
1.842495825456896910e+02 -1.357504638636587124e+01 6.058156603195747891e+00
1.152703684634771548e+02 4.332175009906050178e+01 1.088744916431528509e+01
1.910138733196388330e+02 -3.025060259011894459e+01 -4.827019148534822790e+01
1.115828535653819813e+02 5.839459942009815308e+01 2.096993067433200864e+01
1.156077909662213585e+02 2.025703496556270622e+01 6.037766561527607223e+01
1.656953551997030161e+02 -2.234607436809617198e+01 -5.811752467120129495e+01
1.146566937706351865e+02 6.239886934064587365e+01 1.934042738241241111e+01
1.849778231561720077e+02 -1.239481776010362957e+01 4.657916437324459480e+00
1.457921420352591326e+02 -2.402206236283420182e+01 2.621714777846051447e+01
1.080224078733055819e+02 5.198388744505293602e+01 3.053238187935855308e+01
1.350368761167225671e+02 2.063049161104362028e+01 1.290448786449509200e+01
1.445641429290723750e+02 -7.488926847174485601e+01 -2.740647439106154160e+00
1.757931088894202674e+02 1.648313552621268840e+01 4.007162254428175530e+00
1.063654481294387892e+02 1.125043843371373598e+01 6.516547501645585783e+01
1.302339751048070866e+02 9.575651580043401623e+01 -3.448133251424135182e+00
1.446081417888920839e+02 6.682372262323045220e+01 5.035946576686919229e+01
1.002602083630564209e+02 6.370733216257126230e+01 5.233419911068666863e+01
9.060075716275748903e+01 2.230824601257882378e+01 6.353857571471815646e+01
9.738763299527707318e+01 1.902834979269720250e+01 4.885177789041821939e+01
1.810850711108745372e+02 -1.980882113269299083e+01 -6.403255989941315818e+01
1.786975240491073293e+02 -2.360460985394728795e+01 -5.963299019649137733e+01
1.478222173601159568e+02 -7.446095707082851334e+01 -5.942457434847145947e+00
1.019902501634419991e+02 6.343908505084678495e+01 4.845696961458566676e+01
9.721319132621516701e+01 1.274736277339414769e+01 4.737611678590434394e+01
1.150571521916787390e+02 4.077614312699387966e+01 1.463814017524416400e+01
9.338444504821366365e+01 2.210360047146068752e+01 6.568255419400496464e+01
1.645603137567418344e+02 6.443581583184717942e+01 4.542633080715265947e-01
1.038078784381142725e+02 6.298770597924327319e+01 4.465512886914628154e+01
1.035986587433255579e+02 6.455509725848479263e+01 4.674904887600797565e+01
1.804112647163150314e+02 -1.673356753821461496e+01 -6.080665163358865755e+01
1.056541192971496343e+02 6.218170253262969993e+01 4.155776262203466587e+01
1.404856549688364282e+02 -6.622576569338380637e+01 -1.100584797660031633e+01
1.757342087523227860e+02 1.245138868330235304e+01 -2.964460387863208268e+01
1.526670046670541012e+02 -5.924481732488854391e+01 -4.536220589693362726e-01
9.481989216061427328e+01 2.855244406487404873e+01 5.365257223344135440e+01
1.254494584299771986e+02 8.009287199544536406e+01 2.926669257238435762e+01
9.716265850052012354e+01 2.165043874679768265e+01 5.025598209517895043e+01
1.112584625174851567e+02 4.445542982822272648e+01 2.424560689813159087e+01
1.719426524712214359e+02 1.377092477775548218e+01 3.025924355390026932e+01
1.438441436762166745e+02 7.442431365267806598e+01 -2.446988556043686813e+00
9.713279547578271433e+01 2.744181794703327526e+01 5.284754765925173814e+01
1.389687664014899156e+02 -7.396175824674259047e+01 -2.214172093902599947e+00
1.751094203791076325e+02 1.959683784666350093e+01 2.397206644194056224e+01
9.111798601223409833e+01 2.262556558980756805e+01 6.452380573939809949e+01
9.104963737592096606e+01 2.378678053258322223e+01 6.436229990887113672e+01
1.082687458307271555e+02 5.981513122166937535e+01 3.995018304479287252e+01
1.318113640599805478e+02 9.979372036958864101e+01 2.612816216885427423e+00
1.305761795396574030e+02 6.503297539635391900e+01 4.329502184598816683e+01
1.314709097662587283e+02 1.025981985851882143e+02 1.359775506602201034e+00
1.051590684718044884e+02 6.150390436314054909e+01 4.783649259722399449e+01
1.174643931664223686e+02 8.396024089448498273e+01 2.776500790615381220e+01
1.124525179255489888e+02 4.306129008269657987e+01 2.443422066952102512e+01
1.573980927712921982e+02 6.036826744921282284e+01 5.652243311367666934e+01
1.855263403353427520e+02 -2.658903295827806090e+01 -5.416859561863195438e+01
1.867503999733012279e+02 -2.499475660401493826e+01 -5.636475767369064016e+01
1.169035442899429142e+02 8.192130657038011066e+01 2.715519640535645607e+01
1.575971504199151525e+02 -6.997513117780397351e+01 -8.509694184891388957e+00
1.245491126960740473e+02 7.851348794896506433e+01 2.638627877033433577e+01
1.096644623213746144e+02 1.124881824806651309e+01 4.539606419667389758e+01
1.691255587468175747e+02 -6.292012106482484057e+01 -1.144886208953691309e+01
1.172760595443593701e+02 7.079331835035142717e+01 2.497705979339166049e+01
1.716822854095498769e+02 4.186362996336015385e+00 2.176953960289060319e+01
1.172188197357214108e+02 6.974209703843209240e+01 2.593088233391624442e+01
1.329898524635086119e+02 5.701003202199641606e+01 2.119122650182061207e+01
1.539428932923721334e+02 8.688566591454546995e+01 -1.878778897250387381e+00
1.096943558862256793e+02 5.808490018508921082e+01 3.881793068817599845e+01
1.099781563545507765e+02 6.129277960456226282e+01 3.932892560600900822e+01
1.759692201244659771e+02 2.385139261541419131e+01 2.396412069433934633e+01
1.380882627413411399e+02 8.149594006645149591e+01 -1.618926348162023032e+01
1.246354304138110649e+02 6.954383964940622320e+01 2.429634537967042718e+01
1.789535625833926531e+02 5.266391834004942929e+00 -2.473250898384474183e+01
1.212596869657955949e+02 6.802708487706721030e+01 2.596954476932782541e+01
1.522810406668876340e+02 -7.335258443951830998e+01 -5.959929841003939188e+00
1.365605210518124295e+02 7.894906432196074775e+01 -1.312907511077296974e+01
1.364650810066654003e+02 8.711099144600504474e+01 -9.734527996924606796e+00
1.050694636353957776e+02 5.827492618287408277e+01 5.178626129660467825e+01
1.203376192077204649e+02 8.901246288532728101e+01 2.692867854762600643e+01
1.380194817037933888e+02 7.867021837927789818e+01 -1.375484751374836989e+01
9.884858398068750773e+01 2.058189047796442139e+01 5.054175133191514391e+01
1.378696851936399526e+02 8.109461348419065985e+01 -1.155627221408563443e+01
1.074310964938837714e+02 1.598688153105189258e+01 6.568641012785035116e+01
1.607842030710893653e+02 3.396859234496691471e+01 6.002491415700660582e+01
1.511973078377290847e+02 8.657414284146835826e+01 7.046336798776700050e-01
1.480239184436814242e+02 -1.051090531208739520e+01 2.845495010953237625e+01
1.344991418466212565e+02 -6.690169975089372656e+01 -1.475822872091504578e+01
1.120195837155547451e+02 5.933854051010021635e+01 3.706756276897508684e+01
1.260118561271382589e+02 6.942762999006687608e+01 2.480781866140479508e+01
1.179762406072276804e+02 7.062300854015356322e+01 2.952519791912043701e+01
1.456415447716121321e+02 5.608047765649715188e+01 6.015474131434118021e+01
1.665673199790576575e+02 -2.408537271624269849e+01 -5.650569328494719912e+01
1.175801813612004452e+02 7.782008678417177805e+01 3.138174336144580678e+01
1.203785228055318726e+02 8.322095835285635701e+01 2.811166274662027575e+01
1.048704828844059165e+02 5.895687480912197032e+01 5.332601384006814982e+01
1.086263534257690253e+02 6.587010267544401643e+01 4.865038162279547862e+01
1.220566414719796313e+02 8.555044439444891680e+01 2.721338171519908400e+01
1.527358043108507104e+02 9.009319366331732226e+01 -1.129354948191138952e+01
1.124997029414439282e+02 5.997660404015920932e+01 5.008119100088553921e+01
1.182640167606871131e+02 7.554689002954856392e+01 3.211342062177467227e+01
1.647931159274334618e+02 5.554976195761059898e+01 5.644825116734031667e+01
1.939697993375962710e+02 -3.480144577827769581e+01 -4.180355042783045150e+01
1.089301263195913094e+02 5.809246374873325180e+01 4.758230710559279686e+01
1.180658541217236035e+02 3.837800692679845582e+01 4.173619738829769688e+01
1.077694025943245606e+02 5.650756644877628787e+01 4.940440662263501537e+01
1.651135571590662607e+02 6.306430076107676541e+01 1.329236090702630335e+01
1.655256170886323730e+02 -5.530620045168951293e+01 -9.581913542431120590e+00
1.444778978092297734e+02 -7.210819945806396447e+01 -9.281079394293044516e+00
1.245679139924701531e+02 8.128355603867531443e+01 3.067756777173202209e+01
1.415553439144651122e+02 -6.925561445419069173e+01 -1.202006329214030167e+01
1.385433083880801064e+02 8.878010998263954434e+01 -1.708892361511886726e+00
1.135205372104077384e+02 5.303319509781311325e+01 4.018598949782863627e+01
1.299451046642175811e+02 1.741829911244747464e+01 3.477523759347471355e+01
1.379007647440624567e+02 9.124003568853939328e+01 -3.795468050154022777e-01
1.350092246564661025e+02 6.276900031085833120e+01 1.889927361844183906e+01
1.195250114580718872e+02 6.669609687530706310e+01 3.068516674282594892e+01
1.218258871821627451e+02 7.257945068310969816e+01 2.747978829201858986e+01
1.362047063863572021e+02 9.555126563374305704e+01 2.454318335740053314e+00
1.116748876936092216e+02 5.715490649575677651e+01 4.396803958870179230e+01
1.091883567757928120e+02 5.627792361797423837e+01 4.937647029495487061e+01
1.098032975262007938e+02 5.501474050081742462e+01 4.790791607916978734e+01
1.109473392212535288e+02 5.704789336173998748e+01 4.840369085388539361e+01
1.088436121550484188e+02 5.863233012448539938e+01 5.140694272795239783e+01
1.237821440152853256e+02 8.086056365928149603e+01 2.764204647039743890e+01
1.237598427142647353e+02 8.467380659798776321e+01 2.803248023574300873e+01
1.831054779248363218e+02 -1.554319021136021561e+01 4.402081245568483681e+00
1.126980230905772231e+02 5.482952136001819810e+01 4.237820436125539203e+01
1.110258322166288565e+02 5.525964959184767622e+01 4.638489214194045474e+01
1.282967975013528985e+02 6.172502934167485478e+01 1.945818591741758041e+01
1.537499605611251638e+02 -4.889979605907574722e+01 1.117514755840976193e+01
1.676967379884324885e+02 1.471914590231686759e+01 3.495823478670676110e+01
1.192043689214025903e+02 3.590164429163784376e+01 3.979457809865426299e+01
1.692121314875197697e+02 1.669548494792258353e+01 3.585199808926785181e+01
1.674823039988658593e+02 1.584336632581975479e+01 3.792011477167739741e+01
1.237345558134366854e+02 7.422267849674129536e+01 2.657612877826340991e+01
1.650327628662634822e+02 -5.383785073600927262e+01 -8.393091322115758146e+00
1.444379537641641207e+02 9.263880119171646754e+01 -2.148359937371570716e+00
1.243881960018701420e+02 7.063615290569558169e+01 2.551056753661027088e+01
1.252987515308732327e+02 7.590817147890297178e+01 2.542578281539798013e+01
1.749439555219950932e+02 3.937743154956085334e+01 4.807936519278816689e+01
1.219088011144054633e+02 4.083295433562502552e+01 2.439637278251316133e+01
1.264060543515249009e+02 5.000579145614372578e+01 1.769426079058307266e+01
1.209583980464176278e+02 4.128513625394509745e+01 2.647925644621481922e+01
1.182803396708964101e+02 1.541332024918490262e+01 4.110700686330621778e+01
1.471451815400050691e+02 8.636698942052053951e+01 -1.759835924375768457e+01
1.434055905286284371e+02 7.698182546549453775e+01 -2.128990688056662250e-01
1.662885885036123170e+02 5.425649569364732372e+01 5.609589605504265819e+01
1.372304891382932226e+02 -6.748364299253043441e+01 -1.355321287940995134e+01
1.262308441746542798e+02 6.754701350690928052e+01 2.517629811933905160e+01
1.329550847686305417e+02 -6.688964925340309264e+01 -1.617621654554748289e+01
1.414595138178550826e+02 9.187552561453996702e+01 -1.516141167093483233e-01
1.263341808760783778e+02 7.347438477295389703e+01 2.465914037543820569e+01
1.134684780232828700e+02 5.569181819141948608e+01 4.658340912895413766e+01
1.264348203539688313e+02 7.564043080556869825e+01 2.579361682342844375e+01
1.783123689488845969e+02 -3.340205582443500987e+01 -4.765940189396868476e+01
1.537508209986197016e+02 -7.160273285531803822e+01 -7.593797778230467088e+00
1.791980835196239354e+02 -3.167762204038433538e+01 -4.926763241848122021e+01
1.852078051647727932e+02 -2.046109706515454008e+01 -5.851891828162559506e+01
1.403365385038190993e+02 8.570581689286559879e+01 1.262759245650370232e+00
1.793927754232612983e+02 -1.734471913567454493e+01 -4.467997909882160457e+01
1.770933280472361560e+02 -1.751328107967888315e+01 -4.292429139548744388e+01
1.791008716683650732e+02 -1.624232223189343571e+01 -4.299639181515301090e+01
1.774160653348134247e+02 4.337700021061961309e+01 4.350575118719549295e+01
1.739436773576337032e+02 3.777191257693774951e+00 -4.521033541062866590e-01
1.107276282012335571e+02 1.265357147273186733e+01 4.636943102622525714e+01
1.354518008846397663e+02 -6.489758788350532370e+01 -1.412160333570773219e+01
1.602653749128849370e+02 5.850549367401065837e+01 -5.412362846462260180e+00
1.412662464137671066e+02 -7.222392600939549823e+01 -2.508702332944971580e+00
1.724411839994256184e+02 5.307434445868862127e+01 2.065256004836984971e+01
1.683399821566805485e+02 9.147482253693461018e+00 -3.781418540069695666e+01
1.263893533948646706e+02 3.958972452277419052e+01 2.215533653473037745e+01
1.259156135073755962e+02 4.050515400703986302e+01 2.419372616424446676e+01
1.251342515977685395e+02 4.020967136976082656e+01 2.402894502727911430e+01
1.213126095477601325e+02 3.860388303025499113e+01 2.743644515955863383e+01
1.196158776838830278e+02 3.840814638064867381e+01 4.132317368559577631e+01
1.207923518832007090e+02 4.272235897572205232e+01 3.541758420676853802e+01
1.471331897811169824e+02 -2.338631344825829572e+01 2.666939028275591284e+01
1.635754597661579055e+02 -1.857379725229140632e+01 1.699853447006094953e+01
1.197532917709398248e+02 3.418569575399654781e+01 4.057705677863918226e+01
1.056660798096753524e+02 1.368811363444600815e+01 6.676917815473952089e+01
1.174768922515199563e+02 5.734101885628443540e+01 4.712859338090766670e+01
1.434648129674240522e+02 7.666359281939965342e+01 2.751345772248047439e+00
1.181751057324433134e+02 6.032182971154376361e+01 4.578123309419631681e+01
1.682710193834572010e+02 1.602894912970315033e+01 3.959783083725216102e+01
1.320212994638573036e+02 -7.280408334594561381e+01 -9.184582814690719132e+00
1.443998006830631766e+02 8.887077400454182907e+01 -6.970221591879117717e-01
1.169563974793209127e+02 5.865713749919007114e+01 4.646077283479894504e+01
1.243847387575582673e+02 3.849812178312927102e+01 2.788623494141825176e+01
1.532251093542155047e+02 -2.929246120767262340e+01 1.997695567883222267e+01
1.126876848618771589e+02 1.405486488274521761e+01 4.436467272835209030e+01
1.445174959344121248e+02 5.403088060677148974e+01 6.060784772570215750e+01
1.369756445910737739e+02 2.846781152694650885e+01 9.098395972435035617e+00
1.736416223855044620e+02 1.350529465515914396e+01 2.638332556228488812e+01
1.360579729517376109e+02 -7.404415386411874067e+01 -8.668761466086928991e+00
1.194560698732053368e+02 3.673307294934205913e+01 3.920215802171255604e+01
1.293324532054320741e+02 6.603589790903423307e+01 4.162343718588917341e+01
1.483407929372006606e+02 8.587140622842761672e+01 2.309961691210261847e+00
1.311282747468746095e+02 5.705950506990575377e+01 2.153936338678192897e+01
1.264567176503199022e+02 3.843617515747427404e+01 2.442314789700574096e+01
1.212241166864135948e+02 3.613999177336745561e+01 3.835630394038462754e+01
1.191765573111422754e+02 3.585238669816565249e+01 4.338698855584117808e+01
1.111470336980453055e+02 2.262925842511583596e+01 5.728994889714743266e+01
1.331822441089153131e+02 6.159113652694534835e+01 1.973283534192424682e+01
1.052629145852811092e+02 1.546413604716780554e+01 6.420817248839374258e+01
1.208613026374233925e+02 4.728046611483201644e+01 4.403168220808924360e+01
1.450536869251691314e+02 8.482474525709814372e+01 2.814418519344307867e+00
1.473522213902547833e+02 8.901493487129306459e+01 8.213899380084850321e-01
1.221922887382975205e+02 5.778660235272046464e+01 4.488904657847584190e+01
1.401731103183968514e+02 -6.729561932581216865e+01 -1.234342878411441902e+01
1.227053797701619970e+02 3.797029052431092566e+01 3.684501196193000538e+01
1.752105085735268801e+02 5.069855720844582692e+00 3.368999889177217710e-01
1.894640861953246258e+02 -2.962766174708315248e+01 -4.980040512982547085e+01
1.894861538063886712e+02 -2.789652591710882845e+01 -5.138486012799376823e+01
1.834167810321689558e+02 -2.832947215551099518e+01 -3.521221635072849665e+01
1.713325438089206614e+02 -1.882648205444816725e+01 -6.696304794648432335e+01
1.825763621929494036e+02 -2.645753437081871340e+01 -3.277673448338994433e+01
1.377141110945866842e+02 6.338258399396461584e+01 1.959923731409333314e+01
1.724329380771706042e+02 -1.838353528819201443e+01 -5.892196067500571388e+01
1.724595361849377753e+02 -2.244225763980043453e+01 -5.398376421124102365e+01
1.400852657722446111e+02 5.368465591378058832e+01 1.246748501727611469e+01
1.207711250957679709e+02 3.068790245648661141e+01 4.071667031343724119e+01
1.090235814063474180e+02 1.402193902543344883e+01 6.477312442478211096e+01
1.075628376929051342e+02 1.261241386878485216e+01 6.477847736699524717e+01
1.080607960253492905e+02 1.498637866419834097e+01 6.483835622795193387e+01
1.495734441936916994e+02 8.776736250716706422e+01 8.724534241371362242e-01
1.280422617987989611e+02 6.503808251619841485e+01 4.311082536264879650e+01
1.717177825495190007e+02 5.425563976312104586e+01 2.077405437295924173e+01
1.347586815702262300e+02 2.449617140260827597e+01 1.325419629867614901e+01
1.670859902432208060e+02 5.307194739875490797e+01 1.027425938942993966e+01
1.365971257587374055e+02 2.609601783833462463e+01 1.197284842145005967e+01
1.402591598273233160e+02 -7.405064498398137118e+01 -1.542080190459990341e+00
1.183687702455297597e+02 2.717781717453725321e+01 5.179519136901006249e+01
1.339740792266904066e+02 2.648834622309426123e+01 9.141392598594226371e+00
1.779088216463933634e+02 3.455738932701885346e+01 3.996982837625537144e+01
1.423261487712428277e+02 5.747578280721526767e+01 1.047943912537403577e+01
1.351757444508528749e+02 -2.297653227447775137e+01 1.348934985278817322e+01
1.414173109018636580e+02 5.419351151788774956e+01 1.218399308872805875e+01
1.405383423220599752e+02 1.672073040228979224e+01 4.830105311150163061e+00
1.718428948349460086e+02 -2.604148219677450982e+01 -5.855541896375395083e+01
1.291435421583934158e+02 6.634406817325094607e+01 4.436829118912307734e+01
1.313180036231071881e+02 6.843500345321054112e+01 4.396047386685183511e+01
1.360233085496476235e+02 -6.696230432448983549e+01 -1.706653365806853628e+01
1.542909405077710971e+02 8.351612020648316559e+01 -2.212654074218898259e-01
1.359614232466092290e+02 -6.414505755861611647e+01 -1.470694111057137832e+01
1.321425975869142917e+02 -7.400534724544883147e+01 -9.936328184999494439e+00
1.512636854763851204e+02 5.501898118734144560e+01 -3.416426846581891219e+00
1.329207448830044598e+02 -7.193618616183113090e+01 -9.984544687065929125e+00
1.644570793051197484e+02 -2.368993852404428679e+01 -6.229064553629755352e+01
1.404142013862110616e+02 1.258589099823139534e+01 5.224705881199785296e+00
1.387386948429156917e+02 -6.700877614657950687e+01 -1.664363148387206692e+01
1.652889949585702425e+02 -2.421904524259312552e+01 -6.137369101119019632e+01
1.653346512632553242e+02 -2.368026743830390757e+01 -6.194640217391204118e+01
1.336781677511880559e+02 -7.277547495184673210e+01 -7.788842391301702861e+00
1.659517012720685614e+02 -2.263762154721624853e+01 -6.098191196024750838e+01
1.343634389012207464e+02 -7.068728449091844368e+01 -9.863288738334571093e+00
1.371693614168946738e+02 -6.504260325854582447e+01 -1.328194758158375777e+01
1.380700349258591757e+02 -6.349582230344613976e+01 -1.405029085816222612e+01
1.417478147728815543e+02 1.000453974774656629e+01 3.749281339068174290e+00
1.425531568268660010e+02 -7.577204777015633397e+01 -2.330910275086371719e+00
1.724849880251246077e+02 -2.485174428414462611e+01 -5.724599130101262290e+01
1.598018683568226948e+02 7.818734730903263141e+01 -9.787057399197475860e+00
1.596154174033181334e+02 8.149441996298003232e+01 -1.049910567598836586e+01
1.555818117120133195e+02 8.215063054406321896e+01 -6.348240222482299799e-01
1.433095295300428234e+02 6.340998144339594944e+01 2.222129086502144446e+01
1.968265099786398480e+02 -1.795889633023084997e+01 1.063741991042998336e+01
1.440487702172257514e+02 6.725330571165923743e+01 2.540408528691001422e+01
1.858959381095015715e+02 -2.004682877922812168e+01 -5.512193056528686697e+01
1.462658418938709985e+02 1.553096940476184784e+01 -3.328123606136239587e-01
1.802074716913596717e+02 -2.490180828002079139e+01 -3.779547648645768021e+01
1.440577208890112502e+02 6.718368101002452875e+01 2.482075664338557885e+01
1.707736219548075098e+02 -1.876603441179674192e+01 -6.710753995524970605e+01
1.655869895956433879e+02 -2.458647244157699063e+01 -5.745105571598368499e+01
1.344504545215672522e+02 -2.305621043184391539e+01 1.290254970572170379e+01
1.717683572224846102e+02 -2.031990875166881949e+01 -6.586459665086800896e+01
1.680286311394422114e+02 -2.453590774722316326e+01 -5.874899595354231252e+01
1.703193333082421077e+02 -2.043708213584818623e+01 -6.219357949374312255e+01
1.673659159659870852e+02 -2.236323094192387018e+01 -5.658145022182263517e+01
1.451224380167298591e+02 3.967327735729496041e+00 3.206285234832702002e-01
1.466772142758796633e+02 1.492697557604412140e+01 -1.852386210354151075e-02
1.474534049125129513e+02 1.595277311953593724e+01 8.903981793358894947e-01
1.345830663790065671e+02 1.640614269030612959e+01 5.631098493732385180e+01
1.590861210248088753e+02 7.983536900132355640e+01 -2.066847685089389763e+00
1.467432286328933060e+02 6.398674959333582990e+01 2.137807923270351651e+01
1.449829049490614068e+02 6.337445446947236860e+01 2.271333314950001991e+01
1.304683619236135428e+02 5.000543118474123361e+01 5.322364218332948127e+01
1.713069335725167832e+02 -2.162978414873342103e+01 -6.376785430368577323e+01
1.475161158890765591e+02 -2.317152696144962221e+01 2.592859947307586310e+01
1.361473697473490461e+02 3.143735201428704329e+01 5.851773318609012620e+01
1.228853102378524937e+02 1.011766219180189630e+01 5.587272802032875063e+01
1.740522606040280209e+02 -2.090985376062865697e+01 -6.414712177872263510e+01
1.432581143308476328e+02 -9.619632627779308720e+00 6.033881961850868336e+00
1.715566447510368562e+02 -2.280025290450472752e+01 -5.862475017947499367e+01
1.713800749859642281e+02 -1.771937380004920115e+01 -6.213303740373572026e+01
1.863757343057565663e+02 -6.152195524315498432e+00 8.343643671178483601e+00
1.709876746695948384e+02 -1.876022438250831925e+01 -6.077377611007715075e+01
1.420259204594433982e+02 -1.157404957557256786e+01 6.165771914065810932e+00
1.416772718017705870e+02 -9.294748472286517682e+00 7.946734153206840290e+00
1.708405427784707342e+02 6.606171652751511303e+00 -3.763348160453823255e+01
1.757537641832976760e+02 -6.207195335469900321e+00 -4.330063112903675204e+01
1.741756977762536565e+02 -1.467502447120418996e+00 -1.682220940732577219e+01
1.756825222866493732e+02 1.242847962021628394e+00 -4.075074696079436620e+01
1.431444480055506574e+02 -6.977010398330575924e+01 -1.249242217947118760e+01
1.403535402746790908e+02 -7.217741669408491134e+01 -6.880480217135311882e+00
1.423232158482006469e+02 -6.371984329074306430e+01 -1.043327902464714896e+01
1.705741257331201837e+02 -2.665974624936660575e+01 -5.715973883604448957e+01
1.405893528388664322e+02 -9.227095436572762210e+00 6.868680249830454443e+00
1.422115493052428405e+02 -1.501297093368191282e+00 1.269624979791728414e+01
1.526563358328437232e+02 2.341644622847820401e+01 -2.609631743567186746e-01
1.558673632921718308e+02 -7.137891760831551835e+01 -7.183646265882353887e+00
1.332393719120412356e+02 4.958893254119374205e+01 5.440496622336200971e+01
1.736594875730653200e+02 1.578243653567015059e+01 2.980575707170243049e+01
1.423408410506309281e+02 -7.240757052650988612e+01 -5.941127991456221835e+00
1.740863717561134081e+02 1.533120075492320211e+01 2.964806474633247646e+01
1.392755821172934532e+02 -4.348965318469253560e+01 5.676802692309021126e+00
1.730249253949056083e+02 1.612496685295883125e+01 3.136838605124148671e+01
1.383522202085374317e+02 -7.599349767320580895e+01 -2.973852792147944513e+00
1.640777371439046988e+02 6.589115373839980805e+01 9.669128658104323648e+00
1.786851694333945488e+02 6.748587382598945084e+00 -8.371111373472139405e+00
1.386533481248317230e+02 -7.742799638191833367e+01 -3.576307572136662394e+00
1.399208260425667731e+02 -7.382464424531241320e+01 -4.209827808384437375e+00
1.396083319782191836e+02 -7.321097920297329154e+01 -2.790243296546324636e+00
1.533383009427136017e+02 4.856244964317433244e+00 -4.186614419188582126e+00
1.747442461110340446e+02 -2.499086061716399598e+01 -5.920645665578901173e+01
1.758311968184528666e+02 -2.300325652494142403e+01 -6.107100059024887173e+01
1.436993963680062905e+02 -7.306646652823319243e+01 -7.671398517439697251e+00
1.733231152201142322e+02 -2.829623594896083816e+01 -5.619676540581567536e+01
1.757796907073018247e+02 -2.136771314239066299e+01 -6.249773183928380149e+01
1.395439374569917845e+02 -7.714971154624630856e+01 -3.469345071413489023e+00
1.726284486614499940e+02 -2.353021524915612872e+01 -5.715558787673026586e+01
1.417113682520593727e+02 -7.464594012811984669e+01 -4.597926102992355268e+00
1.425071220740219928e+02 -7.052629025691977915e+01 -4.447619588796355217e+00
1.466043684561763598e+02 -5.956512884906586436e+01 -9.759794584441003451e+00
1.700448333248227186e+02 8.890290109626059589e+00 -3.561401805787894403e+01
1.689697427565386647e+02 1.853440548222173945e+01 -2.901312488075256724e+01
1.603162547101414361e+02 2.365525400381880416e+01 -8.341886651995000790e+00
1.604619624520374259e+02 6.867548283221871941e+01 7.786024522628128608e+00
1.601572607898010858e+02 6.770458557445604697e+01 9.452956917770464429e+00
1.580579589820870581e+02 6.779551699444033375e+01 1.163035176656206460e+01
1.328297817369917198e+02 2.973868507995053534e+01 5.477956727431341477e+01
1.801266835186922606e+02 8.980638966280984903e+00 -1.022589939439489193e+01
1.731444123014415766e+02 -2.013941229541966038e+01 -5.549810279991933015e+01
1.634830159747664027e+02 2.417134374084332293e+01 -1.401657267777354221e+01
1.478151253820969089e+02 -5.924900975425241967e+01 -8.586469610698415522e+00
