-1.483163356781005859e+01 4.602238400777181226e+01 -1.481328550974527936e+01
-1.574877998563978387e+01 4.556974432203504932e+01 -1.448859463797675318e+01
-1.336876797676086426e+01 4.562930154800415039e+01 -1.503200046221415143e+01
-1.534167962604098889e+01 4.788060145907931542e+01 -1.487777015897962762e+01
-1.629676198959350586e+01 4.735197544097900391e+01 -1.459293079376220703e+01
-1.340223922729492223e+01 4.780913162231445312e+01 -1.518924034118652422e+01
-1.550589646791156895e+01 4.371479355661492860e+01 -1.414290106923956536e+01
-1.388466048240661621e+01 4.346734333038330078e+01 -1.459777688980102539e+01
-1.308062505722045898e+01 4.391402848561605055e+01 -1.483080108960469623e+01
-1.574877998563978387e+01 4.556974432203504932e+01 -1.448859463797675318e+01
-1.483163356781005859e+01 4.602238400777181226e+01 -1.481328550974527936e+01
-1.742786741256713867e+01 4.568647727966308736e+01 -1.379656896591186488e+01
-1.629676198959350586e+01 4.735197544097900391e+01 -1.459293079376220703e+01
-1.550589646791156895e+01 4.371479355661492860e+01 -1.414290106923956536e+01
-1.534167962604098889e+01 4.788060145907931542e+01 -1.487777015897962762e+01
-1.336876797676086426e+01 4.562930154800415039e+01 -1.503200046221415143e+01
-1.733131490434919186e+01 4.386587878635951654e+01 -1.322877386638096375e+01
-1.388466048240661621e+01 4.346734333038330078e+01 -1.459777688980102539e+01
-1.336876797676086426e+01 4.562930154800415039e+01 -1.503200046221415143e+01
-1.483163356781005859e+01 4.602238400777181226e+01 -1.481328550974527936e+01
-1.308062505722045898e+01 4.391402848561605055e+01 -1.483080108960469623e+01
-1.147255682945251465e+01 4.566503677368164205e+01 -1.517096757888793945e+01
-1.340223922729492223e+01 4.780913162231445312e+01 -1.518924034118652422e+01
-1.388466048240661621e+01 4.346734333038330078e+01 -1.459777688980102539e+01
-1.574877998563978387e+01 4.556974432203504932e+01 -1.448859463797675318e+01
-1.147255682945251465e+01 4.374725437164306641e+01 -1.496622419357299805e+01
-1.147255682945251465e+01 4.780913162231445312e+01 -1.520904879570007395e+01
-1.534167962604098889e+01 4.788060145907931542e+01 -1.487777015897962762e+01
-1.629676198959350586e+01 4.735197544097900391e+01 -1.459293079376220703e+01
-1.502221838633219342e+01 4.957204606797959912e+01 -1.486706935034857935e+01
-1.483163356781005859e+01 4.602238400777181226e+01 -1.481328550974527936e+01
-1.340223922729492223e+01 4.780913162231445312e+01 -1.518924034118652422e+01
-1.597514733401211906e+01 4.987525246360085163e+01 -1.451618151231245513e+01
-1.744460926885190233e+01 4.784641929294752316e+01 -1.417725305971891991e+01
-1.574877998563978387e+01 4.556974432203504932e+01 -1.448859463797675318e+01
-1.340223918241612999e+01 4.975126625509822986e+01 -1.496999426449046489e+01
-1.629676198959350586e+01 4.735197544097900391e+01 -1.459293079376220703e+01
-1.534167962604098889e+01 4.788060145907931542e+01 -1.487777015897962762e+01
-1.744460926885190233e+01 4.784641929294752316e+01 -1.417725305971891991e+01
-1.574877998563978387e+01 4.556974432203504932e+01 -1.448859463797675318e+01
-1.483163356781005859e+01 4.602238400777181226e+01 -1.481328550974527936e+01
-1.742786741256713867e+01 4.568647727966308736e+01 -1.379656896591186488e+01
-1.597514733401211906e+01 4.987525246360085163e+01 -1.451618151231245513e+01
-1.502221838633219342e+01 4.957204606797959912e+01 -1.486706935034857935e+01
-1.748175489902496338e+01 4.973153185844421387e+01 -1.416028356552124023e+01
-1.340223922729492223e+01 4.780913162231445312e+01 -1.518924034118652422e+01
-1.147255682945251465e+01 4.780913162231445312e+01 -1.520904879570007395e+01
-1.340223918241612999e+01 4.975126625509822986e+01 -1.496999426449046489e+01
-1.534167962604098889e+01 4.788060145907931542e+01 -1.487777015897962762e+01
-1.336876797676086426e+01 4.562930154800415039e+01 -1.503200046221415143e+01
-1.483163356781005859e+01 4.602238400777181226e+01 -1.481328550974527936e+01
-1.502221838633219342e+01 4.957204606797959912e+01 -1.486706935034857935e+01
-1.162214954694112201e+01 4.971940581003824633e+01 -1.490976826349894147e+01
-1.147255682945251465e+01 4.566503677368164205e+01 -1.517096757888793945e+01
-1.550589646791156895e+01 4.371479355661492860e+01 -1.414290106923956536e+01
-1.388466048240661621e+01 4.346734333038330078e+01 -1.459777688980102539e+01
-1.574877998563978387e+01 4.556974432203504932e+01 -1.448859463797675318e+01
-1.543302236903797464e+01 4.185852310874245319e+01 -1.348683933778242583e+01
-1.733131490434919186e+01 4.386587878635951654e+01 -1.322877386638096375e+01
-1.682291348775227746e+01 4.237743377685546875e+01 -1.290595499674479107e+01
-1.483163356781005859e+01 4.602238400777181226e+01 -1.481328550974527936e+01
-1.308062505722045898e+01 4.391402848561605055e+01 -1.483080108960469623e+01
-1.742786741256713867e+01 4.568647727966308736e+01 -1.379656896591186488e+01
-1.388466048240661621e+01 4.346734333038330078e+01 -1.459777688980102539e+01
-1.308062505722045898e+01 4.391402848561605055e+01 -1.483080108960469623e+01
-1.550589646791156895e+01 4.371479355661492860e+01 -1.414290106923956536e+01
-1.340223922729492223e+01 4.180567092895508097e+01 -1.422827838897705099e+01
-1.336876797676086426e+01 4.562930154800415039e+01 -1.503200046221415143e+01
-1.147255682945251465e+01 4.374725437164306641e+01 -1.496622419357299805e+01
-1.543302236903797464e+01 4.185852310874245319e+01 -1.348683933778242583e+01
-1.147255682945251465e+01 4.266331863403320312e+01 -1.474666476249694824e+01
-1.483163356781005859e+01 4.602238400777181226e+01 -1.481328550974527936e+01
-1.308062505722045898e+01 4.391402848561605055e+01 -1.483080108960469623e+01
-1.388466048240661621e+01 4.346734333038330078e+01 -1.459777688980102539e+01
-1.147255682945251465e+01 4.374725437164306641e+01 -1.496622419357299805e+01
-1.336876797676086426e+01 4.562930154800415039e+01 -1.503200046221415143e+01
-1.147255682945251465e+01 4.266331863403320312e+01 -1.474666476249694824e+01
-1.340223922729492223e+01 4.180567092895508097e+01 -1.422827838897705099e+01
-1.147255682945251465e+01 4.566503677368164205e+01 -1.517096757888793945e+01
-1.550589646791156895e+01 4.371479355661492860e+01 -1.414290106923956536e+01
-1.483163356781005859e+01 4.602238400777181226e+01 -1.481328550974527936e+01
