3.044199086250142905e+00 5.993059515445790453e+01 -4.627261717776034544e+01
-5.239870522946727505e+01 7.487095844502351838e+01 -4.897972083578304137e+01
1.483402071607873829e+01 7.499739058474277442e+01 2.969627364138339587e+01
-1.476071184022086058e+01 9.024147169930594714e+01 -3.035081468309675046e+01
5.593619426091511748e+00 1.155689702715192446e+01 2.722234567006428918e+01
<<<<<<< HEAD
1.575739479064941406e+01 8.854685974121093750e+01 -2.301277160644531250e+01
-5.922447477068219968e+01 5.968401118687221185e+01 -5.373528235299246347e+01
3.236609109781556270e+01 -4.841777497631008487e+01 8.128251730385473550e+00
1.030914555097881191e+01 8.087714566682514317e+01 -2.492242717742919922e+01
-1.818201278917717190e+01 9.358187380704012526e+01 -3.039236178542628508e+01
-5.233049625820584083e+01 6.805319892035589646e+01 -5.712854427761502052e+01
1.146921348571777344e+01 8.447308731079101562e+01 -2.930123233795166016e+01
-5.226212812724866552e+01 6.686764084665398400e+01 -5.687262906526264317e+01
5.216202926635742188e+01 8.683157857259114110e+01 -3.853551355997721117e+01
-1.264168834686279297e+01 1.161614558913490924e+01 2.675771336121992761e+01
-6.311867609024047532e+00 -6.269678001403808487e+00 5.317307182312011804e+01
-6.623713839799165726e-01 5.262573289871215820e+01 -2.712617095311482629e+01
-2.496005908648173133e+01 5.674461770057678223e+01 2.624783500035603723e+01
-5.366911824544271070e+01 6.671626112196180713e+01 -5.694625600179036695e+01
1.472161343097686803e+01 9.263699645996094034e+01 -2.766603450775146555e+01
-3.080715916607831062e+01 6.355221846296980459e+01 8.365772517951759468e+00
5.524733505249023402e+00 5.695216506958007585e+01 -4.271424186706543225e+01
4.837269618899323120e+01 5.964885631827421264e+01 -2.485084369570709839e+01
-5.442669505457724455e+01 6.881717977216166560e+01 -5.477151175468198829e+01
6.158705757988823848e+01 6.292783881293402715e+01 -1.877091208563910740e+01
3.453315721239362546e+01 -4.895074422018868887e+01 2.100425724472318567e+00
1.747491280576015882e+01 -5.340663155089033154e+01 2.917735968244836542e+01
-5.611036491394042969e+01 6.453304290771484375e+01 -4.693388748168945312e+01
5.359136477760646500e+00 8.276440728229025012e+01 2.841780770343282825e+01
-5.279593610763549805e+01 7.294525146484375000e+01 -4.945332193374633789e+01
-4.538591497915762574e+01 7.206955210367839015e+01 -2.785064015565095019e+01
-5.139132293701172216e+01 7.492190689086913835e+01 -5.396565879821777401e+01
3.259239665667215746e+01 -2.425117965539296350e+01 8.182394027709960938e+00
-2.326327610015869141e+01 7.667303276062011719e+01 1.632453680038452148e+01
4.947455749511718892e+01 8.456317901611328125e+01 -2.490456825256347528e+01
-8.429747343063354492e+00 6.075376892089843750e+01 -3.170699191093444824e+01
5.063747135798136156e+01 6.271469275156656664e+01 -2.740572233994801721e+01
3.365622329711914062e+01 -5.060008107060971128e+01 6.083709571672522465e+00
5.038084248134067877e+01 8.692538763552295222e+01 -3.923611535831373232e+01
-5.134886940850152115e+01 7.486497565375434249e+01 -3.368921763102213873e+01
-6.684087912241618135e+00 7.301844755808512666e+00 2.146260833740234375e+01
8.494288096825281187e+00 1.179309235016504864e+01 2.688264914353688440e+01
-5.774188232421875000e+01 7.520389048258464015e+01 -4.597039081432200902e+01
-5.759561881372484038e+01 5.949994025796146957e+01 -5.422294235229492188e+01
-3.860070601105690002e+00 -4.142312616109848022e+00 5.518968677520751953e+01
4.733668492204051859e+01 5.984091115401962924e+01 -2.178234834186101310e+01
1.197308733969023820e+01 6.554870882901278151e+01 -2.169312595598625393e+01
-3.255611928304036695e+01 -5.271360143025716383e+01 1.917557875315348426e+01
-5.679793596267700195e+01 6.662561511993408203e+01 -5.408771514892578125e+01
-5.263634024726020044e+01 6.678175947401258838e+01 -5.573525492350260180e+01
-5.635867418561662845e+01 7.400714329310825690e+01 -5.062082018171037845e+01
-4.557517786228910239e+01 -5.317821356590757631e+01 1.120319616033675736e+01
-2.939042864090357199e+01 6.866859279534754990e+01 7.961104735349997519e+00
8.235900312662124634e+00 6.874684699376423680e+01 -3.074912091096242150e+01
5.046342263570645770e+01 6.007515400211985224e+01 -2.702236073191572885e+01
-2.852404594421386719e+01 -5.308459854125976562e+01 1.190608882904052734e+01
-3.058100306987762451e+01 -5.342741378148397047e+01 1.119717723131179810e+01
-4.577471209586934719e+01 6.905959514861410753e+01 -3.061231657799254080e+01
4.718772649765014648e+00 5.952891852638938275e+01 -4.499955784190785124e+01
9.453898429870605469e+00 8.630134465144230660e+01 -2.692701589144193264e+01
1.422530414318216252e+01 6.876439114274650422e+01 -1.550137990096519758e+01
7.478538910547892549e+00 7.079900232950846828e+01 -3.273354212443033617e+01
-5.680661460331508295e+01 6.839134815761021002e+01 -5.429054532732282468e+01
-6.098194906586095199e-01 5.979905225519548395e+01 -4.819704524257726774e+01
-5.472958827018737793e+01 7.960667467117309570e+01 -3.782556509971618652e+01
5.757377134050641843e+01 8.188699885777064935e+01 -3.186954770769391843e+01
=======
3.236609109781556270e+01 -4.841777497631008487e+01 8.128251730385473550e+00
1.030914555097881191e+01 8.087714566682514317e+01 -2.492242717742919922e+01
-1.818201278917717190e+01 9.358187380704012526e+01 -3.039236178542628508e+01
1.146921348571777344e+01 8.447308731079101562e+01 -2.930123233795166016e+01
5.216202926635742188e+01 8.683157857259114110e+01 -3.853551355997721117e+01
-2.496005908648173133e+01 5.674461770057678223e+01 2.624783500035603723e+01
-3.080715916607831062e+01 6.355221846296980459e+01 8.365772517951759468e+00
5.524733505249023402e+00 5.695216506958007585e+01 -4.271424186706543225e+01
4.837269618899323120e+01 5.964885631827421264e+01 -2.485084369570709839e+01
-5.139132293701172216e+01 7.492190689086913835e+01 -5.396565879821777401e+01
-8.429747343063354492e+00 6.075376892089843750e+01 -3.170699191093444824e+01
5.063747135798136156e+01 6.271469275156656664e+01 -2.740572233994801721e+01
3.365622329711914062e+01 -5.060008107060971128e+01 6.083709571672522465e+00
-3.860070601105690002e+00 -4.142312616109848022e+00 5.518968677520751953e+01
1.197308733969023820e+01 6.554870882901278151e+01 -2.169312595598625393e+01
-5.679793596267700195e+01 6.662561511993408203e+01 -5.408771514892578125e+01
-2.939042864090357199e+01 6.866859279534754990e+01 7.961104735349997519e+00
5.046342263570645770e+01 6.007515400211985224e+01 -2.702236073191572885e+01
-3.058100306987762451e+01 -5.342741378148397047e+01 1.119717723131179810e+01
9.453898429870605469e+00 8.630134465144230660e+01 -2.692701589144193264e+01
1.422530414318216252e+01 6.876439114274650422e+01 -1.550137990096519758e+01
-5.680661460331508295e+01 6.839134815761021002e+01 -5.429054532732282468e+01
>>>>>>> c097736c933ccba9e01a6339a6f62e1aee0a0cff
2.187833355820697268e+00 5.991806055151897681e+01 -4.808509975930918756e+01
-1.342044790585835834e+01 6.516844685872395360e+01 -1.390924533208211322e+01
-3.861251099904378314e+00 7.129005203247069744e+01 -3.331712443033854498e+01
3.420458837655874618e+01 -1.512818365830641554e+01 4.069036978941697136e+00
2.796142339706420898e+00 5.541656112670898438e+01 -4.088755264282226420e+01
1.425214263371058898e+01 6.517604391915457995e+01 -1.052013710566929383e+01
-1.905567735433578491e+01 9.294521260261535645e+01 -2.413788485527038574e+01
<<<<<<< HEAD
3.472005726740910347e+01 -5.119237503638634479e+01 1.645316230333768459e+01
-8.418486074967818311e+00 6.026760367191199208e+01 -3.394906408136541387e+01
4.748568850147481157e+01 7.551501822958186949e+01 -1.584147984640938844e+01
-2.774130035028225194e+01 -5.342441344842678319e+01 1.434167689811892643e+01
-4.965174102783203125e+01 7.456038061777751125e+01 -5.383867661158243578e+01
3.135419527689616004e+01 -4.626217110951741773e+01 8.562393347422281309e+00
1.845824317932128977e+01 -5.316031901041666430e+01 1.146724185943603480e+01
-5.753177022933959961e+01 6.593304204940795898e+01 -5.176612941424051684e+01
3.410243225097656250e+01 -1.329746103286743164e+01 4.095472931861877441e+00
2.989082722331202291e+01 -5.119656274485033265e+01 2.075477187578068339e+01
=======
4.748568850147481157e+01 7.551501822958186949e+01 -1.584147984640938844e+01
-2.774130035028225194e+01 -5.342441344842678319e+01 1.434167689811892643e+01
-4.965174102783203125e+01 7.456038061777751125e+01 -5.383867661158243578e+01
1.845824317932128977e+01 -5.316031901041666430e+01 1.146724185943603480e+01
3.410243225097656250e+01 -1.329746103286743164e+01 4.095472931861877441e+00
>>>>>>> c097736c933ccba9e01a6339a6f62e1aee0a0cff
-5.174416263286884288e+01 8.109340882912660220e+01 -4.486580061301206968e+01
1.356377957661946532e+01 -2.744834035237630232e+01 1.068435564041137731e+01
-4.765995559692382955e+01 -5.318599472045898580e+01 1.302980957031249964e+01
-7.699247264862060902e+00 8.643134765624999716e+01 -2.693041890462239607e+01
-2.929608099801199828e+01 6.570591445196242830e+01 8.191853931971959213e+00
-5.177906824747721259e+01 7.802189110649956660e+01 -4.267878087361653883e+01
<<<<<<< HEAD
-1.134130882973573673e+00 -6.282731192452566837e+00 5.317064495475924701e+01
4.641959178142058384e+00 6.567045436761317490e+01 -3.361833142011593623e+01
-2.252964496612548828e+00 6.128588104248046875e+01 -4.457538604736328125e+01
-5.126901784436456211e+01 8.331074260843210766e+01 -4.508294335727033797e+01
-5.339985847473144531e+01 7.503907521565754735e+01 -5.346103477478027344e+01
2.047116291522979736e+01 -5.335423779487609863e+01 1.116527905066808124e+01
-5.741519976419115778e+01 5.947628826565212989e+01 -5.187604928395104764e+01
5.047892684936523722e+01 5.054221801757812216e+01 -9.797641029357910369e+00
3.278724907062672145e+01 -4.811653165464048243e+01 5.222595426771375671e+00
-6.009353337389357819e+01 5.983470364834399646e+01 -5.174535183196372401e+01
1.228956362406412772e+01 8.619086608886718182e+01 -2.503710746765136719e+01
3.566620031392799461e+01 -4.807239043037846216e+01 1.120135568222909583e+01
2.061767748423985136e+00 8.573534066336495130e+01 2.518850776127406377e+01
-3.946823333030523173e+01 6.535181551201398520e+01 -9.131656879949014982e-01
=======
-5.126901784436456211e+01 8.331074260843210766e+01 -4.508294335727033797e+01
-5.339985847473144531e+01 7.503907521565754735e+01 -5.346103477478027344e+01
2.047116291522979736e+01 -5.335423779487609863e+01 1.116527905066808124e+01
5.047892684936523722e+01 5.054221801757812216e+01 -9.797641029357910369e+00
2.061767748423985136e+00 8.573534066336495130e+01 2.518850776127406377e+01
>>>>>>> c097736c933ccba9e01a6339a6f62e1aee0a0cff
2.443828194037727553e+00 5.676075338280719507e+01 3.916791235882303113e+01
-4.614873181856595608e+01 -5.308333220848670209e+01 -5.225682838891561044e-01
-5.779521028385605774e+01 6.212410851412041524e+01 -5.163050726957099101e+01
-3.586635565271182990e+00 8.978595313247369347e+01 5.208463250374307130e+00
-5.516213968637827492e+01 6.621830728891733031e+01 -5.197073725107554054e+01
-5.765031536554886316e+01 6.916703292070809539e+01 -5.185743726310083446e+01
-6.054331491507736018e+01 6.277403895060221117e+01 -4.872416903925876852e+01
-5.489832756736061725e+01 6.887053416859019705e+01 -5.185049341375177789e+01
-2.077216392517089716e+01 -4.059280271530151474e+00 1.863684358596801705e+00
3.553720206402717707e+01 -5.125496227183240450e+01 7.709651287565839617e+00
<<<<<<< HEAD
-1.049830363346980100e+01 6.513421777578500382e+01 -1.882980625446026224e+01
-2.825224920908609860e+01 6.651858952840169081e+01 2.237261311213175397e+00
=======
>>>>>>> c097736c933ccba9e01a6339a6f62e1aee0a0cff
-1.517994064092636153e+00 6.001822280883789062e+01 -4.647714099884033345e+01
-5.056973713002306425e+01 7.182294123223486793e+01 -3.683104624646774994e+01
-5.132521155784870359e+01 7.454261437777815047e+01 -5.202619368454505633e+01
1.722763754681843196e+01 8.680066848382716671e+01 -1.943447852716213475e+01
2.452281042933464050e+00 6.281776364644368726e+01 3.911903381347656250e+01
<<<<<<< HEAD
1.167763169606526752e+01 3.831248904497195440e+01 2.940853128677759543e+01
-5.471556313832601148e+01 7.478821516036987305e+01 -5.200145832697550219e+01
-2.016372442245483398e+00 6.024486541748046875e+01 -4.757711410522460938e+01
2.298510930117438900e+00 5.754055124170639601e+01 -4.539682444404153472e+01
=======
-2.016372442245483398e+00 6.024486541748046875e+01 -4.757711410522460938e+01
>>>>>>> c097736c933ccba9e01a6339a6f62e1aee0a0cff
2.279723734469027097e+00 8.323021656758076858e+01 2.883222750070932605e+01
5.454501225398136910e+01 8.508164567213792395e+01 -2.791052715594952005e+01
-4.988706054687499858e+01 7.484710388183593466e+01 -5.307951965332031108e+01
-5.737386016845702841e+01 5.963479549701397531e+01 -4.884050821157602229e+01
<<<<<<< HEAD
3.317164728592852896e+01 -2.418945016666334524e+01 1.116845627220309467e+01
-5.206284346403899121e+01 7.649975981535735059e+01 -5.203826438056098169e+01
-5.990092639923095419e+01 6.199378051757812358e+01 -5.142181186676025106e+01
1.027680312262641138e+01 7.952909681532118213e+01 -1.031544600592719263e+01
-5.232553049723307481e+01 7.297483673095703693e+01 -5.165370407104492045e+01
1.561445522308349609e+01 9.443148040771484375e+01 -2.670796330769856652e+01
-9.540727237860361143e+00 5.079491448402404785e+01 3.760315704345703125e+01
-4.685005569458007812e+01 5.215155792236328125e+01 -2.656502342224121094e+01
-4.241020653464577350e+01 -5.337291006608442956e+01 -6.974214239553972128e+00
-3.140165654095736336e+00 5.977829215309836997e+01 -4.553667637218128306e+01
3.977121734619140625e+01 6.796356964111328125e+01 -1.429737281799316406e+01
-5.125440723718480696e-01 6.583900321798121524e+01 3.841441044908889069e+01
=======
-5.206284346403899121e+01 7.649975981535735059e+01 -5.203826438056098169e+01
-5.990092639923095419e+01 6.199378051757812358e+01 -5.142181186676025106e+01
-4.241020653464577350e+01 -5.337291006608442956e+01 -6.974214239553972128e+00
-3.140165654095736336e+00 5.977829215309836997e+01 -4.553667637218128306e+01
3.977121734619140625e+01 6.796356964111328125e+01 -1.429737281799316406e+01
>>>>>>> c097736c933ccba9e01a6339a6f62e1aee0a0cff
-4.507001174926757869e+01 6.809168609619140966e+01 -2.843830078124999972e+01
-5.377186864217122064e+01 7.647977956136067235e+01 -5.125595347086588305e+01
5.125694274902343750e+01 8.468996320452008320e+01 -3.652065622238885823e+01
3.331842934213033658e+01 -2.108852707467428189e+01 1.131841882845250602e+01
2.467040985822677612e+00 5.626215145804665241e+01 -4.300959196957674635e+01
-5.376948054347719941e-01 8.484605843680245130e+01 2.681339985983712282e+01
-5.954049631953239441e+00 -6.432487040758132935e+00 5.572204959392547607e+01
<<<<<<< HEAD
-3.951803312910364241e+01 -4.318603288366439585e+01 8.207008828508092435e+00
=======
>>>>>>> c097736c933ccba9e01a6339a6f62e1aee0a0cff
-5.437386339361017207e+01 7.637434109774503099e+01 -4.938984628157182044e+01
-3.353544145949343402e+01 -5.343731567707467889e+01 8.152265832779255206e+00
3.547950573356784076e+01 -5.381747903629224794e+01 1.116827127884845261e+01
-2.542146728778707399e+01 -5.112957303277377719e+01 1.491064640571331168e+01
1.764426252116327642e+00 6.160281023771866415e+01 -4.565675436932107800e+01
<<<<<<< HEAD
-2.030959053039550710e+01 9.485634155273437784e+01 -2.591835861206054759e+01
-5.116413106145085266e+01 -5.348829310649150415e+01 -4.051078267999597138e+00
-5.740004140680486699e+01 5.922918756658380346e+01 -4.587332382202148295e+01
1.752505119810713197e+01 -5.312511468440928297e+01 1.720179902746322398e+01
-1.478267489160810122e+01 8.686220932006835938e+01 -1.960949761526925172e+01
=======
-5.116413106145085266e+01 -5.348829310649150415e+01 -4.051078267999597138e+00
1.752505119810713197e+01 -5.312511468440928297e+01 1.720179902746322398e+01
>>>>>>> c097736c933ccba9e01a6339a6f62e1aee0a0cff
2.327636024475097543e+01 4.175072715759277031e+01 1.718451812744140739e+01
-3.512620404362678528e+00 9.046083482106526219e+01 8.178179482618967100e+00
1.488281191312349705e+01 8.950255389091296365e+01 -2.499656403370392610e+01
1.948186600208282471e+01 4.520819735527038574e+01 -8.876290023326873779e+00
<<<<<<< HEAD
1.126790769049461893e+01 -3.274385150442732151e+00 1.725082782988852514e+01
-4.787169378775137574e+01 -5.119808804547345460e+01 1.331512758466932489e+01
6.136933151245116846e+01 7.456139892578124773e+01 -3.929098770141601449e+01
-4.504611929869040665e+01 -5.141681690705128460e+01 -1.275714669663172485e+00
5.405679930340159700e+00 6.201645183563232422e+01 -3.979308249733664837e+01
5.985320996265022231e+00 6.011046654837472403e+01 -4.310552371278100736e+01
2.947957583836146611e+01 -5.320582308088030032e+01 1.417269965580531554e+01
-5.928809432983398153e+01 6.676289672851562784e+01 -5.071552352905273153e+01
-2.065514028072357178e-02 6.150576243681066302e+01 -4.815377987132352899e+01
-4.906723041069216862e+01 8.364002432474275395e+01 -4.507952397044112303e+01
-5.917885818481445170e+01 6.787781372070313068e+01 -5.077225952148437216e+01
5.951946418229923808e+01 7.232210966598155721e+01 -3.978658285806345418e+01
-2.980058193206787109e+01 6.583068593343098485e+01 1.119655354817708393e+01
-5.609465662638346117e+01 6.388981056213378906e+01 -4.671947860717773438e+01
-3.114456418844369878e+01 5.400338275615985850e+01 -1.173887832348163229e+01
-4.077095158894857008e+01 6.782063802083332860e+01 -2.380579757690429688e+01
6.198873233795166016e+01 7.193699160489168776e+01 -3.673160847750577318e+01
-6.050222354465060448e+01 5.974707956667299413e+01 -4.887072358308014941e+01
3.246476865851360571e+01 -5.359973683564559366e+01 1.422542010182919725e+01
-5.718588613291255740e+01 6.297266963270843831e+01 -4.894108168805232140e+01
1.802786380686658418e+01 -5.123589227554646186e+01 1.117095009824062934e+01
-5.748838195800781392e+01 6.508876705169677734e+01 -4.915188426971435831e+01
-6.001891917274112132e+01 6.597444461640857583e+01 -4.848385265895298346e+01
-5.559186706542968892e+01 6.632020772298177747e+01 -4.866153628031413092e+01
-5.077067674909319095e+01 5.197085135323660410e+01 -2.671994509015764407e+01
-5.549029176885431269e+01 6.869515679099343686e+01 -4.875132803483442956e+01
-5.749645952078012101e+01 6.986341461768516581e+01 -4.890347055288461320e+01
-5.440414014913267948e+01 7.174853619074417566e+01 -4.875757715257547886e+01
1.815163071950276574e+01 6.371867752075195312e+01 -1.154587856928507428e+01
-1.368077379465103105e+00 7.378161001205444158e+00 1.404405407905578684e+01
1.391525253089698566e+01 -3.440437368444494215e+00 1.889571819756482141e+00
-3.554467331618070824e-01 5.763935518264770508e+01 -4.565751829147338725e+01
-5.713748948470406219e+01 7.482125390094259387e+01 -4.865361221976902328e+01
-3.633649454361353293e+01 -5.312768672062800590e+01 1.995964250809107199e+01
1.472912464971127733e+01 8.074562404466712451e+01 -1.857734414805536716e+01
1.747025369138133755e+01 -5.294120119055923368e+01 2.017959839957100954e+01
5.663055737813313506e+00 3.616346184412638554e+00 1.978323853810628208e+01
1.750779376559787437e+01 9.296156260172526231e+01 -2.121388015747070455e+01
2.226724853515624858e+01 9.531655273437499432e+01 -2.560030612945556783e+01
-2.127444227686468281e+01 9.566186249930903784e+01 -3.033183029462706415e+01
-3.822279007006914142e+00 6.373145558283879097e+01 -3.697498497596154010e+01
-1.857485779126485070e+01 9.690357828140258789e+01 -2.783358085155487061e+01
5.315197644914899655e+01 8.621395015716552734e+01 -3.079631461415971927e+01
1.548254716396331832e+00 6.145119552612304403e+01 -4.811389579772949077e+01
4.206290931701660440e+01 5.688645172119140625e+01 6.164317242304483635e+00
-5.789639833811166980e+00 5.726375909753748061e+01 -3.988229060817409533e+01
5.411524824194006378e+00 8.019345154633393236e+01 -2.441270488017314122e+01
=======
6.136933151245116846e+01 7.456139892578124773e+01 -3.929098770141601449e+01
-4.504611929869040665e+01 -5.141681690705128460e+01 -1.275714669663172485e+00
-2.065514028072357178e-02 6.150576243681066302e+01 -4.815377987132352899e+01
-4.906723041069216862e+01 8.364002432474275395e+01 -4.507952397044112303e+01
-2.980058193206787109e+01 6.583068593343098485e+01 1.119655354817708393e+01
-3.114456418844369878e+01 5.400338275615985850e+01 -1.173887832348163229e+01
6.198873233795166016e+01 7.193699160489168776e+01 -3.673160847750577318e+01
3.246476865851360571e+01 -5.359973683564559366e+01 1.422542010182919725e+01
1.802786380686658418e+01 -5.123589227554646186e+01 1.117095009824062934e+01
-5.748838195800781392e+01 6.508876705169677734e+01 -4.915188426971435831e+01
-5.559186706542968892e+01 6.632020772298177747e+01 -4.866153628031413092e+01
-5.549029176885431269e+01 6.869515679099343686e+01 -4.875132803483442956e+01
-5.749645952078012101e+01 6.986341461768516581e+01 -4.890347055288461320e+01
1.391525253089698566e+01 -3.440437368444494215e+00 1.889571819756482141e+00
-3.554467331618070824e-01 5.763935518264770508e+01 -4.565751829147338725e+01
-5.713748948470406219e+01 7.482125390094259387e+01 -4.865361221976902328e+01
1.472912464971127733e+01 8.074562404466712451e+01 -1.857734414805536716e+01
1.747025369138133755e+01 -5.294120119055923368e+01 2.017959839957100954e+01
2.226724853515624858e+01 9.531655273437499432e+01 -2.560030612945556783e+01
-2.127444227686468281e+01 9.566186249930903784e+01 -3.033183029462706415e+01
-1.857485779126485070e+01 9.690357828140258789e+01 -2.783358085155487061e+01
5.315197644914899655e+01 8.621395015716552734e+01 -3.079631461415971927e+01
1.548254716396331832e+00 6.145119552612304403e+01 -4.811389579772949077e+01
>>>>>>> c097736c933ccba9e01a6339a6f62e1aee0a0cff
-1.851728057861328214e+00 -8.370253944396973012e+00 5.516771545410156108e+01
-2.301648995624138716e-01 6.178576004810822297e+01 -4.574099193475185388e+01
3.784384346008300781e+01 -5.337204532623290731e+01 1.061700568199157679e+01
4.261244773864746094e+00 6.803497208489312165e+00 2.534071879916720960e+01
-3.998288983714823530e+01 -3.237735845604721163e+00 1.116303953832509599e+01
<<<<<<< HEAD
3.312010566048000015e+01 -2.117835389012875780e+01 8.083004194757211991e+00
-5.259468670313557359e-01 8.999205223719279445e+01 8.187113086382547422e+00
8.362900990706224391e+00 3.920407603337214653e+01 3.155901752374111169e+01
-3.107413341153052500e+01 -5.339430224510930856e+01 8.293741164668913868e+00
2.137607272466023645e+01 -5.136244058609008789e+01 3.005458140373229980e+01
-6.214710820515950473e+01 6.067367502848307481e+01 -4.529565760294596544e+01
4.472588451488597627e+01 5.410614859091268869e+01 -2.118443174619932279e+01
5.925351342095269302e+01 7.473969845241970233e+01 -4.227474984063042740e+01
-3.324699189927842724e+01 -5.718296898735894196e+00 -2.417445752355787292e+00
-1.301804405100205386e+01 3.615815016802619652e+01 2.988498452130485816e+01
1.053962465774181290e+01 7.788582007829532472e+01 -2.472861174649970550e+01
-3.663561104668511348e+01 -5.290717697143554688e+01 1.721613650851779553e+01
-4.971037743308327350e+01 8.159142754294656186e+01 -4.314543099836869544e+01
-5.844745809381658574e+01 7.154950506036931301e+01 -4.673120169206099206e+01
-5.664632987976074396e+00 -1.150581012725830021e+01 5.670777664184570455e+01
-3.770193481445312500e+01 -4.132933171590169508e+01 1.003227551778157611e+01
5.914917179029814776e+01 7.165479761240433731e+01 -1.884510063638492383e+01
-1.827646045195750801e+01 6.567029551970652790e+01 -1.492040675725692367e+01
1.154522963493100995e+01 6.762469679309475623e+01 -1.333942247206164922e+01
-4.599246924264090097e+01 5.681517846243722403e+01 -1.375270911625453285e-01
5.659770758110180111e+01 7.487934487326103294e+01 -3.678407642297577240e+01
-6.225833618164062244e+01 6.226947509765624744e+01 -4.548168045043945540e+01
5.914993901686234778e+01 8.048933306607332838e+01 -3.390156589854847624e+01
4.757514863447709530e+01 4.990810803500088610e+01 -9.708832376653498741e+00
-5.896791358788807891e+00 -8.804218769073486328e+00 5.390776920318603516e+01
5.396305647350492762e+01 5.891666721162341958e+01 -2.565148308163597335e+01
-4.055763673782348633e+01 6.791371027628581203e+01 -2.179442286491394043e+01
2.647488594055175781e+01 -5.321316730732820588e+01 2.017470597247688247e+01
3.739518229166666430e+01 5.124097442626953125e+01 1.012494892544216540e+01
2.882690382003784180e+01 -4.223831383387247485e+01 2.020737846692403039e+01
-1.055297374725341797e+01 9.197169318565956075e+01 -2.718206390967736041e+01
-8.184254288673400879e+00 6.178242635726928711e+01 -3.605262565612792969e+01
=======
-5.259468670313557359e-01 8.999205223719279445e+01 8.187113086382547422e+00
2.137607272466023645e+01 -5.136244058609008789e+01 3.005458140373229980e+01
-6.214710820515950473e+01 6.067367502848307481e+01 -4.529565760294596544e+01
-3.324699189927842724e+01 -5.718296898735894196e+00 -2.417445752355787292e+00
1.053962465774181290e+01 7.788582007829532472e+01 -2.472861174649970550e+01
-4.971037743308327350e+01 8.159142754294656186e+01 -4.314543099836869544e+01
-1.827646045195750801e+01 6.567029551970652790e+01 -1.492040675725692367e+01
-4.599246924264090097e+01 5.681517846243722403e+01 -1.375270911625453285e-01
5.659770758110180111e+01 7.487934487326103294e+01 -3.678407642297577240e+01
-5.896791358788807891e+00 -8.804218769073486328e+00 5.390776920318603516e+01
2.647488594055175781e+01 -5.321316730732820588e+01 2.017470597247688247e+01
-1.055297374725341797e+01 9.197169318565956075e+01 -2.718206390967736041e+01
>>>>>>> c097736c933ccba9e01a6339a6f62e1aee0a0cff
-2.110007493039394788e+01 9.322719411647065613e+01 -2.758619990247361287e+01
-5.353443929925560951e-01 8.968725903828938328e+01 1.416582943995793720e+01
2.937707888561746472e+01 -5.348547504259192209e+01 2.006936463065769516e+01
6.136055501302083570e+01 7.282351684570312500e+01 -3.886948521931966383e+01
8.455799501995707956e+00 8.405570433860602009e+01 -1.550406298526497828e+01
<<<<<<< HEAD
-4.846995826721191492e+01 -5.344342987060547046e+01 1.115576076507568359e+01
2.045871551669373645e+01 3.913462160071548368e+01 2.012760325840541142e+01
=======
>>>>>>> c097736c933ccba9e01a6339a6f62e1aee0a0cff
-3.379492498327184791e+01 -5.268505209463614136e+01 1.719030984242757043e+01
-3.513167366689565085e+00 8.997164870281608273e+01 1.421016626941914396e+01
4.691910096577236011e+00 5.468611471993582285e+01 -3.920416968209402597e+01
9.564302487806839892e+00 -2.503619871356270732e+00 1.420696033130992575e+01
-2.051519497581150375e+01 2.972373771667480469e+01 1.711473048251608020e+01
2.047439680708215448e+01 -5.315799347897793581e+01 2.617960755368496351e+01
5.539412803649902628e+01 8.560498886108398153e+01 -3.123914241790771484e+01
-3.539421592439924158e+00 9.046769340670839199e+01 1.117097227913992796e+01
-3.659994050730829684e+01 5.074842967157778872e+01 8.442535255266273353e+00
-1.479653995915463049e+01 8.010017756411903633e+01 2.561204829968904306e+01
-1.073282305399576764e+01 8.297221374511718750e+01 -2.307862472534179688e+01
<<<<<<< HEAD
1.807582612832387170e+01 2.988802015781402588e+01 1.109577773014704327e+01
2.632462751297723713e+01 -2.134377048129127274e+01 2.548847089494977780e+01
-4.505526979764302276e+00 6.086740684509277344e+01 -4.386068852742513258e+01
5.139189425969527747e+01 8.402326292910818495e+01 -3.084010631755246834e+01
-1.649306447165352907e+01 9.182127489362444805e+01 -2.827173709869384766e+01
-2.954477672223691620e+00 5.181224921897605640e+01 -3.074139029891402686e+01
4.026566619873047159e+01 5.122463150024414347e+01 7.051451873779297053e+00
5.039096421461839270e+01 5.678037320650540920e+01 -2.456640155498797995e+01
=======
-4.505526979764302276e+00 6.086740684509277344e+01 -4.386068852742513258e+01
5.139189425969527747e+01 8.402326292910818495e+01 -3.084010631755246834e+01
4.026566619873047159e+01 5.122463150024414347e+01 7.051451873779297053e+00
>>>>>>> c097736c933ccba9e01a6339a6f62e1aee0a0cff
-5.328232574462890625e+01 8.229161071777343750e+01 -4.114484405517578125e+01
5.499809440813566930e+00 5.653042060450503925e+01 -3.677314684683816637e+01
-5.469100713729858398e+00 -4.345840573310852051e+00 5.508590888977050781e+01
-3.655017781257629395e+01 6.525942866007487453e+01 -9.819080412387847900e+00
2.718057844979422555e+01 -5.137134611947195850e+01 2.142099628278187229e+00
3.133531782362196338e+01 -4.659959114922417456e+01 5.167517238193088502e+00
-5.237019028774527385e+01 7.469548620179642739e+01 -4.267080005379609986e+01
<<<<<<< HEAD
-5.468135839892971717e+01 7.766882434968024995e+01 -4.323543431681971327e+01
-5.057241168551974653e+01 8.051622890896267393e+01 -4.238908979627821338e+01
-5.461578697204589616e+01 8.067603149414063068e+01 -4.286862281799316321e+01
-5.027740139431423927e+01 5.776181962754991162e+01 -3.174022568596733862e+01
=======
-5.057241168551974653e+01 8.051622890896267393e+01 -4.238908979627821338e+01
>>>>>>> c097736c933ccba9e01a6339a6f62e1aee0a0cff
-3.580658642450968188e+01 5.677203702926635742e+01 1.015042360623677631e+01
-4.940679147508409130e+01 8.314312871297200047e+01 -4.366019948323567945e+01
-1.821906491329795585e+01 5.391900514301500635e+01 3.475785988255550762e+01
8.184137645520662474e+00 7.701485362805817658e+01 -2.674100213301809248e+01
<<<<<<< HEAD
-5.164432059393988794e+01 8.337593688964844318e+01 -4.286683332655164946e+01
-2.111090694774280863e+01 3.583990187211470158e+01 8.144539651003750436e+00
=======
>>>>>>> c097736c933ccba9e01a6339a6f62e1aee0a0cff
-2.867325735092163086e+01 6.977163648605346680e+01 1.117139184474945068e+01
5.336555677141461729e+01 8.088522829328265118e+01 -4.266487056187221327e+01
2.423491443287242575e+01 -4.888706016540527344e+01 -3.214959888295693680e-01
1.902976799011230469e+01 2.872672176361083984e+01 1.245742797851562500e+01
4.149775959361683420e+01 6.888654188676314050e+01 -1.549667691317471530e+01
<<<<<<< HEAD
-4.019285165109941715e+01 -4.505206224995274766e+01 1.771376591344033358e+01
-3.059972421328226844e+01 -5.339832178751627367e+01 2.326786418755849084e+01
5.298589070638020537e+00 8.748753781904254012e+00 2.616378998338130657e+01
5.100178507754677071e+01 8.020305994937294258e+01 -1.979116118581671557e+01
-6.302466721004909900e+00 6.897805989583333997e+01 -3.319754282633463305e+01
=======
-3.059972421328226844e+01 -5.339832178751627367e+01 2.326786418755849084e+01
5.298589070638020537e+00 8.748753781904254012e+00 2.616378998338130657e+01
>>>>>>> c097736c933ccba9e01a6339a6f62e1aee0a0cff
-2.476484638214111200e+01 7.492317916870116790e+01 1.119244050979614258e+01
4.039658737182617188e+01 -5.189397811889648438e+01 6.023520231246948242e+00
-5.069154152503380573e+01 7.289666865422175590e+01 -3.134080226604755026e+01
2.057116145472372892e+01 9.586065919937625779e+01 -2.490647577470348750e+01
1.084330488134313519e+01 4.494456128720884180e+01 3.418174800166377025e+01
<<<<<<< HEAD
-4.825878620147705078e+00 5.554144668579101562e+01 -2.656502342224121094e+01
-3.609979510307312012e+00 -3.444872182607650934e+00 3.510341215133666992e+01
-1.606961817490427080e+01 9.512843884919819004e+01 -3.001195485968338872e+01
5.757306752886091061e+01 7.671976252964564935e+01 -4.248019354684011972e+01
1.174296656250953674e+01 8.664531958103179932e+01 -2.794381982088088989e+01
4.748747929986917882e+01 7.518755887589364306e+01 -1.891726882502717899e+01
-2.778194071451822822e+01 -5.311776021321614394e+01 2.518112017313639228e+01
5.187307230631510180e+01 8.131881713867187500e+01 -4.299434661865234375e+01
2.647434755650962401e+01 -3.292559051513671875e+01 8.666110934280768063e+00
5.375027423209332689e+00 3.567168832332529860e+01 -9.736251526690544722e+00
-3.584615818659464281e+01 5.397755670547485352e+01 1.012363588809967041e+01
-1.246102677692066507e+01 5.666918511824174232e+01 3.721845574812455482e+01
5.363770518583410052e+01 8.247591400146484375e+01 -4.218651872522690383e+01
5.878309926986694478e+01 8.061550292968749432e+01 -3.679384813308715962e+01
-1.213843286037445068e+01 8.725489211082458496e+01 -3.021530026197433472e+01
1.092003674409827418e+01 8.379582821592993014e+01 -2.479604440805863419e+01
1.728421182632446218e+01 6.255018186569213867e+01 -1.028570561408996653e+01
-5.263910293579101562e+01 8.232764053344726562e+01 -4.114484405517578125e+01
2.504626735397007309e+00 5.464098499132239084e+01 -3.984242422684378937e+01
-3.934018861093828434e+01 -4.226511475347703595e+01 1.739767899051789257e+01
-6.125014079700816794e+00 -9.281563065268777279e+00 5.628733395663174832e+01
5.572865875244140454e+01 8.072843566894530909e+01 -4.187624588012695170e+01
2.862781047821044922e+00 5.502110163370767992e+01 -4.174408976236978930e+01
2.083259204717782964e+01 6.282798040830171971e+01 -9.959100228089551976e+00
-1.552851823965708356e+01 9.611190986633300781e+01 -2.784650858243306359e+01
3.152799500359429175e+01 -5.335732311672634864e+01 1.922279569837782276e+01
1.549299197726779553e+01 -1.195988633897569464e+01 8.323887891239589720e+00
-6.893475735187530873e+00 6.568382854461670206e+01 -3.143457450866699077e+01
-1.202192319234212192e+01 5.129684219360351705e+01 3.698077621459960795e+01
4.989656815705475879e+01 8.378845299614800979e+01 -2.793494676660608533e+01
-3.865028144573343383e+01 -5.104085225072400078e+01 1.949172631625471297e+01
-4.192756321372055339e+00 5.352011527084722786e+01 -3.107583497210246648e+01
=======
-1.606961817490427080e+01 9.512843884919819004e+01 -3.001195485968338872e+01
5.757306752886091061e+01 7.671976252964564935e+01 -4.248019354684011972e+01
1.174296656250953674e+01 8.664531958103179932e+01 -2.794381982088088989e+01
5.187307230631510180e+01 8.131881713867187500e+01 -4.299434661865234375e+01
-3.584615818659464281e+01 5.397755670547485352e+01 1.012363588809967041e+01
5.363770518583410052e+01 8.247591400146484375e+01 -4.218651872522690383e+01
-1.213843286037445068e+01 8.725489211082458496e+01 -3.021530026197433472e+01
1.092003674409827418e+01 8.379582821592993014e+01 -2.479604440805863419e+01
-5.263910293579101562e+01 8.232764053344726562e+01 -4.114484405517578125e+01
-6.125014079700816794e+00 -9.281563065268777279e+00 5.628733395663174832e+01
3.152799500359429175e+01 -5.335732311672634864e+01 1.922279569837782276e+01
1.549299197726779553e+01 -1.195988633897569464e+01 8.323887891239589720e+00
-1.202192319234212192e+01 5.129684219360351705e+01 3.698077621459960795e+01
>>>>>>> c097736c933ccba9e01a6339a6f62e1aee0a0cff
5.506016540527343750e+01 8.254340362548828125e+01 -4.157366180419921875e+01
1.614599418640136719e+01 8.200471115112304688e+01 -2.033604431152343750e+01
-6.641465376008231836e+00 6.300114786399985434e+01 -3.685549365349535833e+01
2.464032684053693689e+00 8.682294432970942921e+01 2.317506560500787316e+01
<<<<<<< HEAD
7.201687230004204743e+00 5.793917804294162011e+01 -3.956928083631727588e+01
2.352174198881108680e+01 -6.269331790031270835e+00 2.114951835794651913e+01
3.645199749204847350e+00 6.654114617241754104e+01 -3.485326851738823706e+01
-6.136530385297887413e+00 6.213870272916906146e+01 -3.969148602205164167e+01
3.141392758687337405e+01 -5.121927973429362169e+01 1.921617673238118584e+01
2.605504328789918222e+00 6.353566916092582062e+01 -4.001476719068444510e+01
=======
-6.136530385297887413e+00 6.213870272916906146e+01 -3.969148602205164167e+01
3.141392758687337405e+01 -5.121927973429362169e+01 1.921617673238118584e+01
>>>>>>> c097736c933ccba9e01a6339a6f62e1aee0a0cff
-1.632593704672420643e+01 3.826053574505974098e+01 2.693722096611471883e+01
-1.112147883006504578e+01 8.475523049490792005e+01 -2.769832897186279297e+01
6.010928775418189218e+01 7.513725625315019840e+01 -4.026889862552766175e+01
5.767179175482856124e+01 7.483247629801432765e+01 -3.977280273437499858e+01
-5.017147572835286695e+01 -4.951558558146158617e+01 -1.693574031194051033e+00
5.923069338117326765e+01 7.673434230259486810e+01 -3.982074061802455134e+01
<<<<<<< HEAD
-5.090057591029575690e+01 7.783602220184948806e+01 -3.987657998532665005e+01
-1.486326691508293152e+01 8.145846247673034668e+01 -2.158089208602905273e+01
5.644171365877477342e+01 7.836491040485661586e+01 -3.960180226767935352e+01
-5.656210054670061282e+01 7.957040786743164062e+01 -3.949083083016531504e+01
3.803129831949869555e+01 -5.129901549929664384e+01 1.091912165142240987e+01
5.456272074381510606e+01 7.888298695882161837e+01 -3.963488871256510748e+01
-5.191618821427628916e+01 8.059728632746515586e+01 -4.016702930347339873e+01
1.930798339843750000e+01 9.408248774210612453e+01 -2.727972062428792199e+01
5.353949761897959547e+01 8.689961843287690613e+01 -3.379934879059486974e+01
5.438247789655412845e+01 8.249916131155831067e+01 -4.039827619280134030e+01
5.586475112915039176e+01 8.256866729736327670e+01 -3.965280700683593551e+01
5.689007730195016599e+00 7.830335882938268810e+01 -2.540635172526041785e+01
-3.872330325582753119e+01 -4.551498976997707047e+01 1.944722333161727335e+01
-5.264122203296545122e-01 8.998985788773516958e+01 1.117292273774438982e+01
-9.507823795742458728e+00 8.983034430609808396e+01 -2.779750463697645557e+01
-3.501097114189811510e+00 8.334293995732846838e+01 2.899853171472964064e+01
-3.271759506314992905e-01 6.478360366821289062e+01 -3.891662772496541578e+01
5.773598480224609375e+01 7.277587127685546875e+01 -3.905848312377929688e+01
5.361397844679812152e+01 7.588823553856383342e+01 -1.575583246920971092e+01
4.874924114772251471e+01 8.749746595110211445e+01 -3.926793888636997565e+01
-2.790008694192637506e+01 -5.117217271224312469e+01 1.124036944430807416e+01
-5.009695707048688718e+01 -5.063527107238769531e+01 1.052526521682739258e+01
-1.332481370252721398e+01 8.425836316276999582e+01 2.207910132758757804e+00
-2.136491436004638800e+01 9.574649597167969262e+01 -2.813025142669677692e+01
4.883243560791015625e+01 8.844276046752929688e+01 -3.925558853149414062e+01
=======
-1.486326691508293152e+01 8.145846247673034668e+01 -2.158089208602905273e+01
-5.656210054670061282e+01 7.957040786743164062e+01 -3.949083083016531504e+01
5.456272074381510606e+01 7.888298695882161837e+01 -3.963488871256510748e+01
-5.191618821427628916e+01 8.059728632746515586e+01 -4.016702930347339873e+01
5.353949761897959547e+01 8.689961843287690613e+01 -3.379934879059486974e+01
5.586475112915039176e+01 8.256866729736327670e+01 -3.965280700683593551e+01
-3.872330325582753119e+01 -4.551498976997707047e+01 1.944722333161727335e+01
-5.264122203296545122e-01 8.998985788773516958e+01 1.117292273774438982e+01
-3.501097114189811510e+00 8.334293995732846838e+01 2.899853171472964064e+01
4.874924114772251471e+01 8.749746595110211445e+01 -3.926793888636997565e+01
-2.790008694192637506e+01 -5.117217271224312469e+01 1.124036944430807416e+01
-5.009695707048688718e+01 -5.063527107238769531e+01 1.052526521682739258e+01
-2.136491436004638800e+01 9.574649597167969262e+01 -2.813025142669677692e+01
>>>>>>> c097736c933ccba9e01a6339a6f62e1aee0a0cff
-1.268515489214942527e+01 8.898686931246803766e+00 2.546603434426443968e+01
5.828082656860351562e+01 8.028346328735351278e+01 -3.869010696411132955e+01
8.231389501820439492e+00 8.090409618875254694e+01 -2.491773646810780463e+01
2.345146505037943641e+01 -5.286896117528279859e+01 1.716549406449000159e+01
<<<<<<< HEAD
3.442356777191162109e+01 -5.132133388519287109e+01 4.975151836872100830e+00
4.888161659240722656e+01 8.776068687438964844e+01 -3.025248448053995887e+01
4.897692108154296875e+01 8.747480392456054688e+01 -2.913793182373046875e+01
-3.970296681722005161e+01 -4.198276731703016651e+01 1.100443138546413913e+01
-5.371114349365234375e+01 5.511389541625976562e+01 -3.248050944010416430e+01
2.344956162396599098e+01 5.685702843759574421e+01 -6.897430522769105288e+00
=======
-3.970296681722005161e+01 -4.198276731703016651e+01 1.100443138546413913e+01
-5.371114349365234375e+01 5.511389541625976562e+01 -3.248050944010416430e+01
>>>>>>> c097736c933ccba9e01a6339a6f62e1aee0a0cff
1.769576414700212297e+01 9.518266427928003282e+01 -2.733264423238820129e+01
-3.687286582103995514e+00 -9.019153306650560253e+00 5.360489166614620871e+01
-3.928720279269748517e+01 -3.909001651340060590e+01 1.126844308641221737e+01
3.331754958111307019e+01 -5.102025662297787534e+01 7.663661397021749977e+00
4.339856624603271484e+00 5.459791292463030032e+01 -3.802566419328962155e+01
-4.873943178994314707e+01 -4.894631971631731204e+01 -3.201843244688851620e+00
-8.716126441955566406e+00 8.700689220428466797e+01 -2.822020024061203003e+01
9.209441512823104858e+00 8.391522383689880371e+01 -2.728233051300048828e+01
<<<<<<< HEAD
1.236074733734130859e+01 6.551149826049804403e+01 -1.079092082977294886e+01
=======
>>>>>>> c097736c933ccba9e01a6339a6f62e1aee0a0cff
5.298894670274522412e+01 8.511087290445964015e+01 -2.983718151516384509e+01
-1.282557672612807309e+01 5.055655064302332136e+01 3.643233714384191302e+01
5.962189777080829600e+01 7.594975124261317490e+01 -3.695093125563401770e+01
5.905578163994682939e+01 7.778939276801214930e+01 -3.656088214450412011e+01
<<<<<<< HEAD
-5.766001222718436736e+01 7.796897226009728854e+01 -3.671053199048311910e+01
5.643227968215942525e+01 7.722891578674315838e+01 -3.726673822402953817e+01
-5.162537296001728038e+01 5.409805664649376666e+01 -3.086930579405564501e+01
5.460136166740866059e+01 7.815546933342429270e+01 -3.642495626561782274e+01
3.422199293283316024e+01 -1.505594128828782274e+01 2.829349325253413205e+00
-5.020842615763346117e+01 6.880788675944010890e+01 -3.513513946533203125e+01
5.434805390641496103e+01 8.070169789082295608e+01 -3.719396292196737619e+01
-2.510207229436830190e+01 4.156340798666310832e+01 8.199275327283283232e+00
-5.642699813842773438e+01 7.961481730143229640e+01 -3.800163650512695312e+01
5.651499070061577612e+01 8.193262418111164891e+01 -3.654322232140435034e+01
5.639616335355318455e+01 8.237307269756610140e+01 -3.761533942589392865e+01
5.031357645988464355e+01 8.690879845619201660e+01 -3.679537081718444824e+01
5.325120814930308910e+01 8.685626678466796591e+01 -3.678207536177201575e+01
5.088863956227022101e+01 8.844291238223804896e+01 -3.751651202931123663e+01
-3.610101267496744981e+01 -1.601292597452799527e+01 1.920853182474771970e+01
-3.355369949340820312e+01 -1.590264804022652712e+01 1.944025720868791751e+01
-1.599667366813210911e+01 8.997478529986213402e+01 -2.086572753681856085e+01
-3.184141731262207031e+01 -5.253432083129882812e+01 2.475695800781250000e+01
-1.197852428142840964e+01 9.307573641263522291e+01 -2.815899946750738536e+01
5.940304517745971680e+01 6.961175775527954102e+01 -3.628522837162017822e+01
5.339691387078701013e+01 8.424480301294570950e+01 -3.624945244422325885e+01
2.366938722544702856e+01 -3.251356986473346922e+01 8.943314864717681445e+00
-8.209114491939544678e+00 6.043246483802795410e+01 -3.615451002120971680e+01
-4.606092929840087891e+01 -4.715594120025635050e+01 2.296893560886382968e+00
-2.895935646692911902e+01 6.564081764221191406e+01 8.097774505615234375e+00
5.743811374240451073e+01 6.962894100613064552e+01 -3.566857316758897412e+01
-2.561627789201407523e+01 5.972731675772831039e+01 2.673486058465365645e+01
3.918348072850427144e+01 -5.091750273593636678e+01 8.280645437018815613e+00
1.140074929131401937e+01 4.783766479492187784e+01 3.473741751776800868e+01
-1.557245645336076301e+01 6.577489621031517686e+01 -1.582764442294251772e+01
-1.733920872211456299e+00 -6.607896947860718129e+00 5.507605552673339844e+01
1.092643108367919957e+01 6.389345830281575189e+01 -2.273072789510091241e+01
-7.378598594665527699e+00 5.897629814147948935e+01 -3.376916885375976562e+01
2.626344203948974609e+01 -2.555791187286376953e+01 3.835046529769897461e+00
5.150654816045993556e+01 8.411681105450885809e+01 -3.370648760911895181e+01
-5.148691252166149468e+01 5.966978865978764901e+01 -3.388866835949468026e+01
-3.522307842335802519e+00 5.079280496150889235e+01 3.836559961197224311e+01
2.024346919854481897e+01 6.575168164571125828e+01 -9.839185456434885069e+00
-3.577990005265420770e+00 8.668515458747522473e+01 -9.510393484314874968e+00
=======
5.643227968215942525e+01 7.722891578674315838e+01 -3.726673822402953817e+01
3.422199293283316024e+01 -1.505594128828782274e+01 2.829349325253413205e+00
-5.020842615763346117e+01 6.880788675944010890e+01 -3.513513946533203125e+01
-2.510207229436830190e+01 4.156340798666310832e+01 8.199275327283283232e+00
-5.642699813842773438e+01 7.961481730143229640e+01 -3.800163650512695312e+01
5.639616335355318455e+01 8.237307269756610140e+01 -3.761533942589392865e+01
5.031357645988464355e+01 8.690879845619201660e+01 -3.679537081718444824e+01
5.088863956227022101e+01 8.844291238223804896e+01 -3.751651202931123663e+01
-3.610101267496744981e+01 -1.601292597452799527e+01 1.920853182474771970e+01
-3.355369949340820312e+01 -1.590264804022652712e+01 1.944025720868791751e+01
5.339691387078701013e+01 8.424480301294570950e+01 -3.624945244422325885e+01
2.366938722544702856e+01 -3.251356986473346922e+01 8.943314864717681445e+00
-4.606092929840087891e+01 -4.715594120025635050e+01 2.296893560886382968e+00
-2.895935646692911902e+01 6.564081764221191406e+01 8.097774505615234375e+00
-2.561627789201407523e+01 5.972731675772831039e+01 2.673486058465365645e+01
3.918348072850427144e+01 -5.091750273593636678e+01 8.280645437018815613e+00
1.140074929131401937e+01 4.783766479492187784e+01 3.473741751776800868e+01
-1.733920872211456299e+00 -6.607896947860718129e+00 5.507605552673339844e+01
1.092643108367919957e+01 6.389345830281575189e+01 -2.273072789510091241e+01
2.626344203948974609e+01 -2.555791187286376953e+01 3.835046529769897461e+00
-5.148691252166149468e+01 5.966978865978764901e+01 -3.388866835949468026e+01
-3.522307842335802519e+00 5.079280496150889235e+01 3.836559961197224311e+01
2.024346919854481897e+01 6.575168164571125828e+01 -9.839185456434885069e+00
>>>>>>> c097736c933ccba9e01a6339a6f62e1aee0a0cff
-3.355177601178487379e+01 -5.365582712491353590e+01 5.170291423797607422e+00
-5.012989730834961222e+01 7.199447021484374432e+01 -3.352299880981445312e+01
1.606396504810878145e+00 5.205189023699079343e+01 -2.887687437874930296e+01
-4.962519820531209547e+01 7.174394114812214696e+01 -3.375052261352539062e+01
-1.822326973157051455e+01 5.667555804130358865e+01 3.468992428901867697e+01
-4.978385119967990136e+01 7.365445624457464646e+01 -3.402593612670898438e+01
-5.722918670654296847e+01 7.690934570312499829e+01 -3.448627380371093665e+01
-5.454283470577664161e+01 7.700173166063096630e+01 -3.423059113820394117e+01
5.364183821768131111e+01 8.077018694607716043e+01 -3.386388973020157778e+01
5.649062308486627160e+01 8.143242162587691269e+01 -3.391805376325334720e+01
5.340456970878269516e+01 8.285256460438604620e+01 -3.467706249071203928e+01
5.583504185778029694e+01 8.381896615535654860e+01 -3.378949607686793399e+01
5.106025793197306939e+01 8.655006993070561805e+01 -3.377728385113655207e+01
-4.288173432783646888e+01 -5.333337263627485925e+01 -8.920830249786376953e+00
-1.052842877127907428e+01 8.920957461270418776e+01 -2.978164724870161706e+01
-5.444768051479173465e+01 5.680315092335576566e+01 -3.371413944078528147e+01
<<<<<<< HEAD
-4.896892368793487549e+01 5.433669614791870117e+01 -3.048157858848571777e+01
-2.007477010091145786e+01 3.240026130676269389e+01 8.569475364685057883e+00
-4.916218036154042181e+01 6.888829106869904706e+01 -3.359380489846934381e+01
3.053947995448934805e+00 5.309844773391197492e+01 -3.127529538910964391e+01
5.537815984090169508e+01 8.580957234700521497e+01 -3.367268269856770502e+01
-2.372021831165660544e+01 3.933721704194039859e+01 8.039301063075210863e+00
-1.766229883829752723e+01 9.253760613335504104e+01 -2.276429006788465870e+01
-2.650400365193684848e+01 4.280628916422526231e+01 8.512300364176432765e+00
-6.507729676305030964e+00 7.166000023666693153e+01 -3.345043999808175528e+01
=======
-4.916218036154042181e+01 6.888829106869904706e+01 -3.359380489846934381e+01
3.053947995448934805e+00 5.309844773391197492e+01 -3.127529538910964391e+01
5.537815984090169508e+01 8.580957234700521497e+01 -3.367268269856770502e+01
-1.766229883829752723e+01 9.253760613335504104e+01 -2.276429006788465870e+01
-2.650400365193684848e+01 4.280628916422526231e+01 8.512300364176432765e+00
>>>>>>> c097736c933ccba9e01a6339a6f62e1aee0a0cff
-2.043929874897003174e+01 9.055669021606445312e+01 -2.546466851234436035e+01
-1.040025687217712402e+01 8.500909996032714844e+01 -2.941826581954956055e+01
-1.200569093227386475e+01 8.681597932179768407e+01 -2.787826434771220008e+01
2.052503017945723229e+01 -5.339868138053200397e+01 8.149754047393798828e+00
<<<<<<< HEAD
-3.336166093156144541e+01 -5.325041404930320965e+01 2.289447526674013034e+01
3.751449712117513258e+01 -4.922136094835069287e+01 1.038221253289116675e+01
5.213190269470214844e+01 8.854685974121093750e+01 -2.978116130828857422e+01
-2.477845773696899556e+01 -5.328481359481811808e+01 2.302800164222717427e+01
=======
5.213190269470214844e+01 8.854685974121093750e+01 -2.978116130828857422e+01
>>>>>>> c097736c933ccba9e01a6339a6f62e1aee0a0cff
5.448463747898737886e+00 6.883150672912597656e+01 -3.334759465853372973e+01
2.119982679959001359e+01 5.381258352871599016e+01 -7.601575259504647519e+00
7.425889730453491211e+00 6.959309005737304688e+01 -3.297497406005859233e+01
9.565634886423746153e+00 8.044726392957899463e+01 -2.299382442898220447e+01
<<<<<<< HEAD
-4.180375839233398239e+01 -5.317446166992187528e+01 -3.889100227355957173e+00
-5.027759000990126026e+01 -4.939432695176866162e+01 -3.231745084126790513e+00
5.692780550788430816e+00 7.089084535486557570e+01 -3.280121881821576579e+01
-3.765360641479492188e+01 -4.031300163269042969e+01 1.006845164299011230e+01
4.987827461644222637e+01 8.911876758776213592e+01 -3.288274664627878252e+01
1.744989780351227537e+01 6.586283021814682570e+01 -1.239679802165311884e+01
-1.589450949591559414e+01 7.801563922778980498e+01 2.646909811690046865e+01
2.346494358062744112e+01 -5.321071838378906449e+01 2.320921169281005803e+01
-1.477258200645446706e+01 6.662430953979492188e+01 -1.859885396957397319e+01
2.004140749573707581e+00 5.171551525592803955e+01 -3.063385343551635742e+01
-8.743238759595294951e+00 6.270323287609011942e+01 -3.061600356878236440e+01
2.547437629699707173e+01 -5.314828948974609091e+01 2.506467933654785085e+01
-7.535042540232340436e+00 6.337239100138346259e+01 -3.116767260233561032e+01
3.321669816970825195e+00 7.010768127441406250e+01 -3.219504928588867188e+01
-4.522793273925780966e+01 6.527985363006591513e+01 -6.832248008251189830e+00
2.677048542625025718e+01 -4.946382000571802706e+01 -2.957163622504786371e+00
-6.827398648133149450e+00 7.263897808178050752e+01 -3.142263443405563805e+01
3.417720540364583570e+01 -2.208815924326578894e+01 1.009892940521240234e+01
1.461600437164306676e+01 5.682182668050130303e+01 -1.068115768432617152e+01
8.165977094484413001e+00 7.166029755965523407e+01 -3.069171237945556641e+01
5.436737069543802647e+00 7.232879782622714515e+01 -3.069725975900326276e+01
-8.317273506208470168e-01 -5.286244706103675917e+00 3.825032083611739608e+01
-8.498719351632255226e+00 7.179472220284598905e+01 -3.056816041128976025e+01
-5.187187706551900845e+01 7.385777022198932684e+01 -3.077441462074838086e+01
5.686708891625497841e+01 8.387797501507927223e+01 -3.077876704346899928e+01
5.042652292604799413e+01 8.949101525765878762e+01 -3.081397406260172644e+01
2.339550413404192142e+01 -5.341540282113211191e+01 2.607525180634998208e+01
-5.652324525933516419e+00 3.268764495849609375e+01 -8.520618187753777661e+00
-4.579193138353752346e+01 7.122975389885179709e+01 -3.043029322768702727e+01
-4.797921361421283848e+01 5.117962054202430977e+01 -4.003718972206115723e+00
7.652618620130750671e+00 6.585194707799840330e+01 -3.023610609549063355e+01
=======
-5.027759000990126026e+01 -4.939432695176866162e+01 -3.231745084126790513e+00
5.692780550788430816e+00 7.089084535486557570e+01 -3.280121881821576579e+01
2.346494358062744112e+01 -5.321071838378906449e+01 2.320921169281005803e+01
2.004140749573707581e+00 5.171551525592803955e+01 -3.063385343551635742e+01
-8.743238759595294951e+00 6.270323287609011942e+01 -3.061600356878236440e+01
2.547437629699707173e+01 -5.314828948974609091e+01 2.506467933654785085e+01
3.321669816970825195e+00 7.010768127441406250e+01 -3.219504928588867188e+01
-4.522793273925780966e+01 6.527985363006591513e+01 -6.832248008251189830e+00
2.677048542625025718e+01 -4.946382000571802706e+01 -2.957163622504786371e+00
8.165977094484413001e+00 7.166029755965523407e+01 -3.069171237945556641e+01
-8.498719351632255226e+00 7.179472220284598905e+01 -3.056816041128976025e+01
2.339550413404192142e+01 -5.341540282113211191e+01 2.607525180634998208e+01
-5.652324525933516419e+00 3.268764495849609375e+01 -8.520618187753777661e+00
-4.579193138353752346e+01 7.122975389885179709e+01 -3.043029322768702727e+01
>>>>>>> c097736c933ccba9e01a6339a6f62e1aee0a0cff
-5.160229808879348212e+01 -5.135557189077701423e+01 8.358400416824052215e+00
1.408606537183125873e+01 1.769584798812866211e+01 2.528878084818522254e+01
2.458903171578231905e+00 8.999345195536710662e+01 8.169245719909667969e+00
-1.871168031879499694e+01 9.564227010689529607e+01 -3.056378809611002723e+01
3.850433761596679716e+01 -5.361025924682617472e+01 8.151049823760986968e+00
2.647791722356056709e+01 -5.321805300031389407e+01 8.169245719909667969e+00
3.223032716604379289e+01 -5.336392759665464780e+01 8.352842171986898379e+00
<<<<<<< HEAD
4.040779075622558736e+01 -5.340653114318847372e+01 7.301568794250488104e+00
-5.076085483326631476e+01 -5.288264532650218541e+01 7.689978599548339844e+00
-4.854498989024060762e+01 -5.321930045269905207e+01 8.172389121765785802e+00
-1.560986531222308038e+01 9.273103558575665772e+01 -3.052681597956904724e+01
-4.825889045715332060e+01 5.348919868469238281e+01 -2.818825542449951271e+01
-2.174260139465332031e+00 5.217268180847167969e+01 -2.892352485656738281e+01
-4.293090462684631348e+00 -1.144030656133379331e+01 5.671314648219517096e+01
1.308538951873779332e+01 -2.291552238464355540e+01 1.460151710510253942e+01
1.368390607833862305e+01 7.183196465174357570e+01 -1.584094617764155011e+01
1.869840874782828521e+01 -5.114044074125067851e+01 8.338589025098224639e+00
-5.655298995971679688e+01 7.342423502604167140e+01 -2.502127990722656392e+01
4.211970392862955492e+01 5.368660128558123290e+01 6.393302228715684876e+00
-1.263809589385986243e+01 8.971446777343750512e+01 -3.035242038726806513e+01
-1.312446471623012023e+01 9.225902303059895360e+01 -2.993567920866466636e+01
-4.379107208251953409e+01 6.976461791992187500e+01 -2.969765701293945170e+01
=======
-4.854498989024060762e+01 -5.321930045269905207e+01 8.172389121765785802e+00
-1.560986531222308038e+01 9.273103558575665772e+01 -3.052681597956904724e+01
-2.174260139465332031e+00 5.217268180847167969e+01 -2.892352485656738281e+01
4.211970392862955492e+01 5.368660128558123290e+01 6.393302228715684876e+00
-1.263809589385986243e+01 8.971446777343750512e+01 -3.035242038726806513e+01
-1.312446471623012023e+01 9.225902303059895360e+01 -2.993567920866466636e+01
>>>>>>> c097736c933ccba9e01a6339a6f62e1aee0a0cff
3.802930581980738367e+01 -4.913344731824151523e+01 8.375066822972790703e+00
-1.034562146663665771e+01 8.686731370290119969e+01 -2.981371895472208777e+01
-4.230621247064499357e+01 -4.934258669898623850e+01 1.966147408598945337e-02
-3.999408663874087466e+01 -3.924108496956203140e+01 1.420000453617261726e+01
-4.392887878417968750e+01 7.053649139404296875e+01 -2.956675148010253906e+01
1.708209350374009716e+01 8.973684692382812500e+01 -1.965389235814412316e+01
<<<<<<< HEAD
4.705710728963215850e+00 5.434420013427734375e+01 -2.845846911839076299e+01
-7.764149347941081025e+00 6.160725784301757812e+01 -2.903543726603190223e+01
-9.624500723446116623e+00 6.256398892870136308e+01 -2.790690605313170281e+01
-1.026701231797536273e+01 6.596125984191894531e+01 -2.867079798380533973e+01
4.197711292066072275e+01 6.263038504751104796e+01 -1.499210059015374519e+01
-4.316100630649300740e+01 6.883020392129587606e+01 -2.763542250699775238e+01
-4.361870225270589430e+01 7.060995101928710938e+01 -2.752986478805541992e+01
8.807450193625230739e+00 7.197567939758300781e+01 -2.786581189815814596e+01
-3.518236875534057617e+00 1.191973157550977547e+01 -3.192391079405079601e+00
-5.362537994384765483e+01 -4.946253585815429688e+01 3.381529474258422763e+00
-4.768741842416616805e+01 7.303691394512469515e+01 -2.838244746281550590e+01
-4.985177993774414062e+01 -5.296313476562500000e+01 -5.490790843963623047e+00
4.177124777707186354e+01 5.401706123352050781e+01 -1.854847643592140827e+01
-3.891887084960937671e+01 6.471222015380858750e+01 1.871844525337219345e+00
1.119558701998945516e+01 8.385321907375170269e+01 -2.805451376541801167e+01
-9.714694491299715295e+00 8.365301250110972830e+01 -2.774213919206098922e+01
-1.883237761921352771e+01 8.985193951924641453e+01 -2.487936947080824268e+01
4.974613444010416430e+01 8.697380235460069287e+01 -2.768211813326235315e+01
5.314790344238281250e+01 8.663750040306234723e+01 -2.793353991238576128e+01
-3.358298023541768629e+01 4.580005502700805664e+01 -8.371890975007166835e-01
2.034650754928588867e+01 9.540790040152413098e+01 -2.737627172470092773e+01
-1.525785673232305584e+01 6.484123048328217465e+01 -1.366356386457170835e+01
3.563187613854041302e+01 -4.899639643155611424e+01 8.853522502459012955e+00
-1.425987720489501953e+01 8.225117492675781250e+01 -2.013275337219238281e+01
-1.345525879859924245e+01 8.885083045959473225e+01 -2.793726768493652202e+01
2.650243142247200012e+01 -5.129637217521667480e+01 -3.744656290858983994e+00
5.220693206787109375e+01 8.837183761596679688e+01 -2.892352485656738281e+01
-1.513848596005826330e+01 9.038236525252058584e+01 -2.762287474967337886e+01
1.729241774422781930e+01 9.295587234497070028e+01 -2.805427957262311622e+01
-1.868619596041165920e+01 9.263654166001539636e+01 -2.783920849286592869e+01
-8.285708926972889188e+00 6.048206311180477712e+01 -2.766909853617350379e+01
-2.755589777109574356e+01 -5.347695346754424151e+01 1.717442771366664189e+01
2.948027820976412983e+01 -5.323751356163803194e+01 1.717442771366664189e+01
3.243582808971405029e+01 -5.359420768419901293e+01 1.714871637026469031e+01
1.192259816200502520e+01 8.952019894507623121e+01 -2.735662552618211407e+01
=======
-7.764149347941081025e+00 6.160725784301757812e+01 -2.903543726603190223e+01
4.197711292066072275e+01 6.263038504751104796e+01 -1.499210059015374519e+01
-4.316100630649300740e+01 6.883020392129587606e+01 -2.763542250699775238e+01
-5.362537994384765483e+01 -4.946253585815429688e+01 3.381529474258422763e+00
-9.714694491299715295e+00 8.365301250110972830e+01 -2.774213919206098922e+01
-1.883237761921352771e+01 8.985193951924641453e+01 -2.487936947080824268e+01
4.974613444010416430e+01 8.697380235460069287e+01 -2.768211813326235315e+01
-1.345525879859924245e+01 8.885083045959473225e+01 -2.793726768493652202e+01
5.220693206787109375e+01 8.837183761596679688e+01 -2.892352485656738281e+01
1.729241774422781930e+01 9.295587234497070028e+01 -2.805427957262311622e+01
-1.868619596041165920e+01 9.263654166001539636e+01 -2.783920849286592869e+01
-8.285708926972889188e+00 6.048206311180477712e+01 -2.766909853617350379e+01
2.948027820976412983e+01 -5.323751356163803194e+01 1.717442771366664189e+01
3.243582808971405029e+01 -5.359420768419901293e+01 1.714871637026469031e+01
>>>>>>> c097736c933ccba9e01a6339a6f62e1aee0a0cff
1.618621444702148438e+01 9.110492324829101562e+01 -2.849470710754394531e+01
-1.330638223535874332e+01 9.496521355124080799e+01 -2.739159718681784383e+01
-3.941899144372274577e+01 -5.324005064853402303e+01 1.703628662020661011e+01
1.763498803547450322e+01 8.685725757053920404e+01 -2.138713581221444215e+01
<<<<<<< HEAD
-3.004137253761291504e+01 -5.311974525451660156e+01 2.509284329414367676e+01
1.077136137750413702e+01 8.120269033643934620e+01 -2.733698601192898181e+01
3.454180908203125000e+01 -5.329441642761230469e+01 1.651190511385599891e+01
9.453128360566639188e+00 8.101190403529575690e+01 -2.684304028465634318e+01
1.094158244132995605e+01 6.592123304094586445e+01 -1.258290551389966616e+01
1.146157445510228534e+01 5.385477320353189867e+01 -1.217398448785146137e+01
-9.478114318847655539e+00 8.140440002441405909e+01 -2.664859878540039162e+01
-7.681735481534685661e+00 8.412550027029854505e+01 -2.667662388937813844e+01
5.557103510560660098e+00 3.585181801894615461e+01 3.237538650118071359e+01
5.322758221626281738e+01 6.023717594146728516e+01 -2.681105470657348633e+01
4.120591314633687574e+01 6.911335595448811375e+01 -1.269980446497599225e+01
8.481983383496602968e+00 3.783588568369547289e+01 3.055949354171752930e+01
1.340582697732108031e+01 7.869774191720145495e+01 -2.078185571943010501e+01
2.736458555857340613e+01 -9.433324813842773438e+00 1.825590133666992188e+01
9.977779388427734375e+00 7.911284637451171875e+01 -2.292007064819335938e+01
3.433951695760091383e+01 -4.633161671956380445e+01 1.231448809305826764e+01
-4.538391941615513048e+01 -5.339296155657086729e+01 1.378578447614397362e+01
4.897605705261230469e+01 6.045927047729492188e+01 -2.656502342224121094e+01
1.940235137939453125e+01 6.346099281311035156e+01 -1.137728929519653320e+01
-1.826218032836914062e+01 9.116033172607421875e+01 -2.637192598978678504e+01
2.218966674804687500e+01 9.583676910400390625e+01 -2.657198143005371094e+01
-4.581837115568273333e+01 5.157907755234662517e+01 -2.447714699015897821e+01
-4.703628921508789062e+01 5.552784729003906250e+01 -2.613620758056640625e+01
4.980438113212585449e+01 5.962975335121154785e+01 -2.545881688594818115e+01
4.981244863465774841e+01 6.288370105832122192e+01 -2.507721080336459707e+01
-4.212944850515812334e+01 6.896097678326546543e+01 -2.496900477307908162e+01
-1.812446979522704993e+01 6.859365112304686818e+01 3.168346946716308565e+01
5.050754900331850195e+01 7.274323950873480271e+01 -8.943800820244682370e+00
9.480568775763877909e+00 7.450030811016375765e+01 -2.535107700641338724e+01
8.518440668923513925e+00 7.816569453648158117e+01 -2.573474949428013403e+01
-4.265816249544658234e+01 -5.130627520122225604e+01 -6.791773478190104463e+00
-6.588566570281982671e+00 8.090088882446289631e+01 -2.544898357391357280e+01
1.354871253967285227e+01 7.872111765543620265e+01 -1.931601308186849053e+01
-1.062102715174357037e+01 8.330995712280272869e+01 -2.500698604583740092e+01
7.928839985205202723e+00 8.383124791359415440e+01 -2.484388020573830147e+01
8.437091096918633681e+00 8.682418595983627085e+01 -2.488189961047882903e+01
2.398945347468058387e+01 -5.124698662757873535e+01 -6.499629829389353963e-01
-1.570832204818725586e+01 8.933910942077636719e+01 -2.535171467065811157e+01
=======
1.077136137750413702e+01 8.120269033643934620e+01 -2.733698601192898181e+01
1.146157445510228534e+01 5.385477320353189867e+01 -1.217398448785146137e+01
-9.478114318847655539e+00 8.140440002441405909e+01 -2.664859878540039162e+01
-7.681735481534685661e+00 8.412550027029854505e+01 -2.667662388937813844e+01
5.322758221626281738e+01 6.023717594146728516e+01 -2.681105470657348633e+01
2.736458555857340613e+01 -9.433324813842773438e+00 1.825590133666992188e+01
9.977779388427734375e+00 7.911284637451171875e+01 -2.292007064819335938e+01
-4.538391941615513048e+01 -5.339296155657086729e+01 1.378578447614397362e+01
4.897605705261230469e+01 6.045927047729492188e+01 -2.656502342224121094e+01
-1.826218032836914062e+01 9.116033172607421875e+01 -2.637192598978678504e+01
2.218966674804687500e+01 9.583676910400390625e+01 -2.657198143005371094e+01
4.980438113212585449e+01 5.962975335121154785e+01 -2.545881688594818115e+01
4.981244863465774841e+01 6.288370105832122192e+01 -2.507721080336459707e+01
-1.812446979522704993e+01 6.859365112304686818e+01 3.168346946716308565e+01
5.050754900331850195e+01 7.274323950873480271e+01 -8.943800820244682370e+00
8.518440668923513925e+00 7.816569453648158117e+01 -2.573474949428013403e+01
-4.265816249544658234e+01 -5.130627520122225604e+01 -6.791773478190104463e+00
-6.588566570281982671e+00 8.090088882446289631e+01 -2.544898357391357280e+01
7.928839985205202723e+00 8.383124791359415440e+01 -2.484388020573830147e+01
8.437091096918633681e+00 8.682418595983627085e+01 -2.488189961047882903e+01
2.398945347468058387e+01 -5.124698662757873535e+01 -6.499629829389353963e-01
>>>>>>> c097736c933ccba9e01a6339a6f62e1aee0a0cff
1.777269477844238210e+01 9.216598663330077557e+01 -2.517256578717912774e+01
-2.053222439505837116e+01 9.289037912542170261e+01 -2.570570416883988685e+01
-1.152863894568549341e+01 9.368972495750143992e+01 -2.483387056986491004e+01
2.051347930476350712e+01 9.311734642172758925e+01 -2.437726017214217222e+01
<<<<<<< HEAD
1.746237166031547261e+01 9.579584022190259418e+01 -2.479512156610903517e+01
-1.836286843906749411e+01 9.562387986616654700e+01 -2.501321073011918372e+01
2.247972329457600793e+01 -5.326665051778157789e+01 2.818075815836588660e+01
2.259922553753030883e+01 -5.114388511920797242e+01 2.860137919721932320e+01
-1.462768274545669556e+01 8.951169681549072266e+01 -1.986160886287689209e+01
9.429584789276123757e+00 8.916696090698242472e+01 -2.429228916168212749e+01
4.777669061933244876e+01 5.683827136811756020e+01 -2.412227871304466476e+01
-1.040627592802047729e+01 7.161668958142399788e-01 1.672057914733886719e+01
=======
2.259922553753030883e+01 -5.114388511920797242e+01 2.860137919721932320e+01
-1.462768274545669556e+01 8.951169681549072266e+01 -1.986160886287689209e+01
9.429584789276123757e+00 8.916696090698242472e+01 -2.429228916168212749e+01
>>>>>>> c097736c933ccba9e01a6339a6f62e1aee0a0cff
-5.376948054347719941e-01 8.216015625000000000e+01 3.055827331542968750e+01
-1.559712663510950570e+01 8.704835249737995184e+01 -2.380221743699981118e+01
1.700683479309082102e+01 9.059078369140624432e+01 -2.393033037185669087e+01
-1.827300898234049598e+01 8.716685591803656052e+01 -2.387176073922051245e+01
<<<<<<< HEAD
3.977121734619140625e+01 5.681431198120117188e+01 -1.743040466308593750e+01
4.877639389038085938e+01 6.277837562561035156e+01 -2.356883112589518348e+01
-4.554535374742873444e+01 -5.334517125880464761e+01 5.216115763846864262e+00
4.748994445800781250e+01 5.509903717041015625e+01 -2.322303581237792969e+01
4.744257090641902153e+01 5.376842388739952838e+01 -2.173933473000159466e+01
1.654029884338378764e+01 9.166701354980469318e+01 -2.006173210144043040e+01
-4.173767005072699732e+01 -4.311562410990396899e+01 1.368472184075249487e+01
-4.311032333374023295e+01 -5.245200271606445597e+01 1.038380479812622159e+00
-1.993680667877197266e+01 3.087081718444824219e+01 1.846088027954101562e+01
-5.432529425621032715e+01 7.355757045745849609e+01 -2.280539321899414062e+01
1.153483746601984983e+01 7.784873316838191215e+01 -2.182626878298245998e+01
-2.424252494500607824e+01 4.479814910888671875e+01 -3.796832790180128647e+00
1.690532741031131181e+01 6.855374104267842483e+01 -1.256631059904356285e+01
5.310312897818429079e+00 8.133526524135044156e+01 -2.237847142900739428e+01
1.321652644021170531e+01 8.346229880196707995e+01 -1.708450562613350954e+01
1.207210075855255127e+01 8.344401995340983547e+01 -2.249556382497151574e+01
4.895160802205403883e+01 8.297221374511718750e+01 -2.313447952270507812e+01
-4.218137185469917938e+01 -4.823509796806003891e+01 1.317871862131616334e+00
=======
-4.554535374742873444e+01 -5.334517125880464761e+01 5.216115763846864262e+00
1.654029884338378764e+01 9.166701354980469318e+01 -2.006173210144043040e+01
-4.311032333374023295e+01 -5.245200271606445597e+01 1.038380479812622159e+00
-5.432529425621032715e+01 7.355757045745849609e+01 -2.280539321899414062e+01
1.153483746601984983e+01 7.784873316838191215e+01 -2.182626878298245998e+01
1.690532741031131181e+01 6.855374104267842483e+01 -1.256631059904356285e+01
5.310312897818429079e+00 8.133526524135044156e+01 -2.237847142900739428e+01
1.207210075855255127e+01 8.344401995340983547e+01 -2.249556382497151574e+01
4.895160802205403883e+01 8.297221374511718750e+01 -2.313447952270507812e+01
>>>>>>> c097736c933ccba9e01a6339a6f62e1aee0a0cff
-1.268194626598823405e+01 8.363807157190834118e+01 -2.264145660400390625e+01
-1.782651080507220698e+01 8.675754315925367166e+01 -2.256790120673901967e+01
-1.739970835517434367e+01 8.477658215691062082e+01 -2.241276135164148542e+01
-1.598612823486328161e+01 8.646215907505580844e+01 -2.149137311662946459e+01
<<<<<<< HEAD
-1.361664867401123047e+01 8.551784133911132812e+01 -2.313447952270507812e+01
1.479217750270192155e+01 8.385077295070740888e+01 -1.797571228771674967e+01
-1.782966790375886035e+01 8.988209194607205177e+01 -2.241930085641366333e+01
1.797085448673793096e+01 8.955270294916061857e+01 -2.193094258081345416e+01
1.989061383732029498e+01 8.991085565285604275e+01 -2.195646895736944515e+01
-1.037389087677001953e+01 9.188286455939797293e+01 -2.231328919354606910e+01
2.010506604847155288e+01 9.270557142558850217e+01 -2.237627275366532231e+01
4.236824955659754011e+01 7.138086835075827707e+01 -1.589787609436932669e+01
1.964733719825744629e+01 9.482628536224365234e+01 -2.295710444450378418e+01
1.757987337112426829e+01 9.483336677551270100e+01 -2.264224119186401296e+01
-2.515162944793701172e+00 -4.954288880030314424e+00 3.618536122639974195e+01
-1.267910804123174984e+01 8.070953569255891580e+01 -2.200469317201708108e+01
-1.574149315531660953e+01 8.381674538589105339e+01 -2.196197407420088510e+01
1.316792934591119923e+01 6.913679712468928074e+01 -1.823648149316960954e+01
-2.026333045959472656e+01 6.367540105183919508e+01 -1.428523604075113873e+01
-9.565754890441894531e+00 3.892496600517859662e+01 3.217092235271747569e+01
-5.487018076578776160e+00 4.775636736551920336e+00 1.425846328735351598e+01
=======
-1.782966790375886035e+01 8.988209194607205177e+01 -2.241930085641366333e+01
1.797085448673793096e+01 8.955270294916061857e+01 -2.193094258081345416e+01
1.989061383732029498e+01 8.991085565285604275e+01 -2.195646895736944515e+01
2.010506604847155288e+01 9.270557142558850217e+01 -2.237627275366532231e+01
1.964733719825744629e+01 9.482628536224365234e+01 -2.295710444450378418e+01
-1.574149315531660953e+01 8.381674538589105339e+01 -2.196197407420088510e+01
1.316792934591119923e+01 6.913679712468928074e+01 -1.823648149316960954e+01
-2.026333045959472656e+01 6.367540105183919508e+01 -1.428523604075113873e+01
>>>>>>> c097736c933ccba9e01a6339a6f62e1aee0a0cff
1.947595541817801390e+01 8.771560287475585938e+01 -2.113839735303606204e+01
1.437424317801870899e+01 8.098832125780059243e+01 -2.078899583583924837e+01
3.546247723228052706e+01 -5.208622601157740206e+01 -2.600888001291375318e+00
1.693352142333984389e+01 8.415384582519531875e+01 -2.070033576965332145e+01
<<<<<<< HEAD
-1.182931876182556152e+01 9.101255607604980469e+01 -2.036334657669067383e+01
2.210008811950683594e+01 4.009038925170898438e+01 2.189142608642578125e+01
6.192401354653494394e+00 5.939121061052594541e+01 -1.886292452130998853e+01
-3.441432698567708570e+01 4.904312769571939867e+01 -1.145794137318929096e+01
4.109566773308647925e+01 4.582933733198377979e+01 -7.863755098854502412e-01
6.088622792561849195e+01 6.167424138387044508e+01 -1.995390955607096473e+01
4.192894652395537491e+01 6.605219476873224949e+01 -1.487699367060805855e+01
-5.151208710670470703e-01 8.072490310668945312e+01 3.196279060363769631e+01
-4.272207039052789668e+01 -5.140767279538241041e+01 -3.752593744884837879e+00
1.220783872862119956e+01 7.748783895131704469e+01 -1.868234732344343740e+01
-4.233282244646990478e+01 -5.195442877875434107e+01 -8.758750279744466738e+00
-6.055635710028891561e-01 5.963188404732561843e+00 3.539461988083859723e+01
1.632682266235351420e+01 8.165948791503906534e+01 -1.970370769500732422e+01
-1.461520230142693855e+01 8.389756293045847713e+01 -1.974440002441406250e+01
1.697925485147012381e+01 8.400808571480415310e+01 -1.948612749254381171e+01
-2.168741110868232269e+01 -3.079889100651408196e+00 -1.358753269928139329e-01
4.154502296447753906e+01 5.657064514160155966e+01 -1.813091750144958425e+01
1.795793169736862183e+01 -5.322193205356597900e+01 1.433478781580924988e+01
-4.260429211052096576e+01 -5.331451532792071646e+01 1.418488027611557278e+01
2.046882990573314842e+01 -5.305742604681785934e+01 1.422122920827662718e+01
-3.955102246872922223e+01 -5.296332769191011636e+01 1.415947678748597482e+01
3.546051392988724871e+01 -4.821012157093394990e+01 1.426070083271373434e+01
4.453968516985575121e+01 7.176854530970256008e+01 -1.854973848660786828e+01
2.638537724812825402e+01 -4.247001075744628906e+01 1.440256482362747192e+01
4.520722285183992994e+01 7.409352874755859375e+01 -1.838334881175648050e+01
4.954799756136807787e+01 7.597325550426135976e+01 -1.818358109214089069e+01
-1.230116636102849803e+01 1.392900198156183400e+01 2.791792297363281250e+01
5.582709008997136735e+00 3.464097352461381263e+01 -7.992591337724165079e+00
5.475446393092473052e+00 6.280883002281188965e+01 3.858271050453186035e+01
1.314629157384236713e+01 7.135839080810546875e+01 -1.782428741455078125e+01
=======
6.192401354653494394e+00 5.939121061052594541e+01 -1.886292452130998853e+01
-3.441432698567708570e+01 4.904312769571939867e+01 -1.145794137318929096e+01
4.192894652395537491e+01 6.605219476873224949e+01 -1.487699367060805855e+01
-5.151208710670470703e-01 8.072490310668945312e+01 3.196279060363769631e+01
1.220783872862119956e+01 7.748783895131704469e+01 -1.868234732344343740e+01
-4.233282244646990478e+01 -5.195442877875434107e+01 -8.758750279744466738e+00
1.632682266235351420e+01 8.165948791503906534e+01 -1.970370769500732422e+01
1.697925485147012381e+01 8.400808571480415310e+01 -1.948612749254381171e+01
1.795793169736862183e+01 -5.322193205356597900e+01 1.433478781580924988e+01
-4.260429211052096576e+01 -5.331451532792071646e+01 1.418488027611557278e+01
2.046882990573314842e+01 -5.305742604681785934e+01 1.422122920827662718e+01
3.546051392988724871e+01 -4.821012157093394990e+01 1.426070083271373434e+01
>>>>>>> c097736c933ccba9e01a6339a6f62e1aee0a0cff
-4.143356959025064867e+01 -4.952482859293619555e+01 -5.981751441955566406e+00
1.267792855776273342e+01 -8.242390302511362066e+00 1.379211814586932761e+01
4.054308700561523438e+01 4.613163833618163778e+01 1.057635736465454057e+00
-5.140797979181463262e+01 -4.867598003040660615e+01 5.069631914658979888e+00
<<<<<<< HEAD
4.285083389282226562e+01 7.105106964111328693e+01 -1.742436676025390696e+01
2.635761918692753270e+01 -2.967852270192113551e+01 6.105570546511946084e+00
3.947049362182617216e+01 5.433691925048827898e+01 -1.540589942932128942e+01
3.903602279663085994e+01 5.681033683776855270e+01 -1.585248710632324176e+01
-6.033055855246151111e+01 5.685645929972330492e+01 -1.589744203230914010e+01
-6.681861939253630034e+00 5.642215474446614820e+01 -1.575186273786756708e+01
-1.953247000954367962e+01 6.648400809548117252e+01 -1.368020205064253325e+01
-1.075910005569457972e+01 6.500473937988280682e+01 -1.671870241165161275e+01
4.358970599704318261e+01 6.599419798674406934e+01 -1.648476554729320398e+01
-1.242132336093533418e+01 6.586873934345859993e+01 -1.566150128456854063e+01
4.370712481046977871e+01 6.839827366879111992e+01 -1.672835957376580396e+01
1.038405254908970399e+01 2.379531233651297484e+01 5.317720813410622416e-01
-2.154978370666503906e+01 1.054205954074859619e+00 2.486777153015136577e+01
-2.164201612057893342e+01 6.277789265176524225e+01 -1.321202912537947860e+01
1.327315437793731689e+01 8.125694465637207031e+01 -1.704340839385986328e+01
3.978552103042602539e+01 6.766825389862060547e+01 -1.357868444919586182e+01
-5.107475521689966769e+01 -5.191050880833675762e+01 -5.875677209151418445e+00
-1.050511233011881451e+01 8.108464073412346806e+01 -1.572297104922208000e+01
2.236310405731201101e+01 4.008539657592773153e+01 1.438710832595825195e+01
3.886217498779296875e+01 5.968186169135861263e+01 -1.528042365283500814e+01
-2.469767314829724825e+01 7.486324862216380893e+01 1.422037108401034722e+01
-3.628490932513864786e-01 -3.209456932787992489e+00 5.021748803586375942e+01
-3.968863457573785070e+01 5.091575910780164804e+01 -1.498079628414577869e+01
1.361330668131510357e+01 5.678152338663736742e+01 -1.144284582138061523e+01
1.793716557820637902e+01 6.610537465413410985e+01 -1.108263715108235736e+01
-5.056919797261556226e+01 -5.314669227600097656e+01 -1.836513717969258552e+00
-1.924488496780395508e+01 6.389678955078125000e+01 -1.442432034015655518e+01
4.784689182705349708e+01 7.365604570176866162e+01 -1.076541614532470703e+01
9.990495204925537109e+00 6.646272659301757812e+01 -1.412930011749267578e+01
-3.166226302252875513e+01 -5.314083056979708886e+01 5.855211204952663451e+00
-1.834375940050397702e+01 6.264212136041550139e+01 -1.308007914679390993e+01
1.487291193008422852e+01 6.846123237609863565e+01 -1.369802417755126989e+01
1.493826460838317871e+01 7.192317933302659583e+01 -1.277619332533616259e+01
4.260962093577665399e+01 7.074134153478286180e+01 -1.310336853476131580e+01
4.552625274658203125e+01 7.367925796508788494e+01 -1.336717271804809570e+01
-8.650700728098550840e+00 8.309190972646077000e+01 -1.287857870260874371e+01
=======
2.635761918692753270e+01 -2.967852270192113551e+01 6.105570546511946084e+00
-1.242132336093533418e+01 6.586873934345859993e+01 -1.566150128456854063e+01
-2.154978370666503906e+01 1.054205954074859619e+00 2.486777153015136577e+01
3.978552103042602539e+01 6.766825389862060547e+01 -1.357868444919586182e+01
-5.107475521689966769e+01 -5.191050880833675762e+01 -5.875677209151418445e+00
1.361330668131510357e+01 5.678152338663736742e+01 -1.144284582138061523e+01
-5.056919797261556226e+01 -5.314669227600097656e+01 -1.836513717969258552e+00
-1.924488496780395508e+01 6.389678955078125000e+01 -1.442432034015655518e+01
4.784689182705349708e+01 7.365604570176866162e+01 -1.076541614532470703e+01
-1.834375940050397702e+01 6.264212136041550139e+01 -1.308007914679390993e+01
1.487291193008422852e+01 6.846123237609863565e+01 -1.369802417755126989e+01
4.552625274658203125e+01 7.367925796508788494e+01 -1.336717271804809570e+01
>>>>>>> c097736c933ccba9e01a6339a6f62e1aee0a0cff
5.499784784114106984e+00 8.364239372091090274e+01 -1.283133869982780340e+01
2.995588822200380363e+01 -4.870657388095197859e+01 2.729551015229060518e+00
-4.221881547340979779e+01 -5.095208417452298733e+01 -6.385732948860655123e-01
-1.559014984205657406e+01 6.285728768741383021e+01 -1.263345275205724327e+01
2.625671807313576878e+01 -5.340112109061999490e+01 2.295388167943709945e+01
<<<<<<< HEAD
-3.541490427652994555e+01 -5.306873703002929688e+01 2.205939292907714844e+01
2.840752983093261719e+01 -5.308454322814941406e+01 2.206979846954345703e+01
-3.571675704956054886e+01 -5.109349349975585852e+01 2.236987663269043125e+01
1.495450746252181595e+01 -4.229815097565346349e+01 2.318741485920358159e+01
3.713191350301107008e+01 -5.321796417236328125e+01 -1.979453404744466072e+00
-1.552632693026928123e+01 5.677983977946828986e+01 -1.252262781021442883e+01
-3.861654090881347656e+01 -5.307563018798828125e+01 1.899690437316894531e+01
-3.784461055483137049e+00 2.847955976213727780e+01 -8.034827300480433365e+00
1.791901475732976579e+01 6.904851653359152408e+01 -9.937531427903609327e+00
3.251959041595458899e+01 -4.798312873840332315e+01 2.190573886632919187e+00
2.669679678940191536e+01 -4.796662828398913803e+01 4.827716472672253012e+00
1.749848127365112305e+01 5.680902752509484088e+01 -9.194473706758939713e+00
5.575938215622534777e+00 6.102670045999380122e+00 2.315531635284423828e+01
-7.078486876054243204e+00 7.745819640882087853e+00 2.305869559085730458e+01
1.870983099937438965e+01 -1.542232561111450195e+01 1.893055200576782227e+01
1.491558527946472168e+01 6.030261405309041578e+01 -1.084845650196075439e+01
3.976927905612521386e+01 6.515509626600477588e+01 -1.038439602322048572e+01
5.049257755279541016e+01 7.400568280901227070e+01 -1.052332053865705142e+01
-6.266431684847231232e+00 8.645490321406612111e+01 -9.051082487459536807e+00
-5.416976668491539915e-01 8.659906510903802257e+01 -9.427180357382331621e+00
1.750496437072753864e+01 5.978259712219238509e+01 -1.000977397918701151e+01
-5.360657473972865716e+01 -4.930402074541364499e+01 4.830405899456569507e+00
1.983336688854076257e+01 5.383133358425564552e+01 -9.032339202033149661e+00
-3.405907821655273438e+01 6.472074181692940442e+01 -8.862809453691754769e+00
2.464275542725907986e+00 5.379049382311232819e+01 3.894816548773582809e+01
2.029289768053137877e+01 5.718529427569845325e+01 -8.648685952891474571e+00
5.855905727906660196e+00 4.263311403447931269e+01 3.441079209067604694e+01
-6.605173261542069518e+00 3.496114088359632177e+01 -7.901353911349647596e+00
5.697589902524595118e+01 5.607782844260886890e+01 -6.216511797021936125e+00
2.071485313415527330e+01 5.646950317382812301e+01 -7.963581848144531072e+00
1.854471397399902344e+01 5.681431198120117188e+01 -8.185010910034179688e+00
-5.376948054347719941e-01 2.378316085192621898e+01 -6.218718460627964184e+00
-4.253705557187398512e+01 6.631862529118855321e+01 -6.842652946710586548e+00
-4.054963684082031250e+01 -5.303954823811849195e+01 -6.339100440343220733e+00
5.479280140440343061e+00 8.705134116997153626e+01 -7.109530311519816514e+00
-2.940393352508544922e+01 6.868327192826704675e+01 5.966680028221824195e+00
-4.036544121636284643e+01 -4.939847140842013573e+01 -5.873248947991265290e+00
-5.128377814041940752e+01 -5.331730350695158194e+01 -5.886039934660258766e+00
2.762136141459147254e+01 -5.292708587646484375e+01 -5.695871988932291963e+00
-4.963422298431396484e+01 -5.189109420776367188e+01 -5.519760727882385254e+00
2.819311904907226562e+01 -5.292681503295898438e+01 -5.552932262420654297e+00
-1.946395903825759999e-01 1.910850257873535085e+01 -5.425347805023193359e+00
-3.454492733213636591e+00 2.090235909356011135e+01 -5.539536190032959162e+00
5.490163640773042530e+00 5.977261368771817018e+01 3.868371622613135941e+01
-4.885221004486083984e+01 -5.333765137195587158e+01 -3.488750584423542023e+00
=======
2.840752983093261719e+01 -5.308454322814941406e+01 2.206979846954345703e+01
1.495450746252181595e+01 -4.229815097565346349e+01 2.318741485920358159e+01
3.713191350301107008e+01 -5.321796417236328125e+01 -1.979453404744466072e+00
1.791901475732976579e+01 6.904851653359152408e+01 -9.937531427903609327e+00
3.251959041595458899e+01 -4.798312873840332315e+01 2.190573886632919187e+00
1.749848127365112305e+01 5.680902752509484088e+01 -9.194473706758939713e+00
5.575938215622534777e+00 6.102670045999380122e+00 2.315531635284423828e+01
1.491558527946472168e+01 6.030261405309041578e+01 -1.084845650196075439e+01
5.049257755279541016e+01 7.400568280901227070e+01 -1.052332053865705142e+01
-6.266431684847231232e+00 8.645490321406612111e+01 -9.051082487459536807e+00
-5.416976668491539915e-01 8.659906510903802257e+01 -9.427180357382331621e+00
-5.360657473972865716e+01 -4.930402074541364499e+01 4.830405899456569507e+00
-3.405907821655273438e+01 6.472074181692940442e+01 -8.862809453691754769e+00
2.464275542725907986e+00 5.379049382311232819e+01 3.894816548773582809e+01
-5.376948054347719941e-01 2.378316085192621898e+01 -6.218718460627964184e+00
-4.054963684082031250e+01 -5.303954823811849195e+01 -6.339100440343220733e+00
5.479280140440343061e+00 8.705134116997153626e+01 -7.109530311519816514e+00
-4.036544121636284643e+01 -4.939847140842013573e+01 -5.873248947991265290e+00
-5.128377814041940752e+01 -5.331730350695158194e+01 -5.886039934660258766e+00
-4.963422298431396484e+01 -5.189109420776367188e+01 -5.519760727882385254e+00
2.819311904907226562e+01 -5.292681503295898438e+01 -5.552932262420654297e+00
-3.454492733213636591e+00 2.090235909356011135e+01 -5.539536190032959162e+00
>>>>>>> c097736c933ccba9e01a6339a6f62e1aee0a0cff
-3.976369837710731758e+01 -5.322350311279296875e+01 -3.711784331422103289e+00
2.758709865146213147e+01 -5.287916607326931739e+01 -4.351553042729695342e+00
2.832495085398356238e+01 -5.283670298258463305e+01 -4.623830676078796387e+00
-5.131419320200004108e+01 -5.126265290204216285e+01 -3.822125537722718569e+00
2.859085371229383554e+01 -5.152949973212348311e+01 -3.837308030658298286e+00
-4.834568090438843058e+01 -5.108424768447876119e+01 -4.360242545604705811e+00
<<<<<<< HEAD
-4.138891948353160188e+01 -4.936877268010919551e+01 -4.071327838030728508e+00
-3.954118696172186986e+01 -4.881270834740171694e+01 -3.805296882669976455e+00
-3.563526223103205215e+00 1.780355099836985389e+01 -4.537400166193644502e+00
-5.324185562133789062e+01 -5.146227645874023438e+01 6.844559550285339355e+00
-2.548061625162760535e+01 4.679538631439208984e+01 -4.450359145800272920e+00
2.735369825363159180e+01 -5.186030197143554688e+01 3.902413845062255859e+00
5.616741943359375000e+01 5.737052658081054801e+01 -4.494773406982421449e+00
5.813856379191080492e+01 6.053073247273763258e+01 -5.094877084096272490e+00
-4.256030944824218665e+01 6.540725219726562045e+01 -3.807736458778381294e+00
2.025892778543325434e+01 6.868046789902906823e+01 -3.901543786892524235e+00
1.845456663767496863e+01 6.986607911851670849e+01 -3.835941592852274429e+00
1.746398162841796875e+01 7.182605620792934076e+01 -3.638402968645095825e+00
-3.522881731390953064e+00 -7.566716253757476807e+00 5.220245146751403809e+01
-2.289892673492431641e+01 -5.103345870971679688e+01 1.853167343139648438e+01
-4.522596017245588484e+01 -4.648892080372777258e+01 2.076275552141255254e+00
-3.739351204463413580e+01 -5.118816048758370840e+01 -3.190054314477102970e+00
5.392176230748494170e+00 8.872023537045433272e+01 5.233440507025945543e+00
3.438346142239041114e+01 -4.891319232516818261e+01 1.612327321370442590e+01
3.573909187316894531e+01 -5.350513215498490638e+01 -2.816134723750027824e+00
1.940906281904740638e+01 7.426273415305398373e+01 -2.688691572709517086e+00
=======
-3.954118696172186986e+01 -4.881270834740171694e+01 -3.805296882669976455e+00
-3.563526223103205215e+00 1.780355099836985389e+01 -4.537400166193644502e+00
-5.324185562133789062e+01 -5.146227645874023438e+01 6.844559550285339355e+00
5.616741943359375000e+01 5.737052658081054801e+01 -4.494773406982421449e+00
5.813856379191080492e+01 6.053073247273763258e+01 -5.094877084096272490e+00
1.845456663767496863e+01 6.986607911851670849e+01 -3.835941592852274429e+00
-3.522881731390953064e+00 -7.566716253757476807e+00 5.220245146751403809e+01
3.438346142239041114e+01 -4.891319232516818261e+01 1.612327321370442590e+01
3.573909187316894531e+01 -5.350513215498490638e+01 -2.816134723750027824e+00
>>>>>>> c097736c933ccba9e01a6339a6f62e1aee0a0cff
3.704030990600585938e+01 -5.317754554748535156e+01 -2.551205635070800781e+00
2.487312622070312429e+01 -5.073328781127929688e+01 -2.443561601638793768e+00
-3.881326929728189867e+01 -7.056432485580444336e+00 -2.533195753892262925e+00
3.563811104252653195e+01 -5.372969573398805920e+01 -9.147765062714241502e-01
<<<<<<< HEAD
-4.851352102860160187e+01 -5.340801131207010144e+01 -9.045666951848112536e-01
-3.955524541976603814e+01 -5.357469923952792357e+01 -7.994407877484535074e-01
2.675154206060594220e+01 -5.188561974802324528e+01 -7.724828731058345221e-01
3.254372226490693976e+01 -5.128478734633501546e+01 -7.225580294342601739e-01
2.641462723089724207e+01 -4.876449538250358984e+01 -8.276326055733524978e-01
-4.855693222926213082e+01 -4.818515520829420495e+01 -8.350354205960264231e-01
2.819311904907226562e+01 -7.937235832214355469e+00 -2.215091228485107422e+00
=======
-3.955524541976603814e+01 -5.357469923952792357e+01 -7.994407877484535074e-01
2.675154206060594220e+01 -5.188561974802324528e+01 -7.724828731058345221e-01
2.641462723089724207e+01 -4.876449538250358984e+01 -8.276326055733524978e-01
>>>>>>> c097736c933ccba9e01a6339a6f62e1aee0a0cff
-3.730007807413736831e+00 1.053094387054443359e+01 -1.954157922003004311e+00
5.594305549349103401e+00 1.763095020112537270e+01 -1.677534818649291992e+00
-3.729793405532836914e+01 5.688577890396118164e+01 9.232712944348653750e+00
5.128479258219400805e+01 6.466055170694987453e+01 -1.915884653727213616e+00
<<<<<<< HEAD
-3.208857116699218892e+01 -5.099057769775390625e+01 4.052591657638549449e+00
2.076311248388045883e+01 6.924926620874649075e+01 -1.166837849105015756e+00
1.878101062774658203e+01 6.989326477050781250e+01 -2.122393131256103516e+00
1.874148941040039062e+01 7.075090026855468750e+01 -2.122393131256103516e+00
=======
2.076311248388045883e+01 6.924926620874649075e+01 -1.166837849105015756e+00
1.878101062774658203e+01 6.989326477050781250e+01 -2.122393131256103516e+00
>>>>>>> c097736c933ccba9e01a6339a6f62e1aee0a0cff
-1.574300305386807075e+01 8.115295621182056607e+01 -8.600428933475879889e-01
3.323546488144818767e+01 -5.333563770967371198e+01 -2.846784907365765838e-01
-2.866148591041564941e+01 6.948203945159912109e+01 9.237213969230651855e+00
-4.568950972446175740e+01 5.360924671971520894e+01 -5.356210731836252847e-01
3.504856356452493316e+01 -5.344596369126264079e+01 1.928795122048434063e+00
2.918629661978107492e+01 -5.102496228152758562e+01 2.195016705826537073e+00
3.464373016357421875e+01 -4.933943150838216241e+01 -1.565771646797657068e-01
<<<<<<< HEAD
-4.387119674682617188e+01 -5.124786758422851562e+01 1.567452764511108398e+01
-4.977445455697866805e+01 -5.102062137310321788e+01 2.075985384961733515e-01
3.292775535583496094e+01 -4.921567993164062216e+01 1.970543019473552648e-01
2.669034446716308651e+01 -1.753440383911132727e+01 3.383884274726733365e-01
-5.391048846804366024e-01 9.000683406907684514e+01 2.165791537080492102e+00
3.413823572794596117e+01 -2.208823267618815223e+01 9.455700874328613281e+00
-4.599242019653320312e+01 -4.673129272460937500e+01 4.505209922790527344e-01
-4.247972315833682444e+01 -5.338418651762462730e+01 2.359914053054082750e+00
-3.391381165475556259e+01 -5.343121811837860946e+01 2.511282003287113263e+00
-4.884623604729061697e+01 -5.125521846044631502e+01 2.474899637557211207e+00
2.286515217292599544e+01 -5.146343789449552020e+01 1.713178310452438069e+00
3.125378799438476562e+01 -5.253432083129882812e+01 8.793399930000305176e-01
3.527360601986156041e+01 -5.127210377711875822e+01 2.233476748653486776e+00
2.624296018812391651e+01 -4.850347552829318687e+01 2.112041600545247366e+00
-4.036587458071501544e+01 -4.735464295097019516e+01 1.525410724722820799e+00
3.347339001217403620e+01 -1.194259303324931309e+01 1.956575839906125491e+00
-3.358628546022901418e+01 -2.719751840479233707e+01 2.893177745389003519e+00
2.320988570560108322e+00 8.639521988955410237e+00 2.003129633990201164e+00
1.194885688669541324e+01 2.382217334298526623e+01 1.635061542777454191e+00
-4.188128662109375000e+01 -5.320917892456054688e+01 1.622552627987331775e+01
-1.567095756530761719e+01 8.115654505216159009e+01 2.180070678775126947e+00
2.385122658656193551e+01 -5.298392251821664445e+01 2.702669038222386355e+00
-4.881251624778465015e+01 -5.114240627524293359e+01 4.681900804425462859e+00
-5.254691123962402344e+00 3.387739944458007812e+01 3.384646797180175781e+01
2.347612094879150391e+01 -1.994414329528808594e+01 2.472081756591796875e+01
3.020639699300130232e+01 -5.322836939493814867e+01 2.896744855244954397e+00
-5.465008611846388220e+01 -5.139390925357216133e+01 2.829276695586087520e+00
-5.503252840042114258e+01 -5.291172742843627930e+01 3.077031046152114868e+00
-3.635437449013314648e+01 -2.714041398211223211e+01 2.907860784995846437e+00
-3.045998950626539070e+01 6.519744491577148438e+01 5.247869683348613812e+00
-5.183062443588719503e+01 -5.076086321744051588e+01 3.414060614325783671e+00
-5.251206359863281392e+01 -4.935153350830078267e+01 3.611260890960693359e+00
3.136243224143981934e+00 7.112681031227111816e+00 3.502571165561676025e+00
-3.656206092055963097e+01 -5.321645378579898988e+01 5.169085132832429430e+00
2.947861655877560949e+01 -5.354656671018016567e+01 5.170585082501781393e+00
3.240658784949260962e+01 -5.337390410381814831e+01 5.094903536464856941e+00
-4.753127640944261145e+01 -5.294177128718449410e+01 5.309883777911846181e+00
2.345825560887654504e+01 -5.342802778879801195e+01 5.190476919213931062e+00
=======
3.292775535583496094e+01 -4.921567993164062216e+01 1.970543019473552648e-01
2.669034446716308651e+01 -1.753440383911132727e+01 3.383884274726733365e-01
3.413823572794596117e+01 -2.208823267618815223e+01 9.455700874328613281e+00
-4.247972315833682444e+01 -5.338418651762462730e+01 2.359914053054082750e+00
-4.884623604729061697e+01 -5.125521846044631502e+01 2.474899637557211207e+00
-4.036587458071501544e+01 -4.735464295097019516e+01 1.525410724722820799e+00
3.347339001217403620e+01 -1.194259303324931309e+01 1.956575839906125491e+00
-3.358628546022901418e+01 -2.719751840479233707e+01 2.893177745389003519e+00
1.194885688669541324e+01 2.382217334298526623e+01 1.635061542777454191e+00
-4.188128662109375000e+01 -5.320917892456054688e+01 1.622552627987331775e+01
-1.567095756530761719e+01 8.115654505216159009e+01 2.180070678775126947e+00
-4.881251624778465015e+01 -5.114240627524293359e+01 4.681900804425462859e+00
-5.465008611846388220e+01 -5.139390925357216133e+01 2.829276695586087520e+00
-5.503252840042114258e+01 -5.291172742843627930e+01 3.077031046152114868e+00
-3.635437449013314648e+01 -2.714041398211223211e+01 2.907860784995846437e+00
-5.183062443588719503e+01 -5.076086321744051588e+01 3.414060614325783671e+00
-5.251206359863281392e+01 -4.935153350830078267e+01 3.611260890960693359e+00
3.136243224143981934e+00 7.112681031227111816e+00 3.502571165561676025e+00
2.947861655877560949e+01 -5.354656671018016567e+01 5.170585082501781393e+00
3.240658784949260962e+01 -5.337390410381814831e+01 5.094903536464856941e+00
>>>>>>> c097736c933ccba9e01a6339a6f62e1aee0a0cff
3.436283340454101420e+01 -5.301950531005859091e+01 4.222709798812866566e+00
-5.456878026326497633e+01 -5.276855850219726562e+01 3.881066560745239258e+00
2.818414751688639441e+01 -5.081903076171875000e+01 3.866344292958577622e+00
-5.136792320117616129e+01 -5.190435971711811192e+01 4.998204528239735822e+00
-4.855121694911610319e+01 -4.879448431188409785e+01 5.147107544270428825e+00
<<<<<<< HEAD
-3.382939587217389033e+01 -3.053260664506392175e+01 4.360023570783210900e+00
3.453441201486894840e+01 -5.016318410634994507e-01 5.494280507487635745e+00
-1.665020261492048093e+01 2.708131095341273564e+01 4.204816222190856934e+00
-2.859010047912597585e+01 6.634068272908528741e+01 4.995454192161560059e+00
1.463519861147953982e+01 8.096344390282264669e+01 5.003545348460857412e+00
2.990886433919270715e+01 -4.650848279680524655e+01 5.865854762849354032e+00
2.594948220252990723e+01 -4.626479530334472656e+01 6.134461969137191772e+00
4.061896869114467279e+01 -5.339814349583217279e+01 5.999350786209106445e+00
-3.655841903686523153e+01 -4.362631263732910014e+01 6.541680574417114258e+00
=======
3.453441201486894840e+01 -5.016318410634994507e-01 5.494280507487635745e+00
-1.665020261492048093e+01 2.708131095341273564e+01 4.204816222190856934e+00
-2.859010047912597585e+01 6.634068272908528741e+01 4.995454192161560059e+00
>>>>>>> c097736c933ccba9e01a6339a6f62e1aee0a0cff
