1.215600789061167859e+02 2.938728235084169782e+01 4.203007289555506532e+01
1.624597478147722711e+02 1.191420037011054589e+00 -1.213253759201094084e+01
1.759602430715293053e+02 5.218537125697334034e+01 2.789651159482699683e+01
1.003268733423139452e+02 5.262218769385745532e+01 9.061523487376764052e+00
1.028721832585833624e+02 6.205152474616872382e+01 4.639618412437349804e+01
1.750483800211612220e+02 6.163201012524627487e+00 6.554977104249188002e+00
1.766845421432989554e+02 5.202179080093291219e+01 3.289439952731427041e+01
1.570107632618892808e+02 3.250850605932008364e+01 6.103749706701012201e+01
1.791561466858502456e+02 -2.012245912488801025e+01 -5.599092140390586536e+01
1.193174521344118375e+02 6.988523789080267079e+01 2.605308179118274126e+01
1.009434933455334544e+02 6.244597918494790179e+01 5.075392132404756040e+01
7.689220906709442716e+01 1.132113458294710817e+01 5.421606406437464187e+01
1.389292345752612334e+02 -1.062243213699827216e+01 1.867340353009244680e+01
1.963783582508295069e+02 -1.887664981922059937e+01 1.369678959890016046e+01
1.636923086876864204e+02 -5.868593527310423497e+01 -1.753819337439491832e+01
1.519795725663697681e+02 -8.714493107022052598e+00 4.515357619944033729e+00
1.553354399997149073e+02 -3.530786106781518896e+01 -4.906431813247460028e+00
1.354015869044881697e+02 2.570369195341064739e+01 5.585407946650363442e+01
1.915351407805088400e+02 -3.611536423795675432e+01 -4.146540291816747725e+01
7.515456150752011411e+01 1.896137034003615085e+01 5.094453123220740309e+01
1.479002804651645135e+02 -6.279956344432087434e+01 -4.209203333353206844e+00
9.669632207104038457e+01 1.521688561040056342e+01 4.797429309079130633e+01
1.651495792416261565e+02 6.005187483049286357e+01 5.205242984316213040e+01
1.070809874502681112e+02 4.374364971188733620e+01 1.333019432668030291e+01
1.664427727992296013e+02 6.130609041899216294e+01 2.195325627225484766e+01
9.570289838412982419e+01 2.938171356301306503e+01 5.725778421302518240e+01
6.912789788379295430e+01 3.091927014169642973e+01 5.152039387932295966e+01
1.746590227859037157e+02 1.120517889999111505e+00 -4.171313180150703204e+01
1.355018401364516478e+02 9.822029986228442056e+01 2.496076023081515771e+00
1.620242919412225433e+02 6.683249905183411954e+01 1.126604054465248339e+01
1.087102851000887824e+02 4.379454045591467093e+01 2.307143257588096930e+01
1.361279122121389946e+02 8.184154066934053162e+01 -1.314985902965354292e+01
1.225493869228043735e+02 7.666066554776183750e+01 2.763107234625532271e+01
1.571742604925691182e+02 3.553571717203085001e+01 5.936634668292330730e+01
1.767220042912337306e+02 -2.089847922928951718e+01 -5.891407593342464821e+01
1.655480363917425848e+02 -3.931171069597887424e+00 9.696515684230956111e+00
1.774337335749935960e+02 7.204599880810983237e+00 3.997685631881253698e+00
7.373449772412703851e+01 2.591133133767288399e+01 5.913834742715575032e+01
1.548740282224613622e+02 -2.673962419579149596e+01 5.185279765592044399e+00
1.112326378178194375e+02 7.694379520558310759e+00 5.056662387902495936e+01
7.793369323288656858e+01 1.088158670877637668e+01 5.241124461188215378e+01
1.988618671471779464e+02 -1.602043385678350873e+01 1.422399150827121161e+01
1.403078872228561238e+02 7.671452319687260513e+01 -1.050077472838251325e+01
1.474151083508625106e+02 -5.002611166650211771e+01 7.138778428568096857e+00
1.252447368167923969e+02 5.876852156639139224e+01 1.659559909215438722e+01
1.622161249475863940e+02 -6.557774303058694443e+01 -1.186838227681375457e+01
6.810381740426802821e+01 2.121486242715931070e+01 4.983203686967871704e+01
1.617092393838415205e+02 -8.714018011480039405e+00 6.559813640502575538e+00
1.306738922108015117e+02 3.496063415759712001e+01 1.447725341840647317e+01
7.028045442813626664e+01 2.658221744981114654e+01 5.558990289113094008e+01
1.568232860708992860e+02 -3.846703154452444373e+00 3.385268047634689026e+00
1.348263394179800514e+02 3.055378072528960587e+01 5.797396081658227729e+01
1.476455353045320464e+02 -1.016022700298483628e+01 4.826742715965089303e+00
1.365604850603356226e+02 1.305886118231882875e+01 3.348263899383132269e+01
1.729136497535341164e+02 -2.465277991055287288e+01 -4.707821778090684717e+01
1.027340759243081152e+02 5.153005266452400690e+01 7.210064683514447736e+00
1.022124772618219595e+02 5.317673137836939645e+01 8.211111842075201395e+00
1.750413254309956699e+02 5.196379491333984646e+01 2.463179791424167675e+01
1.163349943594770082e+02 7.378292226073256188e+01 2.922873296037119673e+01
1.312477585820704462e+02 6.168959348906975038e+01 1.962576096750006727e+01
1.126689698557264450e+02 6.162203668696889025e+01 1.842995821547028967e+01
1.725472302774895752e+02 -2.193605054993800962e+01 -6.225706429724402824e+01
6.764748627766226718e+01 2.258486466841082319e+01 5.086832077009860598e+01
1.693484054017522169e+02 -7.044802001681072845e+00 -2.574991819819635808e+01
1.779245426120082811e+02 -2.059192760659009380e+01 -4.790162667154034892e+01
1.708853417809622215e+02 -2.137198746137348238e+01 -3.251519751955246562e+01
1.483550395986203227e+02 -5.228466729555965742e+01 4.368642470625962559e+00
9.722182653009549824e+01 5.085473123905502746e+01 8.755078878065761572e+00
1.319702182905351151e+02 1.014917370629318327e+02 -7.475471068044972967e+00
1.768061673070976383e+02 1.891558438951731702e+01 1.116068811790997373e+01
1.520967501346750055e+02 -4.910880899896980623e+01 1.097983283780421360e+01
1.721108014905371135e+02 2.499033125264363875e+01 -4.497562195890211223e-01
1.916177942711784965e+02 -2.801924366856439619e+01 -3.825863273846816526e+01
1.074911929959599206e+02 5.494126205327781065e+01 2.602801143218295010e+01
1.057745066492437900e+02 4.820582742293890277e+01 8.555550455180544134e+00
1.363005691335939957e+02 5.821296799815936396e+01 1.935758823643776338e+01
1.128590184034314206e+02 6.436785116502568371e+01 3.962497733624706342e+01
1.457250154646985720e+02 4.367705738339120813e+01 2.906853263878085514e+00
1.433318076220234900e+02 8.783509230175464211e+01 1.672252888696426965e+00
6.999972518731058813e+01 3.172049356796345876e+01 5.018963127290304982e+01
1.467690114048389489e+02 1.025014279560891861e+00 2.733469749676903859e+01
1.459057779915210062e+02 1.069168785131353161e+01 4.362376042320287439e+01
1.601258544101891914e+02 6.727993401175444976e-01 -1.404441740612820233e+01
1.327987408661068116e+02 1.326452796342686291e+01 2.720109950317378278e+01
1.302702620131966285e+02 5.943613656815802671e+01 2.052024126768976231e+01
1.412261661853173109e+02 9.156828065105980841e+01 -1.665433756942743670e+01
1.695412710204685709e+02 1.124896443748309327e+00 2.124746910410708267e+01
1.580597421968127207e+02 3.655794705332613148e+01 6.130460028405946105e+01
1.759180474368190232e+02 -3.260170989860131385e+01 -4.910978062169241554e+01
1.624656952217837045e+02 -1.096032155484837745e+01 7.549145876423187573e+00
1.366111951894557137e+02 -2.750084525136864855e+01 9.842917676384685066e+00
1.766384545044753054e+02 4.820217527293235094e+01 3.174250295172658909e+01
1.551880224297718485e+02 -9.943982078680468462e+00 6.793004204388969569e+00
9.944725351373790545e+01 4.677518228077217088e+01 1.230789854636351777e+01
1.093897398633007896e+02 6.307626198897732195e+01 4.069076530176013051e+01
1.984676891723090364e+02 -1.562433859269964209e+01 1.025203969997081188e+01
1.750166839628529658e+02 2.208501273582504965e+01 -5.924690232119915301e+00
1.501412205930891162e+02 -3.111502902996029718e+01 -9.585348546954186588e-02
1.515666408279146822e+02 1.013938201307494857e+01 3.519909275507392721e+01
7.350664914204108413e+01 2.794307914721160557e+01 6.035553802781318211e+01
1.115098659589970964e+02 5.606526651798123595e+01 1.672413749829292584e+01
1.819407148996839680e+02 -2.967674186206389564e+00 -2.551948027137112263e+01
6.875464824946894282e+01 2.966602291498118404e+01 5.313056310237207924e+01
1.764876165862378059e+02 -3.143511292026058257e+01 -5.068942436957098607e+01
1.752965261812194342e+02 -1.877987330695748014e+01 -5.795999837918734698e+01
1.393407653469485581e+02 4.807855697245583571e+01 6.198163257287297512e+01
1.346017808858723299e+02 1.010320627550564296e+02 -1.099687319872890967e+01
9.399370902436984920e+01 1.309913671940351776e+01 4.803268597237647697e+01
1.601532720590874987e+02 2.275984326053953843e+00 -1.597716549829290500e+01
7.060596526563276143e+01 1.678350993713010553e+01 4.864951433492083055e+01
1.395291992928111995e+02 6.330964384399898393e+01 5.304524696924138283e+01
7.073593119502997695e+01 2.161171386501051472e+01 4.934437871532983877e+01
1.588186232779228533e+02 -5.196264995828865807e+01 6.489182770780294263e+00
7.054552882994775587e+01 2.377900264108627937e+01 5.088871324394769147e+01
1.577306789759680896e+02 -1.294764565292821690e+00 2.693121429884856255e+00
1.749677691227096830e+02 -2.893564817267687417e+01 -5.376948663965440289e+01
1.485104618737819919e+02 1.798318625410421490e+01 5.295494983911380871e+01
1.484635620742119215e+02 6.081090002083302437e+01 -7.450203219460274084e+00
1.561083127631464151e+02 3.496772971089351589e+00 -2.041471391759384701e+01
1.791295113516196693e+02 -1.981722429748466396e+01 -6.075813394872216122e+01
1.610468680637551131e+02 6.732237927226849195e+01 3.634904211767533155e+01
1.723037095562355887e+02 2.261745947269977819e+01 -2.061360971212407023e-01
9.828786372580401576e+01 4.984606856549398657e+01 1.206130969795084340e+01
8.539018879579731447e+01 2.645855597807924298e+01 5.593779833602312124e+01
1.461374692118017435e+02 -6.455624309578364262e+01 -5.342121582478426056e+00
1.261548614217722672e+02 7.791535295700191455e+01 2.740892865153456626e+01
1.766784894521349258e+02 4.139729771581504281e+01 4.573375726553240384e+01
1.832761152000559264e+02 -1.346634026276847962e+01 7.616875529169510273e+00
1.551813987393060756e+02 -1.758344594000721628e+01 2.876206250716344215e+01
1.558502780391068825e+02 -7.896143548005736257e+00 4.117407561638623648e+00
9.954794208666194777e+01 5.024386263194549684e+01 1.279310285820041315e+01
1.027845412893996979e+02 5.020460224031001673e+01 8.713895824874185791e+00
1.642095111171030624e+02 5.840324396150059982e+01 5.455638533023568471e+01
9.177777040734210345e+01 1.433436179480713335e+01 4.722820540489911423e+01
1.338311267137275706e+02 1.014110999405447870e+02 -1.855550152509410466e+00
1.670504510360544828e+02 5.135410948072372861e+01 1.168816163756452298e+01
7.054577484161632128e+01 3.167454303448984376e+01 5.083276665288057217e+01
7.367330099266675347e+01 1.472713676380758940e+01 4.792764809371296764e+01
1.455272406082507075e+02 4.342593449924807203e+01 6.161832632247378427e+01
6.931527222158142365e+01 3.212452251320732444e+01 5.319634702286251837e+01
6.904925937885424503e+01 1.456564032610897819e+01 4.983679898218627358e+01
1.154737030966680607e+02 7.769589250415084791e+01 2.666055721744849905e+01
1.645984884672729720e+02 2.640637249312323576e+01 -2.005698327786995527e+00
1.326873665475955022e+02 6.660605064727711522e+01 3.112008290519190723e+01
1.427809165745511280e+02 1.347523383289868537e+00 9.687625467908663524e+00
1.177762298084308554e+02 8.382096172325888972e+01 3.035129947586600707e+01
9.789568270894784519e+01 1.172454458595478499e+01 4.559327376774072604e+01
1.347504696817833860e+02 -6.829119477316294251e+01 -1.629832104182616348e+01
1.752175045595152199e+02 8.611595185139860220e+00 7.748008607192380381e+00
9.851828160539537294e+01 4.849771063679430227e+01 1.336603940093574749e+01
9.866008927692352870e+01 1.350619816706301535e+01 4.568879516682557096e+01
1.806939211925992765e+02 -4.564436637326654278e-01 -2.729123111907134458e+01
1.432348730555735017e+02 7.718038310105977473e+01 2.360191267950957350e+00
9.576044043472074918e+01 2.488080318057423668e+01 5.217217796814016850e+01
7.037353999272905014e+01 3.019164878333472046e+01 5.517489945028575704e+01
1.768792534480034533e+02 1.202906628195089755e+00 -3.882527268315934066e+01
1.035981737750652201e+02 4.896666213929892564e+01 8.450253878676182495e+00
1.610043841140495715e+02 5.816719851151786003e+01 5.662904079092200504e+01
1.988470717665471170e+02 -1.916475636856354114e+01 1.438546685103595379e+01
1.480557482492818906e+02 -6.103278399886526984e+01 -5.673270319475706813e+00
8.225648613329150294e+01 9.124276846298464250e+00 5.521536093081645902e+01
7.183012701299143998e+01 2.944692378533726895e+01 5.626099793664211290e+01
7.671724720586693991e+01 2.407968987735931776e+01 5.208985119646454365e+01
1.940475819567609506e+02 -1.779692826297007002e+01 1.266511965050856148e+01
1.825101404753223733e+02 -1.624174924922025642e+00 7.995387162505424250e+00
1.826178733404029515e+02 -2.233331194820210186e+01 -6.093843050416695917e+01
1.501924592220824763e+02 -5.660285036922505242e+01 -9.098794387922943372e+00
1.756972459044970094e+02 -2.453426973150379098e+01 -5.823042660506639123e+01
1.491819482159902179e+02 -5.849626476075507497e+01 -7.121429510173877375e+00
1.880186534037265460e+02 -1.436883062857276094e+01 -4.032757413680854341e+01
1.039261072535893504e+02 6.139229523767783547e+01 5.477403623406772226e+01
7.949317400868615380e+01 1.379979626360090705e+01 5.113412014973415154e+01
1.680374255869353135e+02 -5.754893182420067888e+01 -1.511079034734743942e+01
1.531943753564438282e+02 -3.172984769278244954e+01 -4.218685932395616622e-01
1.130695031910285877e+02 5.782304889787422297e+01 4.861664514648236946e+01
1.685148003119454643e+02 4.182738064572816228e+01 9.792771083976163027e+00
1.197781046247730075e+02 7.934548565122778996e+01 2.842227973401698193e+01
1.719733258146817150e+02 -7.142621852073582467e+00 -2.409139644089566090e+01
1.592437274577731330e+02 2.145853825004370208e+01 5.545016333804780828e+01
1.626693121961857003e+02 -1.305048659508045894e+01 8.545822354883419791e+00
1.040434758414478154e+02 4.577745499312502631e+01 1.086783198817815332e+01
1.385283848823210064e+02 -6.933325364257518686e+01 -1.101734537962686389e+01
1.074262615451153948e+02 5.322538371166471194e+01 1.074452164384167396e+01
1.043433339234732102e+02 5.412797414930697215e+01 8.501448158146338585e+00
7.051450826855605669e+01 1.762798535735673511e+01 5.271925169980125503e+01
1.447005716403259612e+02 -1.171178219835331191e+01 2.560547415738488652e+01
9.715229499699047722e+01 5.217825244584124533e+01 1.132828997334411625e+01
6.994247035976060545e+01 2.016167991727810715e+01 5.353867954079061064e+01
1.525935741606899967e+02 -3.079247454877565460e+01 3.164493179711971749e+00
1.540349082377562695e+02 3.743545480581977358e+01 2.790307571734834458e+00
1.801513580678069957e+02 -2.575302830868316306e+01 -5.664012329692580749e+01
1.492276394293060662e+02 -5.420249546984908307e+01 -7.419486377769251462e+00
1.380132291872604355e+02 2.764007016673149053e+01 5.776397396224778902e+01
1.118870043687517750e+02 4.595982238048308943e+01 3.405404238723942711e+01
1.382026131508220601e+02 8.706567573349227018e+01 -4.843056567269445445e+00
1.468105829337441719e+02 4.307477730745340949e+01 6.300715905169083442e+01
1.056266170246678087e+02 1.924707005607976384e+01 4.616385863170260961e+01
1.356856897905092580e+02 1.280272015285413900e+01 2.833517561669096807e+01
1.354956660276649245e+02 -2.102382267503378088e+01 1.105091646986966225e+01
1.803253057983347389e+02 -3.402807457652352241e+01 -4.253080416903909367e+01
7.236640240262691748e+01 1.284643867532058437e+01 5.006193225234714816e+01
1.349259811402500020e+02 5.025259512614128710e+01 1.546777873011905768e+01
9.816558083714606653e+01 2.550438491807573982e+01 5.077518258619274150e+01
1.841258212013264028e+02 -2.453396910609331627e+01 -5.756716790008816531e+01
1.751829702686566748e+02 -3.136225456042805249e+01 -4.773143179378628531e+01
7.251266557339427266e+01 1.885536146930714807e+01 5.131387936366281366e+01
7.195871622663449330e+01 1.783345051826550076e+01 5.382050013795756627e+01
7.348737032710027961e+01 2.085289163047002958e+01 4.983947149200767512e+01
7.599186325753751703e+01 1.737452548547666709e+01 4.928752894087130443e+01
1.473617838351396188e+02 -1.191871508500878285e+01 2.886185439228150074e+01
7.312919321944039552e+01 2.279889605618590664e+01 5.242170844648592265e+01
1.395568723235887489e+02 -1.101519141663787593e+01 9.553187499533091653e+00
7.203830709958518241e+01 2.319194452988467248e+01 5.512387017503679232e+01
1.611299214367557511e+02 6.823128424201661346e+01 2.939577720885685963e+01
7.221024398699458402e+01 2.557078425461498483e+01 5.462536188995240849e+01
1.727018936546071757e+02 3.298756763065674846e+01 1.512447474237402645e+01
1.623789810237143740e+02 -1.697042994311360431e+01 2.230806986742489073e+01
1.744821017588005532e+02 1.916947813269448275e+01 -4.139150624694047487e+00
1.351134546035820563e+02 6.779229853898932845e+01 4.376141000743469078e+01
1.578460144850198503e+02 3.857941262634589918e+00 -1.863794739652455945e+01
1.729128323945561192e+02 2.247987312247299485e+01 1.448549159747379633e+00
9.985996259562125488e+01 4.864186317690546701e+01 1.012205639122803902e+01
7.161635264509537535e+01 2.641081415744992711e+01 5.741342513741687981e+01
1.627133784065242423e+02 6.484586892650042955e+01 4.609843431431187355e+01
1.530221060972600924e+02 -2.608194769056403572e+01 4.050151990370240540e+00
1.268451713391590800e+02 7.159988512469072930e+01 2.559808700244965252e+01
1.531420616532809618e+02 -2.453906196887605162e+01 3.808240237776589154e+00
1.045190311544048996e+02 5.407020800981098319e+01 1.174413219417217924e+01
1.833452564637521789e+02 -3.438878752896262370e+01 -4.480023169599306954e+01
1.329407317281275027e+02 1.005832409665850662e+02 -1.299598281107786946e+01
1.670593529278324070e+02 -9.457659246604681602e-01 4.213858768393707876e+00
1.064733996568952534e+02 5.305211776662580547e+01 7.128439047676648599e+00
1.670963187735022188e+02 -5.727049064886386276e+01 -8.708481716153848140e+00
1.781570766063924793e+02 -1.737410075999353865e+01 -2.550996265659582818e+01
1.213249798636119294e+02 8.851673233394201645e+01 2.694160334295475678e+01
9.943223584885515720e+01 6.207230720170014138e+01 5.414060217487089943e+01
1.025855770760957455e+02 6.433666213095277442e+01 5.413981658198419211e+01
1.304926380249920612e+02 1.018367095600735723e+02 -1.382494995818837502e+00
1.635509598161837914e+02 2.639463491382602101e+01 -2.571161379133108937e-01
1.598724542861505995e+02 7.137615127951572447e+01 -4.177270681551827458e+00
9.782976242256762589e+01 5.311899292729642497e+01 1.026900169375247174e+01
1.646021735991893138e+02 -4.622119791063635574e+00 8.497723839357373521e+00
1.387964881862681352e+02 6.971426708248782234e+01 3.363013979246355234e+01
1.394193235793707402e+02 4.683439558157429161e+01 5.921985143155027487e+01
2.002986862878930765e+02 -1.797111225823618952e+01 1.021901773602559160e+01
1.115401403476468545e+02 2.309159286768017694e+01 4.501722336464846563e+01
9.920152737817400634e+01 5.189071715244964622e+01 1.261740157882890045e+01
1.509680739006252850e+02 -6.729918495490183261e+01 -1.925124866370969912e+00
1.444295109523853569e+02 -3.135981799598718567e+01 2.099480304955643817e+01
1.305785088964833847e+02 9.656656051618548986e+01 -3.466341909259416099e+00
1.738942814603099123e+02 1.504036408608502295e+00 -4.005595220254720346e+01
1.649505242007965933e+02 2.114348178558214109e-01 -1.281017880516489527e+01
1.758527573984534058e+02 2.829624795642586577e+01 2.388481726988651488e+01
1.160131792413245364e+02 8.083171741777860575e+00 4.867844651771326880e+01
1.533707458964944692e+02 -1.987227787053922867e+01 2.822919602546166828e+01
1.942329529198107991e+02 -3.260911602593458980e+01 -4.402257642655720105e+01
1.297566438048221755e+02 5.908115108631449175e+01 2.217239453011925576e+01
1.701276820889680153e+02 -6.231174330243645443e+01 -1.155998272316983488e+01
1.029512619655954779e+02 4.480774489724961995e+01 1.143709250107473352e+01
1.490879284232339330e+02 -3.086262903697781823e+01 2.100184180816189539e+01
7.496440978717409109e+01 1.761831817209758810e+01 4.917058320212682077e+01
1.352760056671899349e+02 -2.692958705521937901e+01 9.482136994142809527e+00
8.978743872504654178e+01 1.111322731796851926e+01 6.096263785849885153e+01
1.200424672941739317e+02 6.772314822125802891e+01 2.409388933114279752e+01
9.575485763438985032e+01 1.738081322115557370e+01 4.866312331465642416e+01
7.332192640946387030e+01 2.280056960056145243e+01 5.699728472427429438e+01
7.573496490967465888e+01 2.586330029519386997e+01 5.394708983995891316e+01
1.241092244436447345e+02 3.843150089581755680e+01 3.051651427702312702e+01
1.426040396813930897e+02 -4.848019902488577060e+01 3.011747471613416494e+00
1.501514651814080707e+02 -5.875389312824900401e+01 -4.972001653385042630e+00
1.542353099718513363e+02 -9.472261928939412101e+00 4.560709390406767483e+00
7.991459366888203419e+01 1.568988536487813334e+01 4.948761904048931370e+01
1.160032042325318287e+02 6.278036705481385127e+01 3.821397339287133121e+01
1.191283239602049235e+02 3.876936894816159906e+01 3.947666197367053087e+01
1.328301909818920592e+02 5.781069356153447814e+01 2.164460664026702119e+01
1.576248614333524074e+02 -3.332300832981610395e+00 1.995946002539721098e+00
1.975959883635409824e+02 -2.065730246039696638e+01 1.212115686350320232e+01
1.597852700119262579e+02 -1.944526244589260600e+01 2.458495989567722972e+01
1.035926380762194015e+02 2.749137677047046679e+01 5.289996933267388357e+01
1.870163130742024293e+02 -2.892236785063773752e+01 -5.094832007455475065e+01
1.368131453381884057e+02 1.419644590689259189e+01 3.829062125269459216e+01
1.729962869299241106e+02 2.658824295296370011e+01 3.848327895234556539e+00
1.071643549858584663e+02 6.553547643326062655e+01 4.597304086200865214e+01
1.124808283258484920e+02 4.266271200936204622e+01 2.305259399560688749e+01
1.631964030683707279e+02 -6.290335349906190032e+00 2.389308653600047450e+01
9.919764324748851436e+01 2.836613956637788903e+01 5.542893260716029857e+01
1.710616150163663178e+02 2.609082533378085600e+01 5.700898747896959051e+00
7.912330682999221665e+01 1.312245400014534447e+01 4.973179604160429790e+01
1.023515230725496394e+02 5.990872796758449681e+01 5.359913439235514687e+01
1.444785346205414100e+02 -5.033932681008890597e+01 4.153969745791163959e+00
1.895268921021485937e+02 -2.678125478848181018e+01 -5.457893650954513021e+01
1.596825070500440233e+02 1.977429169754675442e+01 -1.988826352737000391e+01
1.285689397243613428e+02 9.804598618996740811e+01 -1.852280861918870158e+01
9.035426250486965216e+01 1.010851101006300645e+01 5.112670169631779515e+01
1.444194084892112357e+02 1.370225313975029557e+00 -2.786487579686665050e+00
1.404338415327969756e+02 6.791373808903068721e+01 2.907633740199857897e+01
1.474963168131684483e+02 3.706221410656373116e+00 2.592945665552481316e+01
1.456942602175502657e+02 -9.885007599491533625e+00 2.676999004619942468e+01
1.501901226043932809e+02 -3.037093184467489593e+01 2.309967292680747875e+01
1.779992918584941606e+02 5.030029139596189935e+01 2.503669548589070004e+01
1.081697738672268940e+02 4.858667675717287437e+01 7.516842472782231610e+00
8.947627374878517514e+01 9.404384033338029525e+00 6.211528749747981237e+01
1.632642203736287740e+02 5.676717897628942922e+01 5.662148457155731762e+01
1.661570915789734784e+02 2.455732141072398278e+01 -5.979928179413130707e+00
1.167686252848784250e+02 7.744423043880688340e+01 2.708661291129934767e+01
1.670584791823777095e+02 -5.222103467908745245e-02 -1.019001403661529714e+01
1.409955726487561094e+02 9.786186679786523257e+01 7.071946657305971939e-02
1.906814578473743609e+02 -2.996140580945048271e+01 -3.608046389357350847e+01
1.231926868195815814e+02 6.170476973465841297e+01 4.432177089654862101e+01
1.657098076958114063e+02 2.410461988208379935e+01 -3.756181106096740052e+00
1.900033425034322647e+02 -3.357828074069582414e+01 -4.450876361922937718e+01
1.310910723766673414e+02 1.028532234543775132e+02 -3.432555944663027603e+00
1.064936261026566342e+02 9.253782100055184756e+00 4.754570199330950686e+01
1.501665433412678681e+02 5.924639692286084625e+01 5.813526650461604817e+01
1.994263350086503976e+02 -1.762231112379330966e+01 9.819380109966395764e+00
1.350898969106091272e+02 1.229350421252840064e+01 5.166254875544765923e+01
1.007149943222551371e+02 4.951443927599592598e+01 1.604000034887611648e+01
1.121688686905769430e+02 5.794263053830746912e+01 4.207884994370494525e+01
1.806111376708905425e+02 -6.009862299065321878e+00 -2.278386292657309298e+01
1.627363973955769154e+02 3.044912981605440905e+01 3.312987146413259865e+00
1.836216721060048940e+02 -4.642513473993826523e+00 -2.862580546578666585e+01
1.012570746365260419e+02 4.540078223118794654e+01 1.273287095043106021e+01
1.317486746784921365e+02 9.972854782419823039e+01 -2.114400939626349007e+00
1.776656862750450898e+02 5.034429791376448549e+01 3.416178492547162904e+01
1.485610775592452626e+02 9.890781002131866728e+00 4.087470301820526686e+01
1.099863119276719630e+02 5.770636398939636535e+01 3.162468321899309842e+01
7.911937521978610732e+01 3.447948338975151472e+01 6.255688361594238245e+01
1.522554039752671713e+02 7.726004480124437634e+00 -5.465156059773486064e+00
1.687633034694345326e+02 5.204570452164769989e+01 1.850953125064950200e+01
1.981500147288240328e+02 -1.717320409846941232e+01 1.512152049753375138e+01
7.905211644953642747e+01 2.284826759448306177e+01 5.330185932897651213e+01
1.398899647953737713e+02 7.904088565169230662e+01 -8.717591682093239314e+00
1.164184847561575396e+02 2.616478531737146795e+01 5.340154370428514596e+01
1.707524191282709296e+02 -2.431947625670124680e+01 -5.753348077573995312e+01
1.112209899913065669e+02 6.440191001458812536e+01 4.323735171123720988e+01
1.744290663766600460e+02 -1.853111118968753956e+01 -5.606319123391828896e+01
7.895655260411632526e+01 2.840401349253227536e+01 5.658540247287061220e+01
1.604999414845504759e+02 -1.624552715757758037e+01 2.539415765043654716e+01
7.674824727417380643e+01 2.738056872580028767e+01 6.120766742464263643e+01
7.706008911405758965e+01 2.929828312236761079e+01 5.976420062481825823e+01
7.695786188479723933e+01 3.157329154831669626e+01 6.176320821681157724e+01
7.610017922511153188e+01 3.307709991324305321e+01 6.065968115958401086e+01
1.766888258982341711e+02 4.741956808039577709e+01 2.415305148328344842e+01
1.361065698429535757e+02 1.624281819044587394e+01 5.691281532182936331e+01
1.253803921409047035e+02 8.086965014636427895e+01 3.148108187578543848e+01
1.510225407510245361e+02 -2.991316046162324582e+01 2.101571232409754586e+01
1.370571712511072064e+02 9.908361774098845842e+01 2.282148824166851497e+00
7.662129483587889922e+01 3.191335518877856359e+01 6.275513088895612412e+01
1.315367328710419486e+02 9.297424912071328151e+01 -1.172963781260272675e+01
1.657621499862238750e+02 2.226551682652546660e+01 5.208362161601278473e+01
1.174096215518369917e+02 6.588361224953003159e+01 2.429599671772189851e+01
1.526881344927810744e+02 8.915523771036231437e+01 -1.276531220915631515e+01
1.378431805271134181e+02 3.135484314021964991e+01 5.948854065838209237e+01
1.206866015182128535e+02 9.972770922689583983e+01 -9.670877175896796629e+00
1.669615888739403431e+02 -2.390708637932333502e+01 -5.500811800206138003e+01
1.645271937779689324e+02 2.995775531207593545e+01 2.497935093728839817e+00
1.293403075159245645e+02 9.045934562448156413e+00 5.263177401290081292e+01
1.759734110500946542e+02 1.945540495185959173e+01 9.249785986587699682e+00
1.695729069712166677e+02 2.476412302294239964e+01 3.030576457403668655e-01
1.660618383333133465e+02 -6.624430823074635555e+01 -1.115242087962682938e+01
1.427819626739138528e+02 1.205960153659477641e+01 4.114039492547497900e+01
1.528396775093169424e+02 -5.773406605676101311e-01 2.861831840227240065e+01
1.219735513057665059e+02 2.888443650759878523e+01 5.079833103925076188e+01
1.168159570338497133e+02 7.987392074744204251e+01 2.770196766804696864e+01
1.565736097626505057e+02 8.414206435653235872e+01 -1.490825894193518408e+01
1.600186114520174954e+02 6.896921347084699505e+01 3.759459609358438570e+01
1.597464898200447010e+02 4.492169441220245574e+01 6.178536412176245562e+01
1.416743672289262008e+02 1.457150965813475096e+01 4.530976739636752626e+01
9.278153670078769721e+01 2.047224954201169922e+01 5.058262175540430405e+01
1.287015833925517541e+02 9.417713002143136336e+00 4.930017881333839824e+01
7.923139073017982525e+01 1.069222763051306657e+01 4.901395546772777578e+01
1.762709234370080367e+02 3.545649364929429481e+01 2.745151787110679109e+01
1.155998220593172334e+02 4.131028163649929041e+01 1.947160599687731164e+01
1.807263356833590535e+02 -1.023967830387493017e+01 7.508409521444533219e+00
1.229020477475650637e+02 9.798272943027302517e+01 -1.702296996466435530e+01
1.582116802638288107e+02 -3.471787449121143965e+01 6.007565829596670071e+00
1.019027746533728873e+02 6.489620325432291281e+01 5.048012350179006091e+01
1.162866565280494626e+02 7.589271173259183456e+01 2.636641411816349745e+01
1.384145375560685522e+02 8.545310133724619561e+01 -6.246027477265021943e+00
1.737640514511896299e+02 5.416454421756388626e+01 2.479307514703722148e+01
1.197208099350680186e+02 9.916796983503397200e+01 -8.540389640129410154e+00
1.735336648125157240e+02 -1.171641130419504861e+01 -4.281156474360868458e+01
1.453992146272565833e+02 4.542589587778532945e+01 6.258414000459092108e+01
1.566044754199459419e+02 1.925048918991985403e+01 5.128201440635680086e+01
1.476953055329258859e+02 4.083515619781636019e+01 6.288257278540680772e+01
1.364171069995096559e+02 1.497018602763133188e+01 5.387511205768242917e+01
1.672141713115900643e+02 1.125016205257419966e+00 -2.839204685924691773e+00
1.377315670795330789e+02 4.988542072839025820e+01 1.604695757014441426e+01
1.627662357564339004e+02 6.696422695084544330e+01 3.931943525985926868e+01
1.209848469187757587e+02 1.010372375512665855e+02 -8.656307557771985017e+00
1.603144506083586975e+02 6.683679598180877690e+01 4.319086454995458979e+01
1.282103689269652023e+02 1.020380218940489812e+02 -1.106615571890833927e+01
1.910636966584415859e+02 -2.573704005434666797e+01 -3.639840802822317301e+01
1.879584186426102406e+02 -2.298362282908117038e+01 -4.994445295652432293e+01
1.192319325324933175e+02 7.247312761744650800e+01 2.753746100051321832e+01
8.013415477816575105e+01 3.266237437593520099e+01 6.155183845069485926e+01
1.437632912621432695e+02 6.558017846328809242e+01 2.839083243186135874e+01
1.562776713763941245e+02 -6.162414043160521260e+01 -1.502129640558189649e+00
1.799112596690522139e+02 -2.798524177864736284e+00 4.653524682526240852e+00
1.340631215575342594e+02 9.828601637658702828e+01 -1.484534044514826157e+01
1.997234424238073416e+02 -2.152820727817614710e+01 1.293216587893834557e+01
1.738420702389437622e+02 -3.183570135645883425e+01 -5.022623081694001002e+01
1.588520027253017872e+02 3.417317436116009333e+01 6.102196620221938872e+01
1.633847724289400389e+02 6.434365215493437518e+01 1.436924951885040613e+01
1.634276503567560042e+02 6.713501157652865459e+01 1.345364272284455076e+01
1.050891557658895010e+02 4.807760032517863635e+01 7.916538136619861277e+00
1.220359480741503688e+02 8.127456693957709888e+01 3.236622457636252648e+01
1.474923708540720781e+02 -3.331085972362549796e+01 -4.050782762742519694e+00
1.093815918915415466e+02 5.491329502831291620e+01 1.310848570396276713e+01
1.039242846847381117e+02 6.565498081125188889e+01 5.161454660333403410e+01
1.667604599119773354e+02 -6.067038504906941654e+01 -1.687288045882479892e+01
1.441751843827466075e+02 -6.809925538667090450e+01 -1.469271207117942524e+01
1.609492517571994767e+02 -1.256392275540953563e+01 6.504960982842861839e+00
1.879935222024693928e+02 -2.478731483896871879e+01 -5.345139256785458315e+01
1.655891392505396311e+02 -2.618375678141246610e+00 -2.245528070370114904e+01
1.578792705456792476e+02 6.676663173377208693e+01 2.834702226119066637e+01
1.706691003130086415e+02 2.383329840345530926e+01 4.721684028954529566e+01
1.308491898561705113e+02 9.612936995953621988e+01 3.868328426652072327e-01
1.221014376769675209e+02 1.018910871237460753e+02 -9.310301072408853074e+00
1.256380152508988743e+02 7.371996694413516593e+01 2.474142303795483855e+01
1.047046020044046202e+02 4.335360231511629792e+01 1.225356841983013823e+01
1.054985117905043381e+02 4.541981040551539195e+01 1.074105707026284406e+01
1.708142599178002854e+02 -6.255270860680128919e+01 -1.419754867839365708e+01
1.628143124328264548e+02 -6.661387383528659711e+01 -1.076992829970899912e+01
1.083560884456023956e+02 5.270055005297082573e+01 7.753573928026135320e+00
1.214008325553872680e+02 4.178271744546027122e+01 3.175661596157843292e+01
8.057396976726502658e+01 1.084465826274193923e+01 5.327954703549819016e+01
8.275893382513896768e+01 1.520715337515568066e+01 5.027473963771495846e+01
8.105287579712479840e+01 1.291349516905478900e+01 5.112992927901094475e+01
1.098605111798505334e+02 5.628902646529402176e+01 1.743565946621314211e+01
1.427231371135206359e+02 -1.113740839974365393e+01 2.502907726807691802e+01
1.137889518201613441e+02 5.671819683416634916e+01 4.040093910833544300e+01
1.080861610256873462e+02 5.433823025528405992e+01 8.580843477682059017e+00
1.064142279269547942e+02 5.496104326120735806e+01 9.400409927308981395e+00
1.022212710133580487e+02 4.751401188729626313e+01 1.920009426303803579e+01
1.052440737704640696e+02 5.413442409388302679e+01 1.414915350172701025e+01
1.618642221413304867e+02 1.273064415456350851e+01 3.780684495905251907e+01
1.075720944176071754e+02 5.976144240744406488e+01 4.159567395539274060e+01
1.669632489465193714e+02 -5.835117505589733611e+01 -1.707803004306160943e+01
1.316466836579028552e+02 9.312485056056048904e+01 -6.182549660038048067e+00
1.264479618937859300e+02 9.923331851158579298e+01 -1.679969728200286028e+01
1.357924836320186444e+02 -7.105063033116098836e+01 -6.587443892166804815e+00
8.159032697112010624e+01 3.129408374217070588e+01 5.871639405261507250e+01
1.824551304766263229e+02 -3.340801710638981348e+01 -4.069988733140026937e+01
1.353225757019312425e+02 3.261626460811238815e+01 6.071482955639930879e+01
1.415664521712549231e+02 -7.067579851184468964e+00 9.983945587960043611e+00
1.120844374327660660e+02 5.395902271314158583e+01 4.447028309329950702e+01
1.068774732646504617e+02 4.347497253068921452e+01 1.480713360307412785e+01
1.250763839416355836e+02 9.927847486970634350e+01 -1.206360148023957279e+01
7.938848336409516548e+01 2.898907566252927381e+01 6.372124966884365449e+01
1.830380208652743761e+02 -1.877003379810559025e+01 -6.114556429673540094e+01
1.242090737785583912e+02 9.849427615121598478e+01 -1.050382013209709164e+01
1.363212050422002903e+02 5.281650394755447309e+01 1.666691251507121052e+01
1.566364356207854200e+02 7.204583742774248378e+01 6.622896665336653221e+00
1.415183014007472764e+02 5.005672766922533157e+01 5.992178255818861743e+01
1.506262793390432080e+02 8.949554991512069080e+01 -1.211947118406193624e+00
1.573818279669058029e+02 -4.492877453680659272e+01 1.219092004740831925e+01
1.241550763768332359e+02 1.021236347519966046e+02 -9.053067163785367910e+00
1.555800774107022733e+02 -2.539960378579721123e+01 4.311883345656190691e+00
1.529351296960682589e+02 9.321280903075829372e+01 -7.479227493986272179e+00
1.507839941258878582e+02 1.120228055225219421e+01 3.780004334013950285e+01
1.651737464059171998e+02 -5.511124566385377932e+01 -1.205116060882132345e+01
1.551777694055070924e+02 1.118572563260250519e+01 3.732733810995807744e+01
1.073582076980769102e+02 6.465748510571036434e+01 4.368218226997965559e+01
1.615925219377707833e+02 5.527613996689179743e+01 5.784395201638824346e+01
1.563518243067474884e+02 7.234517849136236123e+01 3.928331018785772955e+00
1.641310811952570532e+02 -5.322268445633137190e+01 -9.799943587838980008e+00
1.269429964686489996e+02 9.575517927482884772e+01 -1.622411078612895352e+01
1.458251616340185990e+02 9.196688988776162432e+01 -2.124324354825742667e+00
1.785756149419668759e+02 -3.798823948003997586e+00 -2.317215115131017455e+01
1.383677801477416267e+02 6.961658664432636101e+01 3.555365795769614579e+01
1.712497019685154385e+02 -2.941974839922613771e+00 4.840231952525885006e+00
1.083034105004540493e+02 5.525804734028103837e+01 1.024864406774283054e+01
1.788469338684734851e+02 4.314901533768297526e+01 3.493435884330661167e+01
1.013688328835834795e+02 6.174328749986359810e+01 5.514241827330556589e+01
1.523181775732407459e+02 -1.128727674187980412e+01 4.206266910014848648e+00
9.142772367804117550e+01 8.879646233957092960e+00 4.909284099239820165e+01
1.575290089518336458e+02 8.290957171327281827e+00 -2.644597888416409504e+01
1.139190328487951263e+02 5.676108810341215616e+01 1.674900273319386912e+01
1.803056093734037972e+02 -1.853353411436156861e+01 -5.367166843894860051e+01
1.759996365107139411e+02 2.419694678896651396e+01 1.292452196480459747e+01
1.560354939380216592e+02 -5.221787945861839830e+01 9.327282432394204292e+00
1.492381711819663792e+02 1.167374790550862329e+01 4.139217709857851446e+01
1.507676984656814909e+02 1.176306765948340960e+01 3.996605200331558194e+01
1.606844684860373320e+02 -1.422685803113414948e+01 2.690532791417343006e+01
1.767916321382545561e+02 -1.792471907253389674e+01 -2.601253478552480658e+01
1.263478039202645249e+02 1.017585804136877243e+02 -1.170731856844071928e+01
1.477424018745915930e+02 -6.226557903534302341e+01 -2.892125565372820617e+00
1.380796749638688254e+02 6.852904141676980032e+01 3.101167610885332948e+01
1.601775961336926173e+02 1.063940712579649528e+01 3.528354054780946569e+01
1.184790664184486246e+02 6.859609351216978723e+01 2.745059196842954918e+01
1.584615874433656302e+02 6.783992166216374642e+01 4.207655701392465630e+01
1.830289703338273171e+02 -3.010508497487048984e+01 -4.993976361978252498e+01
1.771852087089687871e+02 -2.032063258513340287e+01 -4.914264590584883052e+01
1.762234475027959775e+02 -2.015141864046342945e+01 -6.116455838347114593e+01
1.228600405901315469e+02 3.352987904916882655e+01 4.768667365202792041e+01
1.503207746470524739e+02 -6.066062205364389825e+01 -3.663600605580962899e+00
9.060069240665355039e+01 1.109197199842203574e+01 4.925150149526540133e+01
1.197969526540566676e+02 8.598423012879628402e+01 2.746319367978082937e+01
1.982472779390241726e+02 -1.938272260353470600e+01 1.039746573878633384e+01
1.502846276779417281e+02 -5.823643766128606813e+01 -2.010545088456093588e+00
1.781563919613854239e+02 -2.102982564252376463e+01 -5.915604294415884112e+01
1.091043079189766445e+02 4.811762032691347457e+01 8.170469707770674717e+00
1.781898351562052767e+02 -2.331375038381815923e+00 2.771058871465081452e+00
1.349227898008259388e+02 -6.948450845265183773e+01 -7.787687362788918044e+00
1.331067170426583175e+02 1.148500268809784686e+01 5.287466041451463639e+01
1.875424255429027767e+02 -4.490972426859791256e+00 -3.066053080843651557e+01
8.166737875685366532e+01 1.178008801140888018e+01 5.959180824391511067e+01
1.518624280178781021e+02 5.611264165558896622e+01 -4.695009862177762727e+00
1.162804817313559482e+02 7.186637212539270081e+01 2.774433269147890257e+01
1.583349244957204860e+02 5.740896729612261851e+01 5.834137183409751515e+01
1.592319681686554986e+02 -3.651653368465636618e+01 6.682869359082573624e+00
1.352417373966819980e+02 5.731823022411587942e+01 2.071462518365072825e+01
1.314606615365673292e+02 1.007475107960891023e+02 -1.582172132244822116e+00
1.291202333966001561e+02 9.903784196668969741e+01 -1.462544832957886598e+01
1.289624835344238249e+02 1.000223351168306181e+02 -1.293346873661801055e+01
1.781049479494847674e+02 -8.016759261724651253e+00 -2.296076006678774561e+01
1.287073036985397891e+02 9.926248366502765919e+01 -1.197436056023190076e+01
1.562879145574734991e+02 -1.086256191205564381e+00 1.332376503236468945e+00
1.027341086962869099e+02 1.671485230711354930e+01 4.741739015017935799e+01
9.305114050129799352e+01 1.138624617452303944e+01 4.787780168857054974e+01
1.272315310276223670e+02 9.747409804508886566e+01 -9.692383049160678610e+00
8.752666418562307626e+01 2.413125659112757759e+01 5.448303052803650104e+01
8.077961908178511408e+01 2.888040949244847511e+01 6.426056189262787655e+01
1.262374232118643107e+02 1.019980994679105066e+02 -8.706652824893795994e+00
1.268937703449969234e+02 1.014309708331395683e+02 -2.881591710534106454e+00
1.248222923075490769e+02 1.033028418984319217e+02 -1.963686441036166519e-01
1.589456747923928788e+02 -3.827581764290074062e+01 9.027897959076323531e+00
1.565610283363836572e+02 -4.210918746734461138e+01 1.318653210073101789e+01
1.738639184731603393e+02 -1.474991284384266699e+01 -4.079295032872675364e+01
1.667396303507068467e+02 2.637731260400569155e+01 8.718180496802183654e-01
1.552063354442550462e+02 -3.987122814065637755e+01 1.361778803778199531e+01
1.577568240234336088e+02 -3.706491737366401651e+01 9.800626885843756853e+00
1.595079466394142287e+02 -5.978898688483081258e+00 4.448034968901350084e+00
1.440635616406516419e+02 8.978204514135401837e+01 -1.602970651930690593e+01
1.787913153748616537e+02 -5.052234647871255646e+00 4.377140961760765059e+00
1.130440264491017359e+02 6.101626732894846583e+01 3.018173131138104992e+01
1.773418078864688141e+02 -1.853522434462778090e+00 -2.385852838099781792e+01
1.306010748169434237e+02 9.397233059217424511e+01 -1.820440368489327199e+01
1.149039593107605555e+02 4.320644359735457130e+01 3.502755437725127052e+01
1.777006997102626826e+02 -1.426901858590607031e+00 -2.139068258982608484e+01
1.259731574518101809e+02 1.013250596459989907e+02 -4.986209291352937001e+00
1.719423566110855859e+02 -1.291756004486119203e+01 -4.235772336590106590e+01
1.406905084646400041e+02 -6.727423247373410220e+01 -6.217961655199066406e+00
1.779304254945721482e+02 7.760602199997364004e-01 -1.925702560191730939e+01
1.789922612087109997e+02 2.727234074819797627e+00 -2.126914732774989147e+01
1.740512610141436198e+02 2.751531612673470129e-01 1.444891760013453919e+01
1.303618410984105367e+02 9.131700114344923236e+01 -1.828909288585570181e+01
1.810645216607246653e+02 -1.735045043353843042e+01 -6.273450009999746158e+01
1.421526532972150108e+02 7.460752323831330557e+01 -7.638348169155530165e+00
8.344008168587475893e+01 1.164339302831999490e+01 5.754508774759757728e+01
1.786264762387644680e+02 3.629810418841463360e+01 2.859081178333205742e+01
1.041327647932609466e+02 1.134153288385867242e+01 4.543228229271421981e+01
1.999942022743050529e+02 -1.654098693867491576e+01 1.121411236184529514e+01
1.241392997193792951e+02 5.700737612576219249e+01 1.582856782330613399e+01
1.678344127035849453e+02 5.432256616780527736e+01 1.955735687210955120e+01
1.115795848501011278e+02 4.779169024441360136e+01 1.090202758276468487e+01
1.119868608266241097e+02 5.943355120306272710e+01 3.512757553983348657e+01
1.131939993157645290e+02 5.207791067670901697e+01 9.906859199515576364e+00
1.339003837284828364e+02 9.204502705236281201e+01 -7.445573708486468156e+00
1.406090428189319539e+02 1.001141443890519156e+02 1.991297111784238405e+00
8.953172894603341092e+01 1.617737051595897668e+01 5.007752646046778722e+01
1.792017796594300876e+02 4.058505171343619367e+01 3.269768510578413157e+01
1.754254812349423673e+02 2.859247282328490769e+01 4.181847481114206744e+01
1.525569500366398756e+02 -6.548543590732865027e+01 -2.093648349144149989e+00
1.800759198237552994e+02 -5.747446290292232085e+00 3.352682430114651169e+00
1.392447379460741388e+02 6.232162892175625757e+01 1.601965124394584450e+01
1.267287134319147412e+02 6.320354192277302730e+01 4.514612840790938009e+01
1.628455253422617943e+02 6.627097427184634171e+01 3.237154644256727920e+01
1.609246205001846022e+02 -1.795250311976529289e+01 2.659565784227347507e+01
1.319263832801914305e+02 9.122915911732590644e+01 -1.583988309443303777e+01
1.493241603073819590e+02 -6.478200254575294537e+01 -1.745329405369042064e+01
1.166434162737798204e+02 4.305878445039685687e+01 1.207231742546965592e+01
1.652778862367721899e+02 2.437215549814798621e+01 5.379557340698721646e+01
1.382931655848952346e+02 -3.062322200883351542e+01 1.497092051429542892e+01
1.285619587044632794e+02 9.409336661904620769e+01 -9.918183638915076372e+00
1.805748779742756938e+02 -1.257834507659115353e+01 8.655539006354679543e+00
1.287550364274154617e+02 9.846911799017595968e+01 -6.374950028133271829e+00
1.297546206378706302e+02 1.007763194228838870e+02 -7.869846910271650842e+00
1.276074735588454843e+02 1.000294918267478295e+02 -5.233820785498341621e+00
1.292412922547346454e+02 1.021608397496909930e+02 -5.879493662491138473e+00
1.052513112800442912e+02 6.384508906189267918e+01 4.316758380159806308e+01
9.443647332239476100e+01 1.318221028376388837e+01 4.642199612949427490e+01
8.932703514440811432e+01 2.461603286981200611e+01 5.446149599335623037e+01
1.593864709409788816e+02 3.506938430484070324e+01 5.060304081847057489e+00
1.149040313242180389e+02 4.513413835638563398e+01 1.080324003717394987e+01
1.143716731605896655e+02 6.322626988351137811e+01 4.226217712824973916e+01
1.288580673150155746e+02 1.033708549288371188e+02 -4.275155336345333623e+00
1.071712657889768820e+02 6.678537699928687843e+00 5.193966669360188604e+01
1.552189755999200997e+02 6.999651904400666069e+01 5.533609870902347794e+00
1.940599389994912087e+02 -3.329382765303238045e+01 -4.076418581168549338e+01
1.594131896614991035e+02 4.152118959531568976e+01 6.088883338268717083e+00
1.081941005436484318e+02 6.081246584591028892e+01 5.282959112505892563e+01
1.401891797182747723e+02 1.233004495973938575e+01 4.236269246909950681e+01
1.393533657219224438e+02 1.348391643595247480e+01 4.192639655405626797e+01
1.049401486658312592e+02 5.796738726094518768e+01 5.233448998309289379e+01
1.062727982029732914e+02 6.067195814540315268e+01 4.058296273514802266e+01
1.758220747685775507e+02 4.547310686448498274e+01 2.004314567603651298e+01
1.405758778204690032e+02 1.579511577484442064e+01 4.294609437973187482e+01
1.752182372938477499e+02 -3.306874312072771716e+01 -5.038760559194739130e+01
1.491609663971003101e+02 -4.666970527593467466e+01 1.208820289774377343e+01
1.292546939981396861e+02 1.006528747849589536e+02 4.182092754730692974e-01
1.306402093236759470e+02 1.028152695012718709e+02 1.173712542615795940e+00
1.650408158360438904e+02 6.144425397418425661e+01 2.506940296476952668e+01
1.358675564354616654e+02 9.882197573283838210e+01 -1.454193209703134926e+01
1.099303746391055085e+02 5.884158794314493690e+01 1.740480142576907951e+01
1.396488876810039699e+02 -8.835124958285685892e+00 1.169605561586166331e+01
1.434738761657359021e+02 5.349143030240153962e+01 8.766681826978388159e+00
1.126142260348440800e+02 6.070755620967856458e+01 1.760775733093982964e+01
1.339617712236711782e+02 1.017193328839939994e+02 -1.360873755716512612e+01
1.208228906990402152e+02 6.879477046082359948e+01 2.705390669591214703e+01
1.128919685950749425e+02 4.848052285854868160e+01 9.604624706812113999e+00
1.844848861558120063e+02 -1.231437792240528317e+01 1.295044977460807978e+01
1.028524865462777313e+02 1.519700863013805403e+01 4.519654011417505757e+01
1.529098055308883488e+02 -5.350968284026854604e+01 7.000415315277010109e+00
1.434615956469581022e+02 -1.125913209335872622e+01 5.342080159899415648e+00
1.301729403933152582e+02 9.803084508994402313e+01 -2.368777984693958949e+00
1.357931585863791213e+02 6.103723955220284836e+01 1.691112252736802191e+01
1.885386726987869679e+02 -3.128047332742489317e+01 -4.772500753807783269e+01
1.795709466879507659e+02 -5.875353738575660678e+00 -2.348959615297626158e+01
1.170782222958545020e+02 4.226533196333129894e+01 3.626829688104433558e+01
1.152703684634771548e+02 4.332175009906050178e+01 1.088744916431528509e+01
1.163146401340217722e+02 5.348805651055482002e+01 1.190938236378837090e+01
1.588107419203238635e+02 -4.255789880131785452e+01 1.428283665190347484e+01
1.092700169446474945e+02 4.491467987254375061e+01 2.494784673406763176e+01
1.910138733196388330e+02 -3.025060259011894459e+01 -4.827019148534822790e+01
1.187386912412547275e+02 8.174022153795849022e+01 3.175077613417242617e+01
1.091576689446432766e+02 4.626964554104714722e+01 2.434510683346142201e+01
1.115828535653819813e+02 5.839459942009815308e+01 2.096993067433200864e+01
1.696397569594080323e+02 -5.715973017681269397e+01 -1.658471699578377212e+01
1.762784935508774140e+02 1.169149853248874660e+00 -4.051697693504851117e+01
1.421649608879340860e+02 -5.058084560821583153e+01 4.981351923180920238e+00
1.375789221731010912e+02 5.210570278194833094e+01 1.378817231132176957e+01
1.146566937706351865e+02 6.239886934064587365e+01 1.934042738241241111e+01
1.504979479444292281e+02 6.086527251299114738e+01 5.732757244989822709e+01
1.123512453114878298e+02 6.131594555504126731e+01 2.036297275617242519e+01
9.001739827691822882e+01 2.626196781651325551e+01 6.052791484776653874e+01
1.294893010530166180e+02 9.558589171023442077e+01 -6.365871162346254941e+00
1.911273838408678785e+02 -3.191808559214924301e+01 -4.665126235844171276e+01
1.350368761167225671e+02 2.063049161104362028e+01 1.290448786449509200e+01
1.419892524370650051e+02 9.807007485211771325e+01 -5.717147558494721782e-01
8.994323774961026174e+01 1.655223145160755394e+01 6.426300570898585818e+01
1.565328535065953588e+02 5.988654843625707258e+01 -7.187070780594142505e+00
1.192040283868027615e+02 7.355242564158182006e+00 5.446179498251055406e+01
1.959634435538093271e+02 -1.475604466453128261e+01 9.033896177669824112e+00
1.147264001172646601e+02 5.834197187259967166e+01 1.693707940636904752e+01
1.445641429290723750e+02 -7.488926847174485601e+01 -2.740647439106154160e+00
1.839364148836124571e+02 -1.472428223219049848e+01 1.090464411701472258e+01
1.315543281020723327e+02 9.468501454374306547e+01 -4.898400082014484624e+00
1.021842950302406763e+02 6.352776836117837433e+01 5.117992566701207124e+01
1.595837628709939793e+02 -2.469210846431010964e+01 1.758471034560973223e+01
9.738763299527707318e+01 1.902834979269720250e+01 4.885177789041821939e+01
1.810850711108745372e+02 -1.980882113269299083e+01 -6.403255989941315818e+01
1.511645701663940144e+02 1.241346415431257100e+01 3.552453533890121662e+01
1.786975240491073293e+02 -2.360460985394728795e+01 -5.963299019649137733e+01
1.445341143333159835e+02 -7.541977025845230287e+01 -4.530740703133732339e+00
1.480722148299851426e+02 -7.086992502333743005e+01 -7.829134510138306524e+00
9.692134137388615045e+01 1.263372634068063505e+01 4.634245743248450111e+01
1.150571521916787390e+02 4.077614312699387966e+01 1.463814017524416400e+01
1.470088087048905550e+02 -6.922819396529177993e+01 -8.706821887759716105e+00
1.224930442883416930e+02 5.700727194552528942e+01 1.492713789991276130e+01
1.038078784381142725e+02 6.298770597924327319e+01 4.465512886914628154e+01
9.487538053705125662e+01 2.807154311250036116e+01 5.302203998233282078e+01
1.815463899692292387e+02 -9.703988464372757861e+00 1.183692630718223882e+01
1.804112647163150314e+02 -1.673356753821461496e+01 -6.080665163358865755e+01
1.056541192971496343e+02 6.218170253262969993e+01 4.155776262203466587e+01
1.404856549688364282e+02 -6.622576569338380637e+01 -1.100584797660031633e+01
1.526670046670541012e+02 -5.924481732488854391e+01 -4.536220589693362726e-01
1.552303382709317532e+02 8.287890122956406813e+00 -2.302711099297338393e+01
9.481989216061427328e+01 2.855244406487404873e+01 5.365257223344135440e+01
1.593768599032439681e+02 -5.002517289986401750e+01 7.824022744436348376e+00
1.566981748577697999e+02 -9.977552491353048225e+00 4.470276193284508537e+00
1.585497169072759220e+02 -1.404981223423248160e+01 2.742736723560041412e+01
9.716265850052012354e+01 2.165043874679768265e+01 5.025598209517895043e+01
1.116900893472501508e+02 4.519883991704308812e+01 2.405705178957967050e+01
1.113795303183903656e+02 4.383944767076242499e+01 2.653814542090970718e+01
1.099119296178035228e+02 4.613818528879306058e+01 2.879640918666757443e+01
1.420871444739237859e+02 2.293132089849979494e+01 5.407582457480751259e+01
1.438786436112308422e+02 5.347433985441620408e+00 5.553236139663368931e-01
1.481762004673707906e+02 4.617877517995670900e+01 4.031454227840438165e+00
1.759067161585982149e+02 4.841017917949103833e+01 2.230186377587676105e+01
9.275970695702889657e+01 2.617344453106744240e+01 6.167365373542402551e+01
1.433358292450363081e+02 9.483862558619613026e+01 -1.511003452265119762e+01
1.116539821629434925e+02 5.917335948736432272e+01 3.207006919588109639e+01
1.082687458307271555e+02 5.981513122166937535e+01 3.995018304479287252e+01
1.151016402501922613e+02 7.542843910358597270e+01 2.722461167282479266e+01
1.062243414471108451e+02 5.835365329680281121e+01 5.106048390775463020e+01
1.318113640599805478e+02 9.979372036958864101e+01 2.612816216885427423e+00
1.194708190629683742e+02 8.704995357146309232e+01 2.768750119075776084e+01
1.135131560776944468e+02 5.472141922395856284e+01 4.515372475081668568e+01
1.076114378923159620e+02 5.923145609441508697e+01 4.535984978828616931e+01
1.339249940128858327e+02 1.028785173429474327e+02 1.899540135123882090e+00
1.174643931664223686e+02 8.396024089448498273e+01 2.776500790615381220e+01
1.031876972753359212e+02 6.101835780688487887e+01 5.152326597764754723e+01
1.124525179255489888e+02 4.306129008269657987e+01 2.443422066952102512e+01
1.485008206446295560e+02 4.334817565754369895e+01 3.086623465808141731e+00
1.855263403353427520e+02 -2.658903295827806090e+01 -5.416859561863195438e+01
1.879420703943343938e+02 -2.662581876203546472e+01 -5.571733854390129892e+01
1.388904402105613087e+02 8.545617878791115629e+01 -1.633715620367021160e+01
1.164517758794469700e+02 7.785472723696031494e+01 2.944514017260779326e+01
1.169035442899429142e+02 8.192130657038011066e+01 2.715519640535645607e+01
1.575971504199151525e+02 -6.997513117780397351e+01 -8.509694184891388957e+00
1.248681900584763440e+02 7.819212974294255503e+01 2.873705553993223916e+01
1.157726482752131858e+02 6.430925985358516073e+01 2.600191437483857015e+01
1.172760595443593701e+02 7.079331835035142717e+01 2.497705979339166049e+01
1.869800050006013521e+02 -2.334243547166206767e+01 -5.783025271661458078e+01
1.493345378212181913e+02 1.246632255375338616e+01 4.249205542611221631e+01
9.059608075770216828e+01 1.251654115938284839e+01 6.333089402319237138e+01
1.818332759138465917e+02 -3.197844996295068398e+01 -4.795889736815563964e+01
1.482138977578923686e+02 2.023290342101186567e+01 1.073153832018169940e+00
1.347508183735336615e+02 5.536033373519044432e+01 2.089290776982453579e+01
9.146357561666877700e+01 9.129105310160682052e+00 6.057345869518455572e+01
1.351131708481141800e+02 -2.980647807655863701e+01 9.057207227686784989e+00
1.354126968602093939e+02 4.808743221760416731e+01 1.340957507889690348e+01
1.785135243643933620e+02 4.694359061118273502e+01 3.112974632407756559e+01
1.096943558862256793e+02 5.808490018508921082e+01 3.881793068817599845e+01
1.099781563545507765e+02 6.129277960456226282e+01 3.932892560600900822e+01
1.760478295862104687e+02 2.426263356139758542e+01 2.300360088159827043e+01
9.831228456097724688e+01 1.103259324350150017e+01 4.618253146971996159e+01
1.380882627413411399e+02 8.149594006645149591e+01 -1.618926348162023032e+01
1.446100086716066926e+02 7.852443032993102179e+01 3.073951258868403258e+00
1.752082441759677351e+02 2.748225155199462932e+01 2.254050101264809314e+01
1.228532012478295457e+02 6.913771259084444409e+01 2.330231394616854956e+01
1.789535625833926531e+02 5.266391834004942929e+00 -2.473250898384474183e+01
1.820477615930318223e+02 -1.752674560018743932e+01 -5.500349878112537994e+01
1.732955104024425168e+02 -1.561067009871931255e+01 -3.973719489905965219e+01
1.577078135864480828e+02 2.025431840289527230e+01 5.296755285084096698e+01
1.097654547633442519e+02 4.890081272464164641e+01 3.265823455255559082e+01
1.108500730134583137e+02 6.088278339444695320e+01 3.265106855261766583e+01
1.111212039819093462e+02 5.710628561397449943e+01 3.921426488311023917e+01
1.487417047263314487e+02 6.049227747348157891e+01 3.329991925054637036e+00
1.050864645126936097e+02 5.896502800090772212e+01 4.892757442805795165e+01
1.203376192077204649e+02 8.901246288532728101e+01 2.692867854762600643e+01
1.726375934817823463e+02 -2.155672887551401118e+01 -3.374144035589190338e+01
1.015459466264293837e+02 1.214963073586490339e+01 4.501742886069235539e+01
1.056476769306936063e+02 9.037665938460861526e+00 6.223224172464309589e+01
1.210477839176279673e+02 5.252915972020446844e+01 1.472986469360103712e+01
1.380194817037933888e+02 7.867021837927789818e+01 -1.375484751374836989e+01
1.529281388767561793e+02 3.218247766890880257e+01 3.156114953195316986e+00
1.378696851936399526e+02 8.109461348419065985e+01 -1.155627221408563443e+01
1.141234057725579447e+02 1.067366149939850573e+01 4.944427264564397007e+01
9.875895311623716566e+01 2.415162549374960577e+01 5.221277485185039779e+01
1.123443686827061470e+02 4.369558395494669156e+01 3.206107954204404109e+01
1.004141258083685670e+02 2.500670459681045799e+01 5.194815386875842478e+01
9.993447771066836083e+01 2.778374713434948973e+01 5.332152830892640338e+01
1.607842030710893653e+02 3.396859234496691471e+01 6.002491415700660582e+01
1.511973078377290847e+02 8.657414284146835826e+01 7.046336798776700050e-01
1.416344025976081866e+02 9.554410946797878523e+01 -1.395275714605350537e+01
9.813099928081336998e+01 2.821831989424576292e+01 5.774445851905908000e+01
1.182763900962595187e+02 6.681670978412365969e+01 2.520527058309972546e+01
1.694786641208085314e+02 4.095777746939678821e+01 5.498255460296507380e+01
1.120195837155547451e+02 5.933854051010021635e+01 3.706756276897508684e+01
1.260118561271382589e+02 6.942762999006687608e+01 2.480781866140479508e+01
1.366805982285858363e+02 -3.204269208994612228e+01 1.629986445886889257e+01
1.179762406072276804e+02 7.062300854015356322e+01 2.952519791912043701e+01
1.362395580736249769e+02 1.003274628131671449e+02 -8.540497235404769238e-01
1.080290292881189345e+02 6.191820737695315557e+01 4.351695809972638784e+01
1.358412719795240662e+02 1.008974083440047878e+02 7.645156735546319027e-01
1.669268870107646592e+02 -2.580842714370110258e+01 -5.646451548677830345e+01
1.071373573179537573e+02 6.000345826425578366e+01 4.847390827624204945e+01
1.074792288302114684e+02 6.075285715208297432e+01 4.658086706917487163e+01
1.178141067890782523e+02 7.742481627920894027e+01 3.152153689261430003e+01
1.203785228055318726e+02 8.322095835285635701e+01 2.811166274662027575e+01
1.045233880062849181e+02 5.940101346593825582e+01 5.607725000933552195e+01
1.094013912965401403e+02 6.555073261360057302e+01 4.687669720047704658e+01
1.086263534257690253e+02 6.587010267544401643e+01 4.865038162279547862e+01
1.078023854248246067e+02 6.482632877946119265e+01 5.205352132157042888e+01
1.082556222728626523e+02 6.519269766534672783e+01 5.196602612924991860e+01
1.054109563451891063e+02 6.306478330773794028e+01 5.433115760248146131e+01
1.926344534427706208e+02 -3.270353039301247833e+01 -4.510021223936694668e+01
1.927377007165314353e+02 -3.107620524313168175e+01 -4.367245573393437041e+01
1.424562866238404126e+02 -1.350275150394817381e+01 2.575663614414289526e+01
1.124997029414439282e+02 5.997660404015920932e+01 5.008119100088553921e+01
1.185158432215614113e+02 7.545286940440050216e+01 3.186852709718580456e+01
1.392122818693431441e+02 7.366290200102197616e+01 -1.429209030602481789e+01
1.786892787515560030e+02 4.241961247972294125e+00 -2.822333239277709538e+01
1.639872372047279043e+02 2.554583227563506043e+01 -3.519191763139843498e+00
1.613482366993190169e+02 -1.251670988242081073e+01 6.199962792909937015e+00
1.626215948676723713e+02 5.646075288429652517e+01 5.567709335982018359e+01
1.214308094170513357e+02 8.134923347705976937e+01 2.812879543287579054e+01
1.754469511814303075e+02 2.597356287664519314e+01 2.910669509444078074e+01
1.933474551900224583e+02 -2.898205717379217106e+01 -3.682643161121789177e+01
1.778800482534848868e+02 2.874785115705327243e+01 2.630147224286277918e+01
1.053564177263118466e+02 8.436564894260531133e+00 4.819026977844090709e+01
1.077694025943245606e+02 5.650756644877628787e+01 4.940440662263501537e+01
1.389776929331274289e+02 6.872063021974305741e+01 3.385068089321113405e+01
1.416432081028893890e+02 6.897878762399675168e+01 -5.631346705375061212e+00
1.243410048432517954e+02 6.018312029547033148e+01 4.360698133076407856e+01
1.655256170886323730e+02 -5.530620045168951293e+01 -9.581913542431120590e+00
1.437661920729655378e+02 9.232504615391914626e+01 -1.750501230544644216e+01
1.613331126903834161e+02 6.592137205591522786e+01 1.394253781988248164e+01
1.711129181157122900e+02 4.897842397907098189e+00 2.383350066513369470e+01
1.047131233652051208e+02 1.574816324847844129e+01 4.471219348167676344e+01
1.205139845651965800e+02 4.101888037038094836e+01 1.949558698939118884e+01
1.397947912229669498e+02 7.342067737261331217e+01 -1.417116298174333622e+01
1.559766217332747260e+02 1.203424505377620157e+01 3.968840370787894756e+01
1.389096717521027813e+02 -9.045201388169880730e+00 2.071193232023695074e+01
1.413174754100140831e+02 7.215091914820303032e+01 -1.437922975520363877e+01
1.039572504472562002e+02 1.453888505871317527e+01 4.751217131398956184e+01
1.200769908718240941e+02 4.114131260102929133e+01 2.147951344934442375e+01
1.031130049808541571e+02 2.275869530523207374e+01 5.040348951678172540e+01
1.387269008526901644e+02 6.942528256458641067e+01 3.412600196203189284e+01
1.349672759515500218e+02 1.995501599536005699e+01 7.713984618223225453e+00
1.415553439144651122e+02 -6.925561445419069173e+01 -1.202006329214030167e+01
1.041680539850752183e+02 2.645249433774234404e+01 5.081679692795216852e+01
1.438984577368319151e+02 9.258153138037471308e+01 -1.443216949875891686e+01
1.028000755431591529e+02 2.785679671453393169e+01 5.461147247920869319e+01
9.626202489691988262e+01 2.326988021031819898e+01 6.518266812215627226e+01
1.235098933943949078e+02 6.554112913792071993e+01 2.271983917857108537e+01
1.135205372104077384e+02 5.303319509781311325e+01 4.018598949782863627e+01
1.243052230338014965e+02 6.865212932287330716e+01 2.497197451124433698e+01
1.195250114580718872e+02 6.669609687530706310e+01 3.068516674282594892e+01
1.153215328342364501e+02 6.189910832898456761e+01 3.648072510381801692e+01
1.210904114485573615e+02 7.283930193899482219e+01 2.838467080945078536e+01
1.396764100025087885e+02 9.965373312690867635e+01 -1.690300333677980049e+00
1.146252796556175610e+02 6.232503939688278649e+01 3.985391417050014695e+01
1.376950612619216088e+02 6.795864409972971032e+01 4.156295197703484945e+01
1.367370168649913467e+02 9.764207181879811515e+01 2.524781741610033770e+00
1.091883567757928120e+02 5.627792361797423837e+01 4.937647029495487061e+01
1.098032975262007938e+02 5.501474050081742462e+01 4.790791607916978734e+01
1.109473392212535288e+02 5.704789336173998748e+01 4.840369085388539361e+01
1.374140541950645513e+02 9.972764066749228107e+01 1.787356157398601653e+00
1.088436121550484188e+02 5.863233012448539938e+01 5.140694272795239783e+01
1.237821440152853256e+02 8.086056365928149603e+01 2.764204647039743890e+01
1.244791177322859426e+02 8.234658408678758690e+01 2.658357027980184739e+01
1.237598427142647353e+02 8.467380659798776321e+01 2.803248023574300873e+01
1.090165120774449008e+02 6.404265889995465955e+01 5.155409472772075219e+01
1.231350471043998454e+02 8.735797846910909925e+01 3.099777645707872509e+01
1.221756575054643434e+02 8.474378332365581912e+01 3.094114157750971117e+01
1.060042073012840120e+02 1.726880274641972690e+01 4.440523127325936059e+01
1.389455694100950609e+02 8.618823342998206272e+01 -3.291556507193967640e+00
1.126980230905772231e+02 5.482952136001819810e+01 4.237820436125539203e+01
1.417568305148957961e+02 6.810782568328399122e+01 2.830355722918391592e+01
1.115328450833481213e+02 5.411169668452083670e+01 4.518188551903344319e+01
1.282967975013528985e+02 6.172502934167485478e+01 1.945818591741758041e+01
1.192043689214025903e+02 3.590164429163784376e+01 3.979457809865426299e+01
1.584900571015515425e+02 7.400871529283563177e+01 -1.050816214689209005e+01
1.210253324252569769e+02 6.725319433160012750e+01 3.122588882512334152e+01
1.237345558134366854e+02 7.422267849674129536e+01 2.657612877826340991e+01
1.636613127873130793e+02 -5.503125247975553691e+01 -9.028340790250270587e+00
1.620501554717144188e+02 2.087508030111673563e+01 5.289137415907080708e+01
1.253852591151250522e+02 8.028881372772876546e+01 2.580587724407113370e+01
1.298200703574931936e+02 3.212294566345011049e+01 1.704176009468814357e+01
1.505438107822728284e+02 3.430642748102260953e+01 2.905094462078363193e+00
1.427047066062754084e+02 9.754619006112189084e+01 -5.016640199130729449e+00
1.338431780998932368e+02 4.084859389019870690e+01 7.293073706949240176e+00
1.790611693606333574e+02 -1.017724205999500242e+01 -2.296772306718144563e+01
1.252987515308732327e+02 7.590817147890297178e+01 2.542578281539798013e+01
1.226952110261418767e+02 3.992717383400827202e+01 2.949373411003942635e+01
1.415645044305790918e+02 -6.978755747357197947e+00 2.153031770354819940e+01
1.129470170333888319e+02 6.295899238214754234e+01 4.896744501589949294e+01
1.445827698670669861e+02 1.854925911999959709e+01 2.968574959440469563e+00
1.433299611165149656e+02 7.270993988511764883e+01 -9.157240488755435948e+00
1.420668141855164777e+02 7.716914564788417863e+01 -1.018729017625110345e+01
1.182803396708964101e+02 1.541332024918490262e+01 4.110700686330621778e+01
1.424668414105231875e+02 7.749855760725482412e+01 -5.713760477424536965e+00
1.501402738013524356e+02 -5.114710050168184807e+01 8.216019605582058460e+00
1.399283978306652330e+02 8.504492259346379512e+01 -1.607643976607675995e+00
1.372304891382932226e+02 -6.748364299253043441e+01 -1.355321287940995134e+01
1.262308441746542798e+02 6.754701350690928052e+01 2.517629811933905160e+01
1.414595138178550826e+02 9.187552561453996702e+01 -1.516141167093483233e-01
1.263341808760783778e+02 7.347438477295389703e+01 2.465914037543820569e+01
1.264348203539688313e+02 7.564043080556869825e+01 2.579361682342844375e+01
1.752414631591904026e+02 3.930983886085430257e+00 6.944521243779140818e+00
1.237482934538684560e+02 7.646638542772099356e+01 3.297048055679738354e+01
1.729591050614534709e+02 2.315227711342366490e+01 5.188524001660590912e+00
1.751242833942584127e+02 6.069993656594217413e+00 8.028952292125921986e+00
1.859223698978167363e+02 -2.239975760272997718e+01 -5.825583033877137495e+01
1.770079262909000022e+02 -3.344030982950951625e+01 -4.983819613185603714e+01
1.417643735324566876e+02 7.699405184253252798e+01 -5.662311385695749877e+00
1.537508209986197016e+02 -7.160273285531803822e+01 -7.593797778230467088e+00
1.791980835196239354e+02 -3.167762204038433538e+01 -4.926763241848122021e+01
1.775466086335950990e+02 -3.256764997616517121e+01 -4.578687671586689589e+01
1.555691932118396892e+02 -7.024181096008115333e+01 -5.517054826556856639e+00
1.852078051647727932e+02 -2.046109706515454008e+01 -5.851891828162559506e+01
1.845429181874717415e+02 -1.854831484488129689e+01 -5.614531687697607509e+01
1.501701719027268496e+02 -7.124380348260422124e+01 -1.566555827619817265e+00
1.250614567742628793e+02 7.785840238768000177e+01 3.145244980739627394e+01
1.424985846583683156e+02 6.693879834122236616e+01 -1.550481933924418598e+01
1.093706180351962018e+02 2.246179124255629134e+01 4.768390810583679951e+01
1.402723730223128769e+02 8.354041179872855594e+01 1.738406828830392215e-01
1.798517173717735318e+02 -2.007898761982033875e+01 -4.844890043730103457e+01
1.780008634202836788e+02 -1.941551598662450218e+01 -4.806384454799291461e+01
1.418935345008210049e+02 8.705422907575807301e+01 1.642785638707889850e+00
1.137644637152009182e+02 8.403832184876941724e+00 5.229588914059971216e+01
1.550567026196169138e+02 -1.912405896660142446e+01 2.967943934019327656e+01
1.514898374501237868e+02 -5.138846331954261615e+01 5.204463532720065011e+00
1.509351255894134738e+02 -4.790399197729210812e+01 8.545670680714083645e+00
1.593378147226378303e+02 2.291148589957751014e+01 -1.923116670013468976e+01
1.363639317926898116e+02 -2.990181560193667565e+01 7.698558507816581908e+00
1.563141004572855195e+02 -2.289364863822781615e+01 4.818492180280260939e+00
1.098826484336846931e+02 7.805300807397522078e+00 5.490982400743036607e+01
1.474960447110419182e+02 6.482917788291987904e+01 -8.695641035505930816e+00
1.579916226799558387e+02 -1.434806648068961721e+01 4.242151677548537947e+00
1.474074750081169896e+02 -3.088815125695411368e+01 2.142386652560296412e+01
1.602653749128849370e+02 5.850549367401065837e+01 -5.412362846462260180e+00
1.412662464137671066e+02 -7.222392600939549823e+01 -2.508702332944971580e+00
1.671556405659742950e+02 -4.999249949465707221e-01 -8.247444553923592991e+00
1.587026669774588470e+02 -1.054875909970989944e+01 4.579185320094740774e+00
1.566412481464769542e+02 6.895600558918212641e+01 3.888588399224517644e+01
1.337476148422880442e+02 -3.496667621954991034e+01 9.539864884676426016e+00
1.437267709247499567e+02 6.659358747298524861e+01 -6.175513177238946660e+00
1.501145210490029740e+02 9.276242687638590212e+01 -1.133511200295434485e+01
1.433008747693144755e+02 6.685552805187498393e+01 -4.656297138519463807e+00
1.244707670425012225e+02 3.915906980812389548e+01 2.562167815306211338e+01
1.786468087512755289e+02 3.828883231319854730e+01 2.758654537537917406e+01
1.078516640165418323e+02 2.492009476259235967e+01 5.911600757284843866e+01
1.559802786877933443e+02 8.850248043280899424e+01 -1.156716589923649252e+01
1.732306715156365442e+02 2.338597886447491803e+01 -1.234410978109893975e+01
1.438959771637025540e+02 7.634836477590816628e+01 4.419805179657724459e+00
1.687803676743607468e+02 2.343712499015357764e+01 -4.852479876312360219e+00
1.648083811767291138e+02 2.706978673813979697e+01 -2.131408581703507110e+00
1.547315580874268051e+02 -2.471269661272654261e+01 6.188453219536551586e+00
1.320212994638573036e+02 -7.280408334594561381e+01 -9.184582814690719132e+00
1.565105914345992346e+02 5.531919007545035072e+00 -1.701866669041251257e+01
1.470397896836723532e+02 1.161108754007286237e+01 3.827106844820789178e+01
1.464961642626456637e+02 1.189458599901206526e+01 4.030443558626041778e+01
1.441751198185087333e+02 1.134130427632680060e+01 4.209022097349495084e+01
1.243847387575582673e+02 3.849812178312927102e+01 2.788623494141825176e+01
1.421375928016249475e+02 2.030780312659293330e+01 5.323227276796677643e+01
1.389872285617922216e+02 -3.114808674733933103e+01 1.944641660875923961e+01
1.956452204945659901e+02 -1.234705183477803025e+01 1.048460825202648294e+01
1.364933152265817000e+02 5.155974201677214808e+01 1.412070837308326077e+01
1.659526483615079258e+02 1.941718463286560725e+00 4.056302376193027470e+00
1.218472553866670154e+02 3.798938244492426008e+01 3.231221843891903234e+01
1.360579729517376109e+02 -7.404415386411874067e+01 -8.668761466086928991e+00
1.878908699564321978e+02 -1.078985559966579011e+01 -4.067236929405740398e+01
1.194560698732053368e+02 3.673307294934205913e+01 3.920215802171255604e+01
1.093763069012419180e+02 1.024019340838715131e+01 5.256577796547354353e+01
1.511774549248243318e+02 -5.316954869854042443e+01 6.428461200022271171e+00
1.654901440141457840e+02 -5.516496487260214110e+01 -7.123571526784558294e+00
1.471503861913511173e+02 6.575530545930355686e+01 -7.409222462086878735e+00
1.480541982360632858e+02 6.685236735296278709e+01 -5.318843344701188691e+00
1.311282747468746095e+02 5.705950506990575377e+01 2.153936338678192897e+01
1.237676841535022589e+02 3.763518967267815896e+01 2.757183158616854257e+01
1.865763503018773690e+02 -2.737187905257169707e+00 -3.144194426942395282e+01
1.453632756343277492e+02 6.749297567785959018e+01 -3.007258356356230067e+00
1.237836766913788296e+02 3.752973123435604919e+01 3.261895389648189791e+01
1.188890155699559870e+02 2.774452532313876318e+01 4.850239972016223788e+01
1.334394404653577340e+02 5.453763153426852028e+01 1.926392111748864977e+01
1.212241166864135948e+02 3.613999177336745561e+01 3.835630394038462754e+01
1.331822441089153131e+02 6.159113652694534835e+01 1.973283534192424682e+01
1.761374760827040120e+02 3.438109854657637499e+01 1.731994509162644746e+01
1.518114043179914177e+02 9.113321815631651646e+01 -8.130388275570034295e+00
1.658776585795361598e+02 5.975580484444049034e+01 1.820191062562587803e+01
1.304518354938380469e+02 6.707040199598138486e+01 3.024289451459596023e+01
1.302140354311628698e+02 6.659696160452766378e+01 3.158368216326767097e+01
1.238202118961057323e+02 6.332686889329744417e+01 4.343672676744493089e+01
1.719951059416763144e+02 -2.063184063645153898e+01 -5.745913319344433035e+01
1.401731103183968514e+02 -6.729561932581216865e+01 -1.234342878411441902e+01
1.777396218529898704e+02 3.013914394417501796e+01 2.711663571840745135e+01
1.334559611789710800e+02 1.659956722992705380e+01 2.034098173455474523e+01
1.336950326380856495e+02 4.702833707868254720e+01 1.157107453656069751e+01
1.328665125686856641e+02 1.579115087098655046e+01 2.075163077911963327e+01
1.576007446955397313e+02 4.637551729845541537e+00 -9.705481648654272320e+00
1.230833953444992943e+02 3.556267523723384016e+01 3.120483410871079144e+01
1.236152125814583087e+02 3.866015075161219272e+01 3.487610775865343271e+01
1.344377889651670444e+02 5.999749905208918932e+01 1.892814724003034499e+01
1.492224731781958837e+02 -6.995873529286022574e+01 -1.104555598682181383e+01
1.894640861953246258e+02 -2.962766174708315248e+01 -4.980040512982547085e+01
1.894861538063886712e+02 -2.789652591710882845e+01 -5.138486012799376823e+01
1.839065402887592313e+02 -3.186678212333068672e+01 -3.495281840923645689e+01
1.834167810321689558e+02 -2.832947215551099518e+01 -3.521221635072849665e+01
1.237599236748851297e+02 3.336604679733813583e+01 3.301870754889148429e+01
1.230589455607925942e+02 3.568727351733564745e+01 3.484964277892323992e+01
1.198276169492074814e+02 2.783275316447316783e+01 5.060833241032276675e+01
1.879915778565620030e+02 -1.308098061346390395e+01 -4.231919392303020544e+01
1.601753419458849237e+02 -5.120263734653273247e+01 5.882210693652680789e+00
1.316854053359001284e+02 3.586091969634880883e+01 1.762252760884909009e+01
1.610643749016216759e+02 2.036437142875664108e+01 -2.155315386149799650e+01
1.776121832447268787e+02 4.209675141550343369e+01 3.367909888491706738e+01
1.724329380771706042e+02 -1.838353528819201443e+01 -5.892196067500571388e+01
1.728792241576433071e+02 -2.256313398857665931e+01 -5.484912360907946294e+01
1.588948320836838661e+02 -4.183849110085120770e+01 1.142449109600519819e+01
1.850304795923964036e+02 -1.498031396269078552e+00 -3.005491778991891039e+01
1.843750257328761961e+02 -2.958272199011637404e+00 -2.772661141720343281e+01
1.758069887698981688e+02 5.226368750768957483e+01 2.411789290971383792e+01
1.400852657722446111e+02 5.368465591378058832e+01 1.246748501727611469e+01
1.593669401245215340e+02 2.035612354273896329e+01 -1.781656824563080477e+01
1.121244776681431290e+02 7.245614822460057169e+00 5.142587061700584883e+01
1.207711250957679709e+02 3.068790245648661141e+01 4.071667031343724119e+01
1.603427228377573783e+02 -3.570882791365860243e+01 7.771625061100753129e+00
1.686240337163153526e+02 -3.470605489569615898e+00 7.266675693711738049e+00
1.669806138424428070e+02 -2.625923133696159262e+00 1.062159319134137903e+01
1.392245148394262344e+02 5.463654593207096610e+01 1.406507949516344169e+01
1.506684828946497134e+02 6.263691001459824292e+01 -8.923909634370943422e+00
1.486886583998571041e+02 -6.537629715795020502e+00 4.918885473181335399e+00
1.197252347351528243e+02 2.705133998592568645e+01 4.847453943281509936e+01
1.075628376929051342e+02 1.261241386878485216e+01 6.477847736699524717e+01
1.575600124816567700e+02 1.184452824361569689e+01 3.836848694283625605e+01
1.467239074582830654e+02 7.425160149740619886e+01 2.467965111818864798e+00
1.463015641293616511e+02 7.540161399880334159e+01 3.691300466998028273e+00
1.538275578352956074e+02 9.072361057892833003e+01 -6.090289343041179748e+00
1.251409216317358783e+02 5.953182671364891831e+01 4.592651939668532179e+01
1.260933002448702354e+02 6.126435779695746220e+01 4.697027641704035972e+01
1.280422617987989611e+02 6.503808251619841485e+01 4.311082536264879650e+01
1.371287941492236371e+02 5.537119194412115775e+01 1.267406822615502016e+01
1.791459299558327132e+02 4.155856929814984824e+01 3.485750844262733494e+01
1.697903307729045821e+02 5.281568981281451158e+01 1.012555340022902151e+01
1.697132557433759530e+02 -5.948697214130378796e+01 -1.514997049942770602e+01
1.507765137266563329e+02 3.623669316115106653e+01 2.876449727481547924e+00
1.402591598273233160e+02 -7.405064498398137118e+01 -1.542080190459990341e+00
1.485226342335122922e+02 6.056527784423735028e+01 -3.136892603268308655e+00
1.564148102574499148e+02 8.880893629167256620e+01 -9.679045145482540136e+00
1.354255292426153403e+02 1.877961325253243885e+01 1.147671649113294023e+01
1.380104224978899481e+02 2.108324772457328322e+01 6.496570236848056901e+00
1.319858814302855023e+02 1.612805984188138808e+01 2.192268003675145138e+01
1.301624273092203055e+02 1.660919507458000766e+01 2.592210835590150708e+01
1.519022685888289743e+02 5.889231786829040516e+01 -7.086689777828605763e+00
1.752751787224640907e+02 2.616799855734447888e+01 3.071376558401340873e+01
1.205969077830241076e+02 1.045213409718780362e+01 4.552624398707274622e+01
1.531503384768729461e+02 5.890633865159734484e+01 -4.498703182221087005e+00
1.181383447541668374e+02 7.420520280660745982e+00 5.013071517151583123e+01
1.204403938729336829e+02 1.106841409778066598e+01 4.938383894200613611e+01
1.414173109018636580e+02 5.419351151788774956e+01 1.218399308872805875e+01
1.587585280973623583e+02 8.208193723457803515e+01 -1.246407514949793160e+01
1.225976263509155331e+02 2.991391141498646533e+01 4.716771507234643224e+01
1.500369840915273585e+02 7.123042330980858594e+01 2.725125245606490054e+00
1.508060198157440652e+02 7.360254022359434600e+01 1.629392074980583027e+00
1.503938718904718428e+02 7.423726932048668914e+01 2.579115294965548699e+00
1.507985423122908912e+02 7.771068376622895357e+01 2.474210181559548083e+00
1.572102656297627448e+02 8.873014665814865509e+01 -6.747595058606915330e+00
1.735367793955163336e+02 4.388011463038529314e+01 1.692785712086503835e+01
1.735956580073132898e+02 -2.672203496782994492e+01 -5.694271984358878314e+01
1.360233085496476235e+02 -6.696230432448983549e+01 -1.706653365806853628e+01
1.324937141452188030e+02 6.882135709914530253e+01 4.033600382535419726e+01
1.236296270522758647e+02 3.176393819617103276e+01 4.853815751567184122e+01
1.483498179353226192e+02 -7.166636414332731420e+01 -7.900952334825263712e+00
1.479413541395188645e+02 5.998600311969374133e+01 5.539204592631764790e+00
1.510991117865962394e+02 7.287688208547305635e+01 2.993382152927923201e+00
1.360621040077600696e+02 6.948113624479144335e+01 3.465998071365084598e+01
1.418143253169641582e+02 1.862147915894628980e+01 3.023125203203433031e+00
1.336628398295996476e+02 1.558951533907667297e+01 2.067961378777417281e+01
1.656156279699135609e+02 -5.764327878078506018e+01 -3.798663799339461189e+00
1.321425975869142917e+02 -7.400534724544883147e+01 -9.936328184999494439e+00
1.532623925268755158e+02 5.816616570822934307e+01 -6.715427033655121392e+00
1.329207448830044598e+02 -7.193618616183113090e+01 -9.984544687065929125e+00
1.431652573799443928e+02 1.933078376894480499e+01 2.415415510276361921e+00
1.739077383509051060e+02 2.195819613526751723e+01 3.009914375725128366e+01
1.519658981352335445e+02 -5.465085913604974621e+01 5.123381744226758627e+00
1.831246774473878816e+02 -1.515319819395415024e+01 9.894285995981238813e+00
1.504871875420085701e+02 4.717208208127896540e+01 5.137936935298036190e+00
1.782428986494456069e+02 3.452969466035585100e+01 2.538004712047992939e+01
1.380700349258591757e+02 -6.349582230344613976e+01 -1.405029085816222612e+01
1.438199614192708395e+02 1.663851382260016010e+01 1.010725295105741495e+00
1.453484928603092214e+02 2.029708455796503586e+01 1.734983285231798789e+00
1.425531568268660010e+02 -7.577204777015633397e+01 -2.330910275086371719e+00
1.339477567859121621e+02 1.417629060681912456e+01 2.701842143898854331e+01
1.364242146470172656e+02 6.726796663218109984e+01 4.372287596725868042e+01
1.323945407916098702e+02 1.517988481184402971e+01 2.696146536794746851e+01
1.321975534039274578e+02 1.508461712597609150e+01 2.905818564589156239e+01
1.539281422813690483e+02 5.547218491033275711e+01 -4.529733061697927887e+00
1.248776050854081774e+02 1.273357759327576311e+01 4.165967757199885568e+01
1.218776402121864493e+02 8.961523370668270871e+00 4.907560256587371583e+01
1.200302747956070419e+02 7.780223716503181564e+00 5.074330124703357114e+01
1.206834733895878600e+02 7.896157339876239689e+00 5.258701930454390805e+01
1.187700917804126419e+02 8.773159675442641969e+00 5.668243660105903814e+01
1.722066994138698135e+02 -2.462247943148970108e+01 -5.732610743165118095e+01
1.479501381617429843e+02 6.337194576314044525e+01 9.167294622278880922e+00
1.501079379098387676e+02 6.643328870396329933e+01 8.126091629179860831e+00
1.536330969608602857e+02 7.290452077977847978e+01 3.303793343367580349e+00
1.659008263530956810e+02 -5.939521533131351561e+01 -1.793550072180006083e+01
1.607999554879359039e+02 -2.547769823996884853e+01 1.996574190298413853e+01
1.315210356928859596e+02 6.417487031825696420e+01 4.894312492612827725e+01
1.968174337580511235e+02 -1.720685172784644124e+01 1.196252857225002764e+01
1.661857817620004596e+02 -5.901562348592158003e+01 -1.914119887969966882e+01
1.420507229699764480e+02 6.669084217840732265e+01 2.598152606954835875e+01
1.572198746820234021e+02 8.048881836059740635e+01 -1.245675553207443720e+00
1.495726152266905160e+02 4.761269207680419413e+01 4.400995985517134557e+00
1.364489460686988593e+02 -6.980237340171410665e+01 -1.057789213716755050e+01
1.858959381095015715e+02 -2.004682877922812168e+01 -5.512193056528686697e+01
1.325362894664071405e+02 -3.400284637709712143e+01 9.734053191608333933e+00
1.338484743497946852e+02 -2.993610432827916412e+01 1.092354179659891500e+01
1.440577208890112502e+02 6.718368101002452875e+01 2.482075664338557885e+01
1.520877234723529909e+02 4.481146584269234978e+01 4.406236047573139913e+00
1.668911196100325185e+02 -2.413463370894844573e+01 -5.590822460399999727e+01
1.570944663636108487e+02 3.979766553744680380e+01 4.742426426459648070e+00
1.348545102728011216e+02 -2.524416715103299325e+01 1.093788884805583095e+01
1.364685814837699809e+02 -1.936488673204488720e+01 9.800940434413721647e+00
1.888872208543399722e+02 -2.240717363156665698e+01 -5.152166006673051157e+01
1.377682069102874323e+02 -7.309051843507198498e+01 -9.821280388070123379e+00
1.714018272070917703e+02 -1.829240958412589535e+01 -6.438484356631221317e+01
1.685184178954663423e+02 -2.296620898982056502e+01 -5.962560233011615196e+01
1.703193333082421077e+02 -2.043708213584818623e+01 -6.219357949374312255e+01
1.337080709716966851e+02 -3.134086743548506249e+01 1.429105911868342460e+01
1.568512757020007768e+02 6.780136053353253978e+00 -2.781316991319772924e+01
1.362434296509920841e+02 -2.541693599321234487e+01 8.163848228658025619e+00
1.365495855143244341e+02 -2.379613691805065656e+01 8.456535079453750825e+00
1.451224380167298591e+02 3.967327735729496041e+00 3.206285234832702002e-01
1.501720360773290679e+02 4.455497437944431738e+01 2.412973489036193353e+00
1.321921926119032378e+02 1.610589946339198164e+01 3.625614606612530366e+01
1.207592520667416238e+02 9.360406098442924261e+00 5.721383968650022211e+01
1.590861210248088753e+02 7.983536900132355640e+01 -2.066847685089389763e+00
1.469837309288861604e+02 6.454718225656218067e+01 2.117917475400390970e+01
1.448358838988893922e+02 6.400258093535636306e+01 2.327985104665158289e+01
1.442482321905370952e+02 6.759420945695511307e+01 2.922313592018673489e+01
1.436271572326164403e+02 6.797290168030291113e+01 3.107545152402214939e+01
1.304683619236135428e+02 5.000543118474123361e+01 5.322364218332948127e+01
1.361715422286185913e+02 6.784414473157174541e+01 4.410254776380438813e+01
1.377735875985252392e+02 -1.277996828237669646e+01 1.128796176425551323e+01
1.461774386974022661e+02 2.594031104680622590e+00 -6.328869133908270328e-01
1.361473697473490461e+02 3.143735201428704329e+01 5.851773318609012620e+01
1.213214100899964478e+02 1.013437835031593082e+01 5.543310302220566399e+01
1.421878401258047688e+02 6.929526077254909922e+01 3.500783777896905491e+01
1.387627218661937434e+02 4.878948376509575269e+01 5.925290555905912981e+01
1.740522606040280209e+02 -2.090985376062865697e+01 -6.414712177872263510e+01
1.348807906104053700e+02 -2.917278148475411115e+01 1.531841172649756189e+01
1.568567713234106975e+02 6.744244707114040338e+00 -2.194582110950185694e+01
1.595762903832157349e+02 1.889692556988617156e+01 -2.199433931258898056e+01
1.386429419647219277e+02 -8.735609185756183948e+00 1.061267581039959218e+01
1.675176569867540479e+02 5.527575130087573996e+01 1.236881183004862450e+01
1.703011261426855469e+02 -6.202708562873842624e+01 -1.442873379298459113e+01
1.383901323912798773e+02 6.849504093556902262e+01 4.417136884452211376e+01
1.713800749859642281e+02 -1.771937380004920115e+01 -6.213303740373572026e+01
1.579963446677458307e+02 1.909771673079299603e+01 -1.799303396962256585e+01
1.512111111458712571e+02 2.044168193413960921e+01 -2.165023328321793450e+00
1.709876746695948384e+02 -1.876022438250831925e+01 -6.077377611007715075e+01
1.423178670931837360e+02 -1.050959425408597703e+01 8.462861847096196044e+00
1.416772718017705870e+02 -9.294748472286517682e+00 7.946734153206840290e+00
1.489382744161298149e+02 2.454503752764810809e+00 -3.105249598163396740e+00
1.786957360512932667e+02 4.195449847587990178e+01 3.669448493867108851e+01
1.789936652973998434e+02 2.185803040409186160e+00 -3.291897850102094480e+01
1.532765295616217713e+02 1.997189773070516949e+01 -6.256624349847388800e+00
1.753506605143173829e+02 2.346706773090212028e+00 -4.051143274176167353e+01
1.604512114720537852e+02 -2.169147370652863671e+01 2.206953844799544129e+01
1.586997660808293347e+02 2.072419371923449916e+01 -1.786515253867119668e+01
1.435772278135047770e+02 -5.239725637002932146e-01 8.401091780842964596e+00
1.431444480055506574e+02 -6.977010398330575924e+01 -1.249242217947118760e+01
1.403535402746790908e+02 -7.217741669408491134e+01 -6.880480217135311882e+00
1.686380322667283167e+02 -2.704268490396687596e+01 -5.490120776440718231e+01
1.458726228268234593e+02 -6.009000286325571949e+01 -1.536208852354872612e+01
1.677067354138613382e+02 -2.486202050804437391e+01 -5.235636905751944425e+01
1.423232158482006469e+02 -6.371984329074306430e+01 -1.043327902464714896e+01
1.376076647275141909e+02 -3.950452502327810578e+01 9.487714018713003128e+00
1.602938896358643603e+02 1.490342614780625130e+00 -2.446035741719104095e+01
1.578088567376128140e+02 1.264648034996558090e+00 -2.114863738785287239e+01
1.429049693795809333e+02 -8.298167520379168494e+00 7.073761252232054986e+00
1.798461026413302761e+02 -1.047355592622253262e+01 1.012854984918589452e+01
1.596259937777991524e+02 2.151950966713986446e+01 -1.525618124003288401e+01
1.393816441750905142e+02 -8.315396837654647655e+00 1.678839368232860707e+01
1.451971040711512160e+02 -4.987945647885903000e-01 8.342298737284554733e+00
1.573176112937724440e+02 2.065573621283895989e+01 -1.467196831012495295e+01
1.529639812979463898e+02 2.043849978917819854e+01 -4.117212820863798584e+00
1.526563358328437232e+02 2.341644622847820401e+01 -2.609631743567186746e-01
1.519625013018344362e+02 3.420664471210729118e+01 3.503648449079939553e+00
1.381127152695293319e+02 1.216315223438232884e+01 2.927183940146634455e+01
1.357960385398376388e+02 1.506096086542014412e+01 3.565779763397661384e+01
1.610341908921591596e+02 7.010105887304312944e+01 -2.654937981104821709e+00
1.558673632921718308e+02 -7.137891760831551835e+01 -7.183646265882353887e+00
1.469251466207068972e+02 6.627814850020534720e+01 2.577005779274810493e+01
1.468005846128244514e+02 6.694856270922201702e+01 3.051831619883657254e+01
1.332393719120412356e+02 4.958893254119374205e+01 5.440496622336200971e+01
1.319321413792341673e+02 4.993158254574532151e+01 5.475225581955486120e+01
1.382943547640310840e+02 -1.284490617288838443e+01 2.035661685660425846e+01
1.766306263769084524e+02 2.241532593862146427e+01 3.102821507584781813e+01
1.749979431094156155e+02 2.492735298511664865e+01 3.222089998421439105e+01
1.526926442946279963e+02 -5.476418884652621699e+01 5.368592246996190198e+00
1.564499063693895664e+02 -3.324700808998317569e+01 5.118403900847775745e+00
1.615764002188246877e+02 2.248680952164037450e+01 -1.696423674454786834e+01
1.782575349011727042e+02 4.859506530207612229e+01 3.250151964599534438e+01
1.534865804561467826e+02 3.483133040787152623e+01 1.917728978370941695e+00
1.547864933040297331e+02 3.742007737053306471e+01 3.096008952671528647e+00
1.389212125354217733e+02 -7.633579906973604068e+01 -5.136781910869237855e+00
1.582322011966803927e+02 3.417264166327862007e+00 -1.669193664696175716e+01
1.324775941955689689e+02 2.765162421072286136e+01 5.540192739161153668e+01
1.727604695615253263e+02 3.142137177022885197e+01 1.403353968226915427e+01
1.404083749871824693e+02 -1.072709948945470870e+01 2.050297485144884035e+01
1.682853520258632329e+02 -2.923442428354439571e+00 -4.062138219254936899e+01
1.674396672755595432e+02 1.670607072867795750e+01 -3.103608002878083028e+01
1.533383009427136017e+02 4.856244964317433244e+00 -4.186614419188582126e+00
1.456324206523543126e+02 -7.015552141070170933e+01 -1.122188568490660465e+01
1.747442461110340446e+02 -2.499086061716399598e+01 -5.920645665578901173e+01
1.758311968184528666e+02 -2.300325652494142403e+01 -6.107100059024887173e+01
1.757796907073018247e+02 -2.136771314239066299e+01 -6.249773183928380149e+01
1.405766524177364545e+02 -7.608836145719980948e+01 -2.414284182656453837e+00
1.410102405838418065e+02 -7.613137550678632692e+01 -4.151645246434288339e+00
1.726284486614499940e+02 -2.353021524915612872e+01 -5.715558787673026586e+01
1.425071220740219928e+02 -7.052629025691977915e+01 -4.447619588796355217e+00
1.391549414935214770e+02 -3.295096623068074848e+01 1.739958134931173461e+01
1.383816804983775626e+02 -2.854098138277533181e+01 2.081023766675371078e+01
1.689697427565386647e+02 1.853440548222173945e+01 -2.901312488075256724e+01
1.379474976654607019e+02 -1.140705986409443362e+01 2.311379770425443070e+01
1.429349927942723468e+02 7.488413442737508419e+00 2.180541583434848718e+01
1.573460068275505535e+02 3.759296395182063577e+01 3.397250139362434140e+00
1.573853898990829521e+02 3.758894292953104355e+01 5.357566493983854983e+00
1.381363589100382399e+02 1.323492037018504419e+01 3.697248786018355560e+01
1.320955784401028836e+02 9.819084169608736090e+00 5.316458433196413580e+01
1.859556052703478883e+02 -3.109588510962730812e+00 -2.830777535056683192e+01
1.354354860165368279e+02 4.934724614214146499e+01 5.618418753801380205e+01
1.399643843299134289e+02 -1.047711692991033239e+01 2.116001418926659383e+01
1.744694530450470324e+02 -1.946710517435860766e+01 -5.477748918789826860e+01
1.493014268641595379e+02 -8.742863370076754848e+00 4.686600753314110079e+00
1.411422152607254645e+02 -1.124265833011290461e+01 2.309727487699108650e+01
1.721677893412118294e+02 -2.154166770543599796e+01 -5.177491708054405706e+01
1.497652634500495878e+02 -4.783361400374433003e+01 -9.523910612451214064e+00
1.497602660065126372e+02 -9.349848510119842970e+00 2.398588879666783580e+00
