1.759602430715293053e+02 5.218537125697334034e+01 2.789651159482699683e+01
1.276968901371197802e+02 6.277645943230037062e+01 4.970797448538753116e+01
1.003268733423139452e+02 5.262218769385745532e+01 9.061523487376764052e+00
7.322695584066512708e+01 2.948384667351135136e+01 5.416884163710891897e+01
1.028721832585833624e+02 6.205152474616872382e+01 4.639618412437349804e+01
1.196659489364729438e+02 4.482144860444847723e+01 4.482714697398911596e+01
1.226987547112975250e+02 2.753681130465061955e+01 3.506304383287852744e+01
1.227244653407266526e+02 7.835010735084033229e+01 2.907001348590578615e+01
1.497708288859163872e+02 -2.150754736570743830e+01 3.773794701775967653e+00
1.344078236074224719e+02 6.674568340310742087e+01 3.420106532366742869e+01
1.193174521344118375e+02 6.988523789080267079e+01 2.605308179118274126e+01
1.681312117324941369e+02 2.348531932496815955e+01 -1.063083590185105898e+01
1.009434933455334544e+02 6.244597918494790179e+01 5.075392132404756040e+01
1.247052138074615755e+02 3.978750792781511336e+01 4.803086690978420847e+01
6.738502906435427064e+01 2.468223908707568270e+01 4.585101726229102326e+01
9.994905147031380466e+01 1.351807285363961242e+01 4.546874246067583414e+01
1.215423280983912946e+02 3.411352023804685984e+01 4.565521417588434616e+01
1.963783582508295069e+02 -1.887664981922059937e+01 1.369678959890016046e+01
1.549330345365846711e+02 2.147088431708211331e+01 5.490220814427900820e+01
6.677394118630458308e+01 2.369184929974466414e+01 4.665950821089662526e+01
1.354015869044881697e+02 2.570369195341064739e+01 5.585407946650363442e+01
1.379872441159859022e+02 7.768991237818086404e+01 -1.254750374251305445e+01
6.810896665335043565e+01 2.448191454306395443e+01 4.936335699558576096e+01
1.361232641334601396e+02 9.203174955772526289e+01 -8.247145949153464883e-01
1.567356930750831054e+02 1.171892850901121363e+01 4.409354118115597743e+01
1.736873000785296881e+02 -1.882228805116746173e+01 -5.877951566348393442e+01
1.843134949288389919e+02 -2.831105670770802973e+01 -5.204317925308766490e+01
1.714610131506127289e+02 2.901674296773579798e+00 1.951432679590142882e+01
1.733936666923994778e+02 5.838456804099729425e+01 3.378623602918338520e+01
1.378482583738165488e+02 3.472185044576218615e+01 6.087012083305701537e+01
9.554569709098301189e+01 2.853957470677601194e+01 5.627770256801319704e+01
1.642649129274728352e+02 -4.935041727861973015e+01 -4.462590430225384708e+00
1.832494346649600061e+02 -2.395418260591907256e+01 -2.815603385505331957e+01
1.687384670925813737e+02 -4.640945264012673377e+00 -2.304678433204261268e+01
1.442820989193396315e+02 2.518372249960484055e+01 6.000133384093339828e+01
1.087102851000887824e+02 4.379454045591467093e+01 2.307143257588096930e+01
1.619696077643921797e+02 -1.715149102780326018e+01 8.776928195906677388e+00
1.361279122121389946e+02 8.184154066934053162e+01 -1.314985902965354292e+01
1.768035786515095253e+02 -2.025507269601917315e+01 -5.975366253189893939e+01
7.793369323288656858e+01 1.088158670877637668e+01 5.241124461188215378e+01
1.752025865524005894e+02 2.070597639419674252e+01 -2.329903036221674384e+01
1.252447368167923969e+02 5.876852156639139224e+01 1.659559909215438722e+01
1.396288615204258292e+02 1.188724428921928755e+01 9.527081004841949863e+00
1.841248316287224611e+02 -3.654796413024842394e+01 -3.915475497429348906e+01
6.827316160002388301e+01 2.420727601680251340e+01 4.650421014363345762e+01
1.717497007613798985e+02 2.316857548422876434e+01 -1.933190209793911407e+01
7.028045442813626664e+01 2.658221744981114654e+01 5.558990289113094008e+01
6.982242438086427683e+01 2.484026974384637754e+01 4.678195086241004219e+01
1.348263394179800514e+02 3.055378072528960587e+01 5.797396081658227729e+01
1.163349943594770082e+02 7.378292226073256188e+01 2.922873296037119673e+01
1.740385547028162989e+02 1.826426054928804632e+01 -2.330815665464873732e+01
1.312477585820704462e+02 6.168959348906975038e+01 1.962576096750006727e+01
6.764748627766226718e+01 2.258486466841082319e+01 5.086832077009860598e+01
1.626461446557496799e+02 3.894151303927522889e+01 7.011608464240461913e+00
9.136773593517447978e+01 1.245869873080526702e+01 4.778428973379535449e+01
9.834815543106697078e+01 5.235014936961020737e+01 8.890400529262091567e+00
1.583994284906313226e+02 -2.749266633064539533e+01 1.369907151601165118e+01
1.776580629460906664e+02 -2.930182560134076297e+01 -5.248089705807030469e+01
1.640203853388657933e+02 -5.061703621010444465e+01 -7.978023623884225479e+00
1.220768794257139547e+02 4.129191326080417923e+01 3.634649453218512605e+01
1.485581077944581239e+02 3.025656915188240959e+01 3.178471894321235780e+00
1.735189342699594590e+02 4.820796573223570647e+01 5.045824121622310088e+01
1.074911929959599206e+02 5.494126205327781065e+01 2.602801143218295010e+01
1.697862948626790285e+02 7.407436519419304588e+00 -3.858390986263003697e+01
1.381413977265914070e+02 5.115845135650911857e+01 1.154072124948746492e+01
1.057745066492437900e+02 4.820582742293890277e+01 8.555550455180544134e+00
1.363005691335939957e+02 5.821296799815936396e+01 1.935758823643776338e+01
1.063303763833060884e+02 6.045494978414352971e+01 5.345658704403141570e+01
1.450359059238889756e+02 2.556894583994341730e+01 5.864453010923691068e+01
1.433318076220234900e+02 8.783509230175464211e+01 1.672252888696426965e+00
1.746205384816941262e+02 -2.020049910453280972e-02 -1.367639628272008778e+01
1.385502698912500819e+02 4.909388644507298949e+01 7.994476686275682198e+00
1.400113509472486157e+02 1.142317846819802796e+01 1.190108691414670261e+01
1.085020619461401168e+02 5.484525047561190547e+01 3.395496452487197558e+01
1.538451227033131374e+02 -2.219047619769358448e+01 3.379995931176704715e+00
1.098561797666347246e+02 5.734034841138210936e+01 2.928496937024500824e+01
1.759180474368190232e+02 -3.260170989860131385e+01 -4.910978062169241554e+01
7.000781753191932921e+01 1.987041217031613627e+01 5.081954258268419977e+01
1.079469695895670611e+02 7.148158629725719138e+00 5.687053016960263108e+01
1.694891284624643220e+02 8.732995681621373407e+00 -3.735213670860348145e+01
1.391348111077121530e+02 2.696959943779300417e+01 6.255835188410179271e+00
7.625129354204720755e+01 3.400539076118293025e+01 5.931477934795924511e+01
1.773695977351373472e+02 4.990175400946468187e+01 3.077768940087886307e+01
1.367544338156660331e+02 9.722307981866165960e+01 -1.718836643792750607e+01
1.551461285348879926e+02 -1.073527320437671939e+01 3.449102610034654681e+00
1.506489295323713122e+02 -7.451332091972084015e+01 -4.624423160458990267e+00
1.093897398633007896e+02 6.307626198897732195e+01 4.069076530176013051e+01
7.867953374702862845e+01 3.131043323541018708e+01 5.828553287405638628e+01
7.590828479242782123e+01 3.602623985316756716e+01 6.030875951646638100e+01
1.534292987726114177e+02 1.315239442288199001e+01 3.718424428591791298e+01
1.559525956975753047e+02 6.664221193559410494e+01 2.479931828371454117e+01
1.538084764806102100e+02 6.978221635491530606e+01 -1.360718733527721014e+01
1.738009227107113759e+02 -1.908006123010660815e+01 -5.750345289471894716e+01
1.192011233502864513e+02 7.519638491101001421e+01 2.804029516184068882e+01
1.604516999560266015e+02 6.073026422978305305e+01 5.480872842083529406e+01
1.776448605181044798e+02 3.677255052048413830e+01 4.194328575940242843e+01
1.771963235378436252e+02 2.340462346820218897e+01 2.004477500203562812e+01
1.390175201999982164e+02 -7.141190669332128493e+01 -1.103167133278420309e+01
1.851819755964166916e+02 -2.429139472042686521e+01 -3.028528304055053866e+01
1.395291992928111995e+02 6.330964384399898393e+01 5.304524696924138283e+01
7.003730107199741894e+01 2.073272083860313231e+01 4.861230624683941670e+01
1.724673280090960930e+02 4.333135681211219747e+01 1.457850839601032433e+01
7.201941804859482943e+01 1.510295304713381270e+01 5.205526980400583170e+01
7.121830918704245050e+01 2.403021746925839253e+01 5.015759539668785294e+01
1.766348218376361388e+02 9.394927390350433782e-01 -1.519842630894518187e+01
1.791295113516196693e+02 -1.981722429748466396e+01 -6.075813394872216122e+01
1.188225362180297537e+02 4.385875398810414794e+01 3.240028146940192499e+01
9.828786372580401576e+01 4.984606856549398657e+01 1.206130969795084340e+01
8.539018879579731447e+01 2.645855597807924298e+01 5.593779833602312124e+01
7.096213459624388520e+01 3.037570952895439547e+01 5.202026985900986489e+01
1.261548614217722672e+02 7.791535295700191455e+01 2.740892865153456626e+01
1.766784894521349258e+02 4.139729771581504281e+01 4.573375726553240384e+01
6.918919186723820758e+01 2.784254429271178211e+01 5.499949421357820256e+01
1.988993342278914440e+02 -1.839617557499683542e+01 1.415288858007803796e+01
9.705981592251734469e+01 4.987277858151646370e+01 1.209087120194057263e+01
1.559220969279822384e+02 1.298318629711421579e+01 4.620417479043779707e+01
1.642095111171030624e+02 5.840324396150059982e+01 5.455638533023568471e+01
1.338311267137275706e+02 1.014110999405447870e+02 -1.855550152509410466e+00
7.367330099266675347e+01 1.472713676380758940e+01 4.792764809371296764e+01
1.429738613318239686e+02 7.116256050187332960e+01 -1.535100145483329115e+01
6.784695197966225066e+01 3.005828789157177994e+01 5.337213763513402398e+01
1.154737030966680607e+02 7.769589250415084791e+01 2.666055721744849905e+01
1.738166889981985150e+02 3.214678957767456779e+01 1.695860783243942294e+01
1.733113487053056190e+02 2.494784920767854075e+00 1.575793940645348101e+01
7.113407131163978647e+01 2.849485629542301268e+01 5.184665499115026677e+01
1.118641154981500847e+02 4.869508342133033096e+01 3.536889064506928548e+01
9.915863711163493122e+01 1.225467738172828724e+01 4.522004485281379260e+01
1.347504696817833860e+02 -6.829119477316294251e+01 -1.629832104182616348e+01
1.440171713200107604e+02 2.671596001861924918e+01 5.877386728983255892e+01
9.851828160539537294e+01 4.849771063679430227e+01 1.336603940093574749e+01
1.341825381498574643e+02 6.393688739572981206e+01 5.029727466325620355e+01
9.866008927692352870e+01 1.350619816706301535e+01 4.568879516682557096e+01
1.179919382444202824e+02 7.869673967288687777e+01 3.143076931168884158e+01
1.427655795074784635e+02 7.698927888842821687e+01 2.656846526089939431e+00
1.736108184129147674e+02 1.268310182106410977e+01 -3.256768691820590789e+01
1.743846316214577712e+02 4.193764313096312435e+01 4.931995492929550551e+01
1.324751968851715560e+02 2.165356927393815667e+01 5.722430793579712827e+01
1.562703867713930777e+02 -2.805637895576347773e+01 9.006543033928437580e+00
9.575098944112998822e+01 2.579955776784904131e+01 5.332495468503717717e+01
7.037353999272905014e+01 3.019164878333472046e+01 5.517489945028575704e+01
1.247968653526008893e+02 1.003573204987261818e+02 -3.395293414378479646e+00
1.768792534480034533e+02 1.202906628195089755e+00 -3.882527268315934066e+01
1.035981737750652201e+02 4.896666213929892564e+01 8.450253878676182495e+00
1.492764886951692631e+02 -3.247866505962696237e+01 1.856520482291707097e+01
1.443600353012347171e+02 2.756598120450416900e+01 5.993837635579194512e+01
1.973865287866179870e+02 -1.995640791497679345e+01 1.523041171162634377e+01
1.362245192787734425e+02 2.993110039851454118e+01 5.889972629272359939e+01
1.482569618768661996e+02 5.607306626927097426e+01 6.042854690354214142e+01
7.873534082831943692e+01 1.478947027840960970e+01 5.889302678074245989e+01
7.183012701299143998e+01 2.944692378533726895e+01 5.626099793664211290e+01
1.821836156176215695e+02 -2.365558155789477723e+01 -6.032934138887687681e+01
1.535688649788657756e+02 7.900470726635951735e+01 2.308619164969577753e+00
7.806531699017084236e+01 1.092246827655677954e+01 5.114977707601898516e+01
1.904704232101075831e+02 -1.530006577847950133e+01 -3.952793487093807556e+01
1.338723318742017341e+02 -7.434060334947041326e+01 -9.382920717694414492e+00
1.314889637527561774e+02 2.222204880722809861e+01 5.847748637665806370e+01
7.407633865816222851e+01 1.424975007583632447e+01 4.936314068329604510e+01
1.421349055258268095e+02 6.341628321271237212e+01 5.461975676913530720e+01
1.191173537351102141e+02 8.008411906655280177e+01 2.802546677488658844e+01
1.919436699908877699e+02 -3.112879256755833879e+01 -3.647905551311975358e+01
1.626693121961857003e+02 -1.305048659508045894e+01 8.545822354883419791e+00
1.714867440275974673e+02 -1.494423614871788963e+01 -2.587908554614352497e+01
1.279266451350355283e+02 9.943919801513882817e+01 -1.760389950271548187e+01
1.385283848823210064e+02 -6.933325364257518686e+01 -1.101734537962686389e+01
1.563419136248206200e+02 6.635332413785921801e+01 2.288958316476858457e+01
9.715229499699047722e+01 5.217825244584124533e+01 1.132828997334411625e+01
1.788799021219803080e+02 -2.746087330987270647e+01 -5.451786765919243294e+01
7.674959792831742789e+01 3.766352598909823968e+01 5.905664436183832322e+01
1.721408913891009149e+02 5.909329361635577982e+01 3.730222268602927471e+01
1.525935741606899967e+02 -3.079247454877565460e+01 3.164493179711971749e+00
1.663063837753551297e+02 -6.221267190327229457e+01 -4.200615423487089828e+00
1.738622297233101790e+02 5.737465829767791803e+01 3.560851866197717897e+01
1.467555660975463070e+02 2.589457286635171585e+01 3.586158282135791353e+00
1.465229013204099147e+02 2.395068600375006440e+01 5.871037418819389586e+01
1.270752666244522686e+02 9.664450874203537012e+01 -1.798718345232404658e+01
1.754850270631419562e+02 1.332499403038635855e+01 -3.154901478507141732e+01
1.380132291872604355e+02 2.764007016673149053e+01 5.776397396224778902e+01
1.522517129264835489e+02 5.738010732403251524e+01 5.962552682591139330e+01
1.565203474919809139e+02 -3.384710893489948091e+01 7.500601890099648728e+00
1.797329727080433202e+02 -3.400081281370425046e+01 -4.334134773750709968e+01
1.523472593920755003e+02 -2.829453787144161581e+01 4.520879597778680647e+00
1.308865105478393218e+02 9.743997462199307336e+01 -1.863535272159619183e+01
7.236640240262691748e+01 1.284643867532058437e+01 5.006193225234714816e+01
1.413326025706152791e+02 -3.630387260499688296e+01 1.621816384146587708e+01
7.314830730330972131e+01 1.740246446703778460e+01 4.986513520706671443e+01
1.751829702686566748e+02 -3.136225456042805249e+01 -4.773143179378628531e+01
1.898669360951991507e+02 -1.686622955774108590e+01 7.301694880108573926e+00
7.251266557339427266e+01 1.885536146930714807e+01 5.131387936366281366e+01
7.125313197271189836e+01 1.701872077450404319e+01 5.380265094686908611e+01
7.714867704719398489e+01 1.607352466450731754e+01 4.884954991351117570e+01
7.312919321944039552e+01 2.279889605618590664e+01 5.242170844648592265e+01
1.722333669212693508e+02 5.552252643891224082e+00 2.204476311733371219e+01
1.939586816069719362e+02 -1.646758796259990376e+01 1.338739582127730010e+01
1.574070978073200422e+02 -5.169870584705599015e+00 2.791207069973764732e+01
1.108909535464120353e+02 5.724067244494217732e+01 2.513378192900626118e+01
7.200379326372011235e+01 2.244783829981220435e+01 5.442742929836109056e+01
1.371716528162249062e+02 5.971666399856250962e+01 1.543812637837170954e+01
1.744821017588005532e+02 1.916947813269448275e+01 -4.139150624694047487e+00
1.612492025507895903e+02 1.905050266697582373e+00 3.173368809012730107e+00
1.578460144850198503e+02 3.857941262634589918e+00 -1.863794739652455945e+01
7.161635264509537535e+01 2.641081415744992711e+01 5.741342513741687981e+01
7.195336664605595445e+01 3.054518912915781925e+01 5.487194392822931377e+01
1.141638811195998073e+02 2.549266331665788243e+01 5.246510174873240118e+01
1.268451713391590800e+02 7.159988512469072930e+01 2.559808700244965252e+01
1.541642762295826969e+02 -2.602550732876051853e+01 3.997197851156724102e+00
1.572173521603353095e+02 1.603612882043272236e+01 4.642962399419494091e+01
1.044968101040971789e+02 5.430331101663419702e+01 1.062142690957049496e+01
1.559781327959505006e+02 5.479871574855065930e+00 3.214871513913755052e+01
1.833452564637521789e+02 -3.438878752896262370e+01 -4.480023169599306954e+01
1.237211589756110186e+02 8.305484267863133141e+01 3.038619447870403434e+01
1.425568151215421437e+02 7.022047548048517740e+01 -1.391401345037137105e+01
7.381354188518774606e+01 1.643695805120198372e+01 5.567264553087213841e+01
1.213249798636119294e+02 8.851673233394201645e+01 2.694160334295475678e+01
9.992387675062570906e+01 6.346882953256856297e+01 5.401011405135930943e+01
1.025855770760957455e+02 6.433666213095277442e+01 5.413981658198419211e+01
9.782976242256762589e+01 5.311899292729642497e+01 1.026900169375247174e+01
1.898234823080906040e+02 -8.873482416804671757e+00 1.021849782923401406e+01
1.535288119593913336e+02 -1.988964164464742268e+01 3.547177880903202407e+00
1.179052789221678097e+02 6.620134497029292220e+01 2.907775417393509798e+01
1.400588296625450084e+02 4.597959492490637246e+01 6.005530598139876020e+01
9.920152737817400634e+01 5.189071715244964622e+01 1.261740157882890045e+01
1.422767917517815022e+02 -3.872095460499608066e+01 1.489710972738427230e+01
1.833427690908386865e+02 -1.929133682791048443e+01 -6.384536154212554493e+01
1.735397325389224932e+02 1.992045290251786671e+00 3.685134870584526823e+00
1.434199089986749414e+02 6.493952531022499386e+01 5.234631107461189004e+01
1.759042139059305896e+02 5.401956735273610377e+01 3.500359509985858608e+01
1.638860828303801895e+02 2.476529614020575565e+01 -1.146192504975653215e+01
1.595748642860150426e+02 5.618959515624384693e+01 5.854398790548999898e+01
1.406700938271780217e+02 7.061180263101557841e+01 -1.213994913869709080e+01
1.662440304207956103e+02 1.700453940620223392e+01 -3.371069808839160942e+01
1.020442031198316499e+02 4.512682906167371755e+01 1.833054124358150716e+01
7.942033829006665258e+01 2.496809803362333113e+01 6.521989170266986946e+01
1.200424672941739317e+02 6.772314822125802891e+01 2.409388933114279752e+01
1.562326030715164222e+02 5.827558031070122269e+01 5.839695067113299842e+01
1.749761904787168874e+02 4.105593241286356232e+01 1.707872263804763691e+01
7.854787911265941602e+01 3.540291853317169313e+01 5.897333047543835960e+01
1.564430478292263444e+02 1.552904981241421112e+01 4.847515459748943556e+01
1.826248101261059276e+02 -3.609289226408994011e+01 -4.321552064842702379e+01
1.094835015077179037e+02 4.706650164667860281e+01 2.714375401483156480e+01
1.481355338643087975e+02 8.185515173109928355e+01 3.122952890636417678e+00
7.991459366888203419e+01 1.568988536487813334e+01 4.948761904048931370e+01
1.660546018847018672e+02 1.471156692715733882e+01 3.682107493935335185e+01
1.733786467285749779e+02 1.974599632441491792e+01 -2.485245947622024332e+01
1.322906675071292284e+02 5.880299460594998351e+01 2.155854403002970088e+01
1.226322077610741417e+02 1.230703563330045824e+01 5.825408156339595678e+01
1.282139015776530755e+02 9.629212427659896889e+01 -1.322582922620288137e+01
1.595118698321225565e+02 6.679280025880520100e+01 -7.020182864530768008e+00
1.556815038113331013e+02 -7.186504581971182581e+00 2.829007022983885378e+01
1.975959883635409824e+02 -2.065730246039696638e+01 1.212115686350320232e+01
1.392084102704318127e+02 8.108158615450284401e+01 -1.810786527376896515e+01
1.228579572900712265e+02 4.274584147659865607e+01 4.523922472477124757e+01
1.870163130742024293e+02 -2.892236785063773752e+01 -5.094832007455475065e+01
1.590049955227119938e+02 8.050841155728112319e-01 6.589219870642484267e-01
1.785256494163694185e+02 3.437516237128194518e+01 3.566571532240459419e+01
1.071643549858584663e+02 6.553547643326062655e+01 4.597304086200865214e+01
1.625096114975038972e+02 -5.450431672290518037e+01 -1.328051262515125686e+01
1.381198233694784676e+02 5.124495060382434986e+01 8.102849627252997067e+00
7.912330682999221665e+01 1.312245400014534447e+01 4.973179604160429790e+01
1.023515230725496394e+02 5.990872796758449681e+01 5.359913439235514687e+01
1.294808867169100211e+02 9.949998720341626779e+01 -1.831000961544471650e+01
1.881341091394724572e+02 -2.728528178021979045e+01 -5.308805214794157479e+01
1.696947347064482869e+02 2.468721583963011668e+01 -1.367614209170856654e+01
1.393185820562222546e+02 -3.600467285041337107e+01 1.577950399860340625e+01
1.655595454340389381e+02 2.268691552914629739e+01 -9.803645389472933402e+00
1.868593306197195716e+02 -2.321535188002302519e+01 -3.024221333313850124e+01
1.599209204907149342e+02 -6.603302241980168219e+01 -1.182959498122815845e+01
1.476508968527280388e+02 6.212159598789861548e+01 5.674620747983655633e+01
1.081697738672268940e+02 4.858667675717287437e+01 7.516842472782231610e+00
1.743772611784070818e+02 4.617135908944437972e+01 4.887982147527382182e+01
1.849410662245033166e+02 -1.974470328008030506e+01 -5.158165098378716351e+01
1.670584791823777095e+02 -5.222103467908745245e-02 -1.019001403661529714e+01
1.789339429558839356e+02 4.278433087901976251e+01 3.047691040510900962e+01
1.526174201651339786e+02 5.092531804226469561e+00 3.124452716646729300e+01
1.906814578473743609e+02 -2.996140580945048271e+01 -3.608046389357350847e+01
1.223238647827846393e+02 2.485488311812215656e+01 3.298943914160702917e+01
1.405674412165732008e+02 2.790186092075861879e+01 5.764208551647570289e+00
1.310910723766673414e+02 1.028532234543775132e+02 -3.432555944663027603e+00
1.447473993658849736e+02 6.473363933181195762e+01 5.617209102519912278e+01
1.501625078606241175e+02 5.808209021411192907e+01 5.937127154293484921e+01
1.746609463392410646e+02 -3.702764750497112622e+00 -4.270282879775875529e+01
1.121688686905769430e+02 5.794263053830746912e+01 4.207884994370494525e+01
1.627363973955769154e+02 3.044912981605440905e+01 3.312987146413259865e+00
1.751006154519395182e+02 2.087123869937320819e+01 -2.034569769287189800e+01
9.931273543737239606e+01 4.821069573472797742e+01 1.563447127616779042e+01
1.300776368551530311e+02 9.906654119462739061e+01 -1.612405444048584435e+00
1.647820765501619746e+02 6.129261894432223556e+01 3.990666341916444537e-01
1.342506554520142004e+02 9.854726295036209649e+01 -1.946120699433082990e+01
1.080524949390133855e+02 5.808855234802199163e+01 3.056369757373578722e+01
7.880410433586558838e+01 3.338004422998624676e+01 6.259185883990411980e+01
7.617402548775706350e+01 1.546187825887841427e+01 5.766047211223002478e+01
1.477552639622533661e+02 6.764250880641671415e+01 3.300871749603446403e+01
1.611446691247863612e+02 -8.008187621092122122e-02 3.996594233195791546e+00
1.164184847561575396e+02 2.616478531737146795e+01 5.340154370428514596e+01
1.744290663766600460e+02 -1.853111118968753956e+01 -5.606319123391828896e+01
7.895655260411632526e+01 2.840401349253227536e+01 5.658540247287061220e+01
7.706008911405758965e+01 2.929828312236761079e+01 5.976420062481825823e+01
7.904661358952461114e+01 3.392557972867528093e+01 5.917318328925222204e+01
1.360301631019641491e+02 1.711880548606096752e+01 5.562013716617374826e+01
7.796887643514781985e+01 3.685434612081975558e+01 5.954169779083689207e+01
1.174096215518369917e+02 6.588361224953003159e+01 2.429599671772189851e+01
1.364240121338230551e+02 3.203612651565774172e+01 5.859626629329559222e+01
1.471717262653274645e+02 2.187638809170989163e+01 5.737749576915337002e+01
8.108706998061283855e+01 2.269809305452464798e+01 6.411402218065349246e+01
1.819994063898785441e+02 -2.447092180490677293e+01 -3.060252441744518137e+01
1.669615888739403431e+02 -2.390708637932333502e+01 -5.500811800206138003e+01
1.422393937378044768e+02 7.896303083696818703e+01 1.608711042227593424e+00
1.436820878326807076e+02 1.220725216225181775e+01 3.919264211772527062e+01
1.015220191003082846e+02 4.454091330875471755e+01 1.664787967541791147e+01
1.000589041948564528e+02 4.628825131387337422e+01 1.632203988260810945e+01
1.496341615422391556e+02 6.858614382962726097e+01 5.469121669959535303e+00
1.668019394516869340e+02 -6.549203371809781515e+01 -1.194637561624766064e+01
1.744035622591570416e+02 4.000928481375444434e+00 4.554467395919926886e+00
1.404712875674616157e+02 9.422338274145143089e+01 6.986907401115090011e-01
1.218072401295685836e+02 2.863429009285788496e+01 5.043104568829390644e+01
1.495041046942772027e+02 6.847313120614261095e+01 4.721905797940885918e+01
1.168159570338497133e+02 7.987392074744204251e+01 2.770196766804696864e+01
1.796671658885891247e+02 -1.698477208840160912e+01 -6.506547034650577643e+01
1.472438367556058836e+02 2.507674589997876780e+01 5.935221758215966759e+01
1.071251847569368323e+02 4.841105534090180385e+01 2.690081290471766096e+01
9.012968073113952983e+01 2.636031261725269204e+01 5.891068755171725968e+01
1.836232785206845506e+02 -2.149890697115413474e+01 -3.022634221740053562e+01
1.588123040681619500e+02 -2.585684420124299976e+01 1.654225738047243155e+01
1.929449233734170548e+02 -1.408562681126905858e+01 1.460272869329677903e+01
1.211832559841925132e+02 8.775648650803033490e+01 2.868977507851962372e+01
1.532696751542604829e+02 -6.470503400433965169e+01 -1.227753449699988053e+01
1.491242366667469810e+02 7.089081171640242474e+01 4.542276589523614660e+01
7.848064312569468370e+01 1.271693925179845763e+01 5.080184871383163880e+01
1.783423963712849627e+02 3.382896906705435924e+01 2.691384095203095228e+01
1.155998220593172334e+02 4.131028163649929041e+01 1.947160599687731164e+01
1.019027746533728873e+02 6.489620325432291281e+01 5.048012350179006091e+01
1.231877852562399056e+02 9.917845498787610836e+01 -1.501229619067997056e+01
1.169112114853904671e+02 7.494172805593215969e+01 2.898929625414414346e+01
1.197208099350680186e+02 9.916796983503397200e+01 -8.540389640129410154e+00
1.396723323467988678e+02 2.848688409268713784e+01 8.589650885122884105e+00
1.209848469187757587e+02 1.010372375512665855e+02 -8.656307557771985017e+00
1.282103689269652023e+02 1.020380218940489812e+02 -1.106615571890833927e+01
1.143589093288915421e+02 1.324078053887807904e+01 4.351970281875513535e+01
1.045091135648806926e+02 6.140874902983556183e+01 4.282943947474860380e+01
1.635823836913639866e+02 4.104198961299732495e+00 3.033944619022051370e+01
1.192319325324933175e+02 7.247312761744650800e+01 2.753746100051321832e+01
1.705198114976064403e+02 5.018049620372045894e+01 5.316169278231552653e+01
7.905817665226038571e+01 3.381269678347158703e+01 6.218776385672418883e+01
1.067182029761777926e+02 4.727190946806717164e+01 8.682150578885885039e+00
1.050891557658895010e+02 4.807760032517863635e+01 7.916538136619861277e+00
1.220359480741503688e+02 8.127456693957709888e+01 3.236622457636252648e+01
1.495625813581928583e+02 -2.768003644665371610e+01 3.385722610492251761e+00
1.658668812910160568e+02 2.524655929296319812e+01 -1.087562141987304543e+01
1.412693928891397945e+02 -3.465026890521768621e+01 1.507182978369614723e+01
1.795878806937485592e+02 1.589385673529573140e+01 -8.430905621656100024e+00
1.882188574786967763e+02 -2.570328548737809626e+01 -5.477614203542117366e+01
1.098860068148898677e+02 4.776785714023201024e+01 2.501229584413622575e+01
1.285149405312355384e+02 6.414292966306993549e+01 4.844837804794946834e+01
1.706691003130086415e+02 2.383329840345530926e+01 4.721684028954529566e+01
1.543587303052947277e+02 7.672475310370872137e+01 2.176618849997392857e+00
1.377658423977707116e+02 3.586080754899187184e+01 5.894690505198377650e+01
1.120950442243479017e+02 4.085943161832095427e+01 1.595773178723013785e+01
1.221014376769675209e+02 1.018910871237460753e+02 -9.310301072408853074e+00
1.256380152508988743e+02 7.371996694413516593e+01 2.474142303795483855e+01
1.044440389801638247e+02 4.741917547108553066e+01 2.122294677616124403e+01
1.592941467022059783e+02 6.224830217690525558e+01 5.595554208236782756e+01
1.214008325553872680e+02 4.178271744546027122e+01 3.175661596157843292e+01
1.300086675187460230e+02 5.116089998072135359e+01 1.844711908423294133e+01
8.200046244206460244e+01 1.397443211622149484e+01 4.902700134360907924e+01
1.827438729301525484e+02 -3.823462717121002896e+01 -3.896888445409815915e+01
1.098605111798505334e+02 5.628902646529402176e+01 1.743565946621314211e+01
1.022212710133580487e+02 4.751401188729626313e+01 1.920009426303803579e+01
1.075720944176071754e+02 5.976144240744406488e+01 4.159567395539274060e+01
1.259583940181385486e+02 9.738985591956479482e+01 -1.517416424078590076e+01
7.852603835755814998e+01 2.489809360982094688e+01 6.251551545717148883e+01
1.600219866936162987e+02 1.287249535129635447e+01 4.093618002871776440e+01
1.357924836320186444e+02 -7.105063033116098836e+01 -6.587443892166804815e+00
8.018070777243724478e+01 3.143134450517807110e+01 5.833025044174191720e+01
1.811946439933473698e+02 -3.301871729272686196e+01 -3.950852077365701120e+01
1.120844374327660660e+02 5.395902271314158583e+01 4.447028309329950702e+01
7.938848336409516548e+01 2.898907566252927381e+01 6.372124966884365449e+01
1.830380208652743761e+02 -1.877003379810559025e+01 -6.114556429673540094e+01
1.242090737785583912e+02 9.849427615121598478e+01 -1.050382013209709164e+01
8.049645058390018448e+01 3.280114808604967180e+01 6.101260838118110996e+01
1.594099199608303650e+02 -6.608440376301861363e+01 -4.781549239087747871e+00
1.286311256101143670e+02 1.020859580098862267e+02 -3.256699185029426680e+00
1.248732007175207315e+02 1.016879831391077147e+02 -7.648256610615871587e+00
1.241550763768332359e+02 1.021236347519966046e+02 -9.053067163785367910e+00
1.419562889353269952e+02 -3.355232740549697468e+01 1.830387233435522276e+01
1.507839941258878582e+02 1.120228055225219421e+01 3.780004334013950285e+01
1.363452479552825594e+02 9.027710199050616779e+01 -4.007530768506564200e+00
1.588721898681500875e+02 -6.402327679724785980e+01 -3.131695737818780856e+00
1.631183940426533354e+02 -5.300616126516021609e+01 -1.298312632872502093e+01
1.546636076497731551e+02 1.251283461916582240e+01 3.841461463289119393e+01
1.461135528631203044e+02 6.448124193876775223e+01 5.355018955222932675e+01
1.632576831222991700e+02 2.367788445790239393e+01 -1.624356948097671705e+01
1.620094008961092982e+02 5.482184677435880360e+01 5.853022007036989294e+01
1.621293361616693574e+02 -2.307213355539661492e+01 1.412500270988827111e+01
1.556159359972650407e+02 6.698089239056078270e+01 2.701692033489468514e+01
1.675616197564530978e+02 1.521514668292255124e+01 3.534698267543132744e+01
1.394892884842079184e+02 5.175775390090312555e+01 1.015569849669377689e+01
1.572558900850806083e+02 -5.614539196149485889e+01 3.378717334854880239e+00
1.470162814732793493e+02 -7.372363754003465885e+01 -2.411240391644929204e+00
1.573476729747651177e+02 -5.485533696403027193e+01 5.083895808297112850e+00
1.325984806057069818e+02 6.512681029207303141e+01 2.465369179474265593e+01
1.013688328835834795e+02 6.174328749986359810e+01 5.514241827330556589e+01
1.394868131481902935e+02 1.384105490213727485e+01 8.007370799083378898e+00
1.744779632604043798e+02 4.508673211046983909e+01 1.821569866560830420e+01
1.661126879827123730e+02 -5.924760627517193257e+01 -6.519028216568139911e+00
1.290302248937643697e+02 2.009547199821321684e+01 5.931305830534819279e+01
1.923109373069746937e+02 -2.204880540636247588e+01 -3.233185620857970832e+01
1.184790664184486246e+02 6.859609351216978723e+01 2.745059196842954918e+01
1.912861985468446733e+02 -2.356564609638713037e+01 -3.416848210664660712e+01
1.762234475027959775e+02 -2.015141864046342945e+01 -6.116455838347114593e+01
1.851620377398314190e+02 -2.828359361044562537e+00 -3.693385377850938767e+01
1.228600405901315469e+02 3.352987904916882655e+01 4.768667365202792041e+01
1.503207746470524739e+02 -6.066062205364389825e+01 -3.663600605580962899e+00
1.854601070379221994e+02 1.098332503948340477e-02 -3.460426570306415073e+01
9.205922670148153486e+01 1.065331978206770991e+01 4.999584437824930916e+01
1.179378349034241751e+02 8.579958712900912587e+01 2.919143931173157114e+01
1.321339333558026965e+02 8.884150030140553156e+00 4.606840544838610185e+01
1.502846276779417281e+02 -5.823643766128606813e+01 -2.010545088456093588e+00
1.781563919613854239e+02 -2.102982564252376463e+01 -5.915604294415884112e+01
1.081430160005983083e+02 4.757011493986383499e+01 6.578178121387189492e+00
1.349227898008259388e+02 -6.948450845265183773e+01 -7.787687362788918044e+00
1.775590603383458586e+02 -2.350109032524879282e+01 -4.243523487852002063e+01
1.649557620269449387e+02 3.275465621018456375e+01 8.603889230320969972e+00
1.733327116300831676e+02 3.181776669807398505e+01 1.587965056383682949e+01
1.077278977929611301e+02 6.307099651731361689e+01 4.120756689841339693e+01
1.772203962639297856e+02 9.879594845561971539e+00 -1.459429176445651066e+00
1.162804817313559482e+02 7.186637212539270081e+01 2.774433269147890257e+01
1.352417373966819980e+02 5.731823022411587942e+01 2.071462518365072825e+01
1.314606615365673292e+02 1.007475107960891023e+02 -1.582172132244822116e+00
1.699631700989658896e+02 2.284715335211938125e+01 4.706238490055585544e+01
1.291202333966001561e+02 9.903784196668969741e+01 -1.462544832957886598e+01
8.169826213602934217e+01 2.665312887304983391e+01 6.456288042039810193e+01
1.273526493520787852e+02 9.805069191663022821e+01 -1.183066015372302360e+01
1.272315310276223670e+02 9.747409804508886566e+01 -9.692383049160678610e+00
8.752666418562307626e+01 2.413125659112757759e+01 5.448303052803650104e+01
1.834124028531989552e+02 4.310270622001319829e-01 -3.307414567446049602e+01
1.422833639477289296e+02 2.944367932407091359e+01 4.543027221568747720e+00
1.409142682528540149e+02 1.258043350825147222e+01 3.814888373688427237e+01
8.077961908178511408e+01 2.888040949244847511e+01 6.426056189262787655e+01
1.273198465032212710e+02 1.015737395521731230e+02 -8.630308866132729406e+00
1.262374232118643107e+02 1.019980994679105066e+02 -8.706652824893795994e+00
1.250347695022094001e+02 1.033030988864528297e+02 -3.459300918247991241e+00
1.755393350238942958e+02 5.345130036280895069e+01 3.190943172409014039e+01
1.667396303507068467e+02 2.637731260400569155e+01 8.718180496802183654e-01
1.834107565866753760e+02 -1.599676329360330129e+01 -4.521381968499177617e+01
1.552063354442550462e+02 -3.987122814065637755e+01 1.361778803778199531e+01
1.564265136578138424e+02 -3.821791366839658366e+01 1.209057531380597439e+01
1.158816412442782990e+02 6.448085815527744558e+01 3.166500342986022432e+01
1.731509090291134783e+02 -5.634575812265714134e+00 1.117837103121458853e+01
1.641907192189519833e+02 2.455788162005827857e+01 -9.335764113426419541e+00
1.051012582111850264e+02 4.510652219298552978e+01 2.063288986550231030e+01
1.406905084646400041e+02 -6.727423247373410220e+01 -6.217961655199066406e+00
1.080446671357913004e+02 5.754429283260061112e+01 2.512532253995594189e+01
1.313965567753710104e+02 6.676580657867775415e+01 3.524136495485987552e+01
1.740512610141436198e+02 2.751531612673470129e-01 1.444891760013453919e+01
1.216474731535088978e+02 2.759586211995207705e+01 4.431256671333744634e+01
1.810645216607246653e+02 -1.735045043353843042e+01 -6.273450009999746158e+01
1.547811120746140148e+02 3.235228654080119171e+00 -3.748222934525243133e+00
1.786264762387644680e+02 3.629810418841463360e+01 2.859081178333205742e+01
1.644520684646801669e+02 -6.051291308971590865e+01 -5.511612531298547779e+00
1.384734630991833626e+02 8.242711674202629979e+01 -8.457438524415486825e+00
1.904409671842303453e+02 -2.735987887644703775e+01 -3.341157922916439560e+01
1.193851463235555173e+02 4.069113997139272954e+01 3.738226527798612153e+01
1.717900281686568178e+02 5.187514502617134760e+00 1.904850949700254148e+01
1.241392997193792951e+02 5.700737612576219249e+01 1.582856782330613399e+01
1.119868608266241097e+02 5.943355120306272710e+01 3.512757553983348657e+01
1.729166439989741093e+02 5.245269497863568553e+00 1.976706856169526461e+01
1.075458479398533314e+02 4.341849748833113409e+01 2.042198591801811247e+01
8.709235677341678183e+01 1.180702109818680157e+01 5.384456725244513819e+01
8.760228846998390395e+01 1.371689158575290790e+01 5.127774691691296738e+01
1.679644552433016997e+02 -5.501023317909941035e+00 -3.997974378394971495e+01
1.275238495544542872e+02 9.964806804293912990e+01 -2.786302979973779514e+00
8.953172894603341092e+01 1.617737051595897668e+01 5.007752646046778722e+01
1.792017796594300876e+02 4.058505171343619367e+01 3.269768510578413157e+01
1.463599788880161725e+02 4.928213417993766399e+01 6.219049411154676932e+01
1.251704460651557582e+02 2.130008776804333337e+01 3.426527447563316997e+01
1.581682710464785373e+02 1.393316817088114412e+01 4.548668148352433604e+01
1.443651674559314699e+02 2.215624307059067277e+01 5.640141945449879302e+01
1.602814301227163867e+02 -1.657221668623981348e+00 4.150885903612859806e+00
8.852566243558740666e+01 2.636068649666946939e+01 5.708900888259709916e+01
8.856237776691017416e+01 2.652265120597646941e+01 5.650448129854368062e+01
8.795791873947851514e+01 2.791950572508816109e+01 5.770219497310556278e+01
8.534120426132672321e+01 2.750140582200468131e+01 6.288602157194530662e+01
1.287550364274154617e+02 9.846911799017595968e+01 -6.374950028133271829e+00
1.525476994203155812e+02 7.022626788447355750e+01 4.147782932456689053e+00
1.297546206378706302e+02 1.007763194228838870e+02 -7.869846910271650842e+00
1.276074735588454843e+02 1.000294918267478295e+02 -5.233820785498341621e+00
1.327980970236341989e+02 -6.826064382991660295e+01 -1.674611921397358572e+01
1.052513112800442912e+02 6.384508906189267918e+01 4.316758380159806308e+01
9.443647332239476100e+01 1.318221028376388837e+01 4.642199612949427490e+01
8.932703514440811432e+01 2.461603286981200611e+01 5.446149599335623037e+01
1.921006135147779901e+02 -1.621259471283660503e+01 9.428020147285369745e+00
1.416678433647932422e+02 1.178035013728950631e+01 3.576497319592716195e+01
1.932014832361591345e+02 -1.409478943645090254e+01 7.727687964762438355e+00
1.255363128203601377e+02 3.581636837883439739e+01 5.069651976145083694e+01
1.081941005436484318e+02 6.081246584591028892e+01 5.282959112505892563e+01
1.404409362955342431e+02 1.259576235595911164e+01 3.998841403323766741e+01
1.182462695588350527e+02 4.513875075770757661e+01 4.135684190783017300e+01
1.062463783934620096e+02 5.357609091627728048e+01 2.796327057293052576e+01
1.763443125918521730e+02 1.932768146586093749e+01 -7.215064972594945836e+00
1.049401486658312592e+02 5.796738726094518768e+01 5.233448998309289379e+01
1.062727982029732914e+02 6.067195814540315268e+01 4.058296273514802266e+01
1.758220747685775507e+02 4.547310686448498274e+01 2.004314567603651298e+01
1.067379996776087978e+02 6.080100765300003474e+01 4.340798838000048931e+01
1.737958450273604001e+02 -3.097415717979285787e+01 -5.197010920198770378e+01
1.306402093236759470e+02 1.028152695012718709e+02 1.173712542615795940e+00
1.081658369328197153e+02 4.939195187693031386e+01 2.407745219204282705e+01
1.115964683983792156e+02 5.893887371414753318e+01 1.828966672094269796e+01
1.126142260348440800e+02 6.070755620967856458e+01 1.760775733093982964e+01
1.208228906990402152e+02 6.879477046082359948e+01 2.705390669591214703e+01
1.343435455427955105e+02 -7.079007347775075232e+01 -7.061387584859395439e+00
1.266748303360570418e+02 4.754660173172170090e+01 5.086894443948319378e+01
1.529098055308883488e+02 -5.350968284026854604e+01 7.000415315277010109e+00
1.118732225547999519e+02 6.057731606925803192e+01 1.964539774898783264e+01
1.648990140036458740e+02 -3.082964276265800052e+00 -2.884615513078727744e+01
1.268453943528522530e+02 1.023050026394252683e+02 1.777663513984963473e+00
1.264936784867435051e+02 1.018942216633877820e+02 2.825933301227095740e+00
1.885386726987869679e+02 -3.128047332742489317e+01 -4.772500753807783269e+01
9.350815601342955574e+01 1.768406979793461886e+01 4.936856502034737559e+01
1.283181007752628489e+02 6.580236755905255563e+01 4.529076221889734200e+01
1.628022181942914415e+02 4.665592205377866897e+00 -3.907536174735616186e+01
1.092700169446474945e+02 4.491467987254375061e+01 2.494784673406763176e+01
1.910445948619583589e+02 -2.988105555821288917e+01 -4.908874477964305072e+01
1.115828535653819813e+02 5.839459942009815308e+01 2.096993067433200864e+01
1.656953551997030161e+02 -2.234607436809617198e+01 -5.811752467120129495e+01
1.066986982831178494e+02 5.332782377995515333e+01 3.150329505069002067e+01
1.762784935508774140e+02 1.169149853248874660e+00 -4.051697693504851117e+01
1.146566937706351865e+02 6.239886934064587365e+01 1.934042738241241111e+01
1.093058226956681267e+02 5.582472870599276149e+01 2.725894001219357676e+01
1.080224078733055819e+02 5.198388744505293602e+01 3.053238187935855308e+01
1.761842173031008656e+02 -1.613158112219661433e+01 -2.507500098155918877e+01
1.563891563845601240e+02 7.805623177604266516e+01 -1.528767518363435940e+01
1.323647425056834095e+02 1.023958134628399108e+02 -5.312097528418692427e+00
1.356261437791852700e+02 5.542738505430624230e+01 1.911113014779593300e+01
1.911273838408678785e+02 -3.191808559214924301e+01 -4.665126235844171276e+01
1.350368761167225671e+02 2.063049161104362028e+01 1.290448786449509200e+01
9.137157006819614935e+01 2.616920335584923052e+01 5.453930879164497014e+01
1.487411236379391539e+02 6.944710176505732591e+01 4.219356178183996775e+01
1.507153671899961580e+02 -6.661892560170541344e+01 -1.382711839164650058e+01
1.476256824501043354e+02 6.889096417672993766e+01 4.434002870680249231e+01
1.445641429290723750e+02 -7.488926847174485601e+01 -2.740647439106154160e+00
1.470700056602894392e+02 6.889810029210406128e+01 4.611415958814916394e+01
1.757931088894202674e+02 1.648313552621268840e+01 4.007162254428175530e+00
1.446081417888920839e+02 6.682372262323045220e+01 5.035946576686919229e+01
1.002602083630564209e+02 6.370733216257126230e+01 5.233419911068666863e+01
1.733437378498030341e+02 -1.572973403157463324e+01 -2.691056246193951296e+01
1.595837628709939793e+02 -2.469210846431010964e+01 1.758471034560973223e+01
1.532375713301741484e+02 1.065472714137123589e+01 3.636297423449549626e+01
1.761881677560290882e+02 -2.708939147674593073e+01 -5.579832785969479403e+01
1.786975240491073293e+02 -2.360460985394728795e+01 -5.963299019649137733e+01
1.813076762588629549e+02 -2.059963981097189034e+01 -6.278824787389284268e+01
1.459149807728288977e+02 -7.435387964185768794e+01 -6.018423162986476171e+00
1.019902501634419991e+02 6.343908505084678495e+01 4.845696961458566676e+01
9.692134137388615045e+01 1.263372634068063505e+01 4.634245743248450111e+01
1.150571521916787390e+02 4.077614312699387966e+01 1.463814017524416400e+01
1.724322595186357603e+02 -1.371318111488543323e+01 -2.469662768328031888e+01
1.224930442883416930e+02 5.700727194552528942e+01 1.492713789991276130e+01
1.302541344638733563e+02 6.373614189988987278e+01 2.178047094053112076e+01
1.645603137567418344e+02 6.443581583184717942e+01 4.542633080715265947e-01
1.038078784381142725e+02 6.298770597924327319e+01 4.465512886914628154e+01
1.035986587433255579e+02 6.455509725848479263e+01 4.674904887600797565e+01
9.487538053705125662e+01 2.807154311250036116e+01 5.302203998233282078e+01
1.808753538639724070e+02 -1.626818069719361759e+01 -6.054716759151650507e+01
1.056541192971496343e+02 6.218170253262969993e+01 4.155776262203466587e+01
1.734117693775020825e+02 -1.477407539413466253e+01 -2.481035359936397100e+01
1.404856549688364282e+02 -6.622576569338380637e+01 -1.100584797660031633e+01
1.763559188439055276e+02 1.340036414658599639e+01 -3.127297348937972643e+01
1.526670046670541012e+02 -5.924481732488854391e+01 -4.536220589693362726e-01
1.515939014003924683e+02 -4.689415910435901935e+01 1.268685449984965175e+01
1.586125491885602514e+02 -1.247054040457201296e+01 4.300357846102960124e+00
1.112584625174851567e+02 4.445542982822272648e+01 2.424560689813159087e+01
1.099119296178035228e+02 4.613818528879306058e+01 2.879640918666757443e+01
9.713279547578271433e+01 2.744181794703327526e+01 5.284754765925173814e+01
1.174166091615479246e+02 6.261124433558312319e+01 2.025389925791895251e+01
1.438786436112308422e+02 5.347433985441620408e+00 5.553236139663368931e-01
1.389687664014899156e+02 -7.396175824674259047e+01 -2.214172093902599947e+00
1.328136993219758040e+02 -7.347647296130652705e+01 -9.074943749953666483e+00
1.495180657844398127e+02 5.843192776204085703e+01 6.155524523784345092e+01
1.096103793653841620e+02 5.680860263742216176e+01 3.405511190230917862e+01
1.082687458307271555e+02 5.981513122166937535e+01 3.995018304479287252e+01
1.062243414471108451e+02 5.835365329680281121e+01 5.106048390775463020e+01
1.318113640599805478e+02 9.979372036958864101e+01 2.612816216885427423e+00
1.230416635343426179e+02 3.975750686212294482e+01 3.739412501592094173e+01
1.057888008144151968e+02 6.144620803424287203e+01 4.562791755275279826e+01
1.314709097662587283e+02 1.025981985851882143e+02 1.359775506602201034e+00
1.257915476850990331e+02 4.659690316729218296e+01 5.037057212719069810e+01
1.174643931664223686e+02 8.396024089448498273e+01 2.776500790615381220e+01
1.124525179255489888e+02 4.306129008269657987e+01 2.443422066952102512e+01
1.855263403353427520e+02 -2.658903295827806090e+01 -5.416859561863195438e+01
1.220051454428663078e+02 8.726933967524971081e+00 5.095283131840116653e+01
1.867503999733012279e+02 -2.499475660401493826e+01 -5.636475767369064016e+01
1.163526831820251459e+02 7.943253935146933031e+01 2.884517838256143563e+01
1.169035442899429142e+02 8.192130657038011066e+01 2.715519640535645607e+01
1.054066730091293778e+02 6.611224008766967586e+01 4.960129449583633487e+01
1.575971504199151525e+02 -6.997513117780397351e+01 -8.509694184891388957e+00
1.245491126960740473e+02 7.851348794896506433e+01 2.638627877033433577e+01
1.716822854095498769e+02 4.186362996336015385e+00 2.176953960289060319e+01
1.478573862621202295e+02 6.513802988671757532e+01 5.372799747841776608e+00
1.354126968602093939e+02 4.808743221760416731e+01 1.340957507889690348e+01
1.096943558862256793e+02 5.808490018508921082e+01 3.881793068817599845e+01
1.378044668979855771e+02 8.107381576315169980e+01 -1.623211388793476218e+01
1.789535625833926531e+02 5.266391834004942929e+00 -2.473250898384474183e+01
1.212596869657955949e+02 6.802708487706721030e+01 2.596954476932782541e+01
1.761556719222859044e+02 4.060886778402103658e+01 4.363922221362465592e+01
9.533941483642709613e+01 1.773013701217386640e+01 6.770916764012326894e+01
1.522810406668876340e+02 -7.335258443951830998e+01 -5.959929841003939188e+00
1.170400381534996654e+02 7.994467424013370760e+01 3.035188768492803746e+01
1.365605210518124295e+02 7.894906432196074775e+01 -1.312907511077296974e+01
1.108010579342997488e+02 4.880086277420171825e+01 3.335901251491645780e+01
1.767633118751309098e+02 4.756655918990421128e+01 2.706659769916225855e+01
1.146472134705850578e+02 6.350077327778403458e+01 3.039610801393170902e+01
1.049080553426721849e+02 5.993721461847959375e+01 5.090407255436117850e+01
1.203376192077204649e+02 8.901246288532728101e+01 2.692867854762600643e+01
9.931977716988031091e+01 9.302930952184635061e+00 4.293896763972472286e+01
1.015459466264293837e+02 1.214963073586490339e+01 4.501742886069235539e+01
9.895431904632138753e+01 1.464260521850503949e+01 4.764366830109236872e+01
1.815327449737536654e+02 -2.213739860022746342e+01 -2.872649675533847713e+01
1.380194817037933888e+02 7.867021837927789818e+01 -1.375484751374836989e+01
1.215199975880713623e+02 5.483282651496161009e+01 1.562563291202664217e+01
1.378889279631108025e+02 8.120367617221214118e+01 -1.168564830073808380e+01
1.607842030710893653e+02 3.396859234496691471e+01 6.002491415700660582e+01
1.511973078377290847e+02 8.657414284146835826e+01 7.046336798776700050e-01
1.730804184046089063e+02 4.765174192901232431e+01 4.864858809684046292e+01
1.173323628393903562e+02 6.576013700823212105e+01 1.881250256092429041e+01
1.182763900962595187e+02 6.681670978412365969e+01 2.520527058309972546e+01
1.354097891384057277e+02 9.217343633180881568e+01 -2.304500966757216496e+00
1.344991418466212565e+02 -6.690169975089372656e+01 -1.475822872091504578e+01
1.154284473070024291e+02 6.290940186675125290e+01 3.330701793654110787e+01
1.120195837155547451e+02 5.933854051010021635e+01 3.706756276897508684e+01
1.366805982285858363e+02 -3.204269208994612228e+01 1.629986445886889257e+01
1.179762406072276804e+02 7.062300854015356322e+01 2.952519791912043701e+01
1.669268870107646592e+02 -2.580842714370110258e+01 -5.646451548677830345e+01
1.203785228055318726e+02 8.322095835285635701e+01 2.811166274662027575e+01
1.043285533916739780e+02 5.972260948741119080e+01 5.376905732044880892e+01
1.832085571632737242e+02 -3.659889040815719596e+01 -4.045746563478078173e+01
1.086263534257690253e+02 6.587010267544401643e+01 4.865038162279547862e+01
1.220566414719796313e+02 8.555044439444891680e+01 2.721338171519908400e+01
1.054109563451891063e+02 6.306478330773794028e+01 5.433115760248146131e+01
1.124997029414439282e+02 5.997660404015920932e+01 5.008119100088553921e+01
1.209351397096130825e+02 6.561211224531074038e+01 2.267965671048265719e+01
1.607746162438807573e+02 -1.056585217324015247e+01 6.103725113546420999e+00
1.647931159274334618e+02 5.554976195761059898e+01 5.644825116734031667e+01
1.089301263195913094e+02 5.809246374873325180e+01 4.758230710559279686e+01
1.917730941125893196e+02 -3.434106462724071918e+01 -3.617369178842500332e+01
1.936508239778436575e+02 -3.210675683662245206e+01 -3.473828175252724293e+01
1.077694025943245606e+02 5.650756644877628787e+01 4.940440662263501537e+01
1.187607149037325627e+02 1.117191980799429629e+01 4.099008068533479587e+01
1.756394239939172621e+02 1.407122819746932052e+01 -2.835813046514984137e+01
1.722263536435921480e+02 6.825398695685714223e+00 1.907472718505022158e+01
1.250614162395954736e+02 9.793904059127889639e+00 5.439195035194568106e+01
1.598882870191152676e+02 8.139260839670546943e+01 -3.330484237645555901e+00
1.578700139599758643e+02 -2.496482799046030721e+01 7.909053985361252259e+00
1.885393697209302957e+02 -2.289917240893339923e+01 -3.104764152338315242e+01
1.528912446465980395e+02 -3.240325115811140932e+01 1.503085324877210738e+01
1.441084061263591423e+02 -7.306621446251629948e+01 -9.244757298346288010e+00
1.208548294070613451e+02 4.104530249492007954e+01 1.930567204385898350e+01
1.397947912229669498e+02 7.342067737261331217e+01 -1.417116298174333622e+01
1.229935681835237631e+02 8.165703076719722731e+01 3.050100248171807493e+01
1.200769908718240941e+02 4.114131260102929133e+01 2.147951344934442375e+01
1.415553439144651122e+02 -6.925561445419069173e+01 -1.202006329214030167e+01
9.468298261177986319e+01 1.393200422906522817e+01 6.742216021965640493e+01
1.621886363506973794e+02 1.507575127172072094e+00 -3.313136615759760417e+01
1.392431967286557040e+02 8.375281577927394494e+01 -5.087300570608368488e+00
9.488315760687459033e+01 1.564875964774041250e+01 6.771913380573199959e+01
9.626202489691988262e+01 2.326988021031819898e+01 6.518266812215627226e+01
1.230679640055417394e+02 6.787831199547005667e+01 2.458144702331939868e+01
1.383808544414570463e+02 9.009297473216318508e+01 -2.470779046466390572e+00
1.367457006769206487e+02 9.368540133897360533e+01 1.145588145550739512e+00
1.350092246564661025e+02 6.276900031085833120e+01 1.889927361844183906e+01
1.408684607877456756e+02 3.333154470019854898e+01 6.083169093775491376e+01
1.218258871821627451e+02 7.257945068310969816e+01 2.747978829201858986e+01
1.116748876936092216e+02 5.715490649575677651e+01 4.396803958870179230e+01
1.091883567757928120e+02 5.627792361797423837e+01 4.937647029495487061e+01
1.098032975262007938e+02 5.501474050081742462e+01 4.790791607916978734e+01
1.109473392212535288e+02 5.704789336173998748e+01 4.840369085388539361e+01
1.588389120527900786e+02 7.560063069039546235e+01 -1.150530376271303723e+01
1.619555028276546977e+02 8.609469761565256007e-01 1.637264378653579655e+00
1.088436121550484188e+02 5.863233012448539938e+01 5.140694272795239783e+01
1.237598427142647353e+02 8.467380659798776321e+01 2.803248023574300873e+01
1.221756575054643434e+02 8.474378332365581912e+01 3.094114157750971117e+01
1.402890151174865707e+02 7.248910585759610115e+01 -1.129691570070809448e+01
1.723027568031070587e+02 -1.177224509638437278e+00 -1.435216672500700241e+01
1.376322811115074103e+02 9.464977801933581247e+01 3.068995097713913545e-01
1.188943512667300979e+02 6.592696606012178506e+01 3.407454759509436570e+01
1.709043412588459887e+02 -1.776316500910893836e+01 -2.982932807412421283e+01
1.110258322166288565e+02 5.525964959184767622e+01 4.638489214194045474e+01
1.537499605611251638e+02 -4.889979605907574722e+01 1.117514755840976193e+01
1.192043689214025903e+02 3.590164429163784376e+01 3.979457809865426299e+01
1.672301454183950398e+02 1.702485988008334061e+01 3.562549134656427441e+01
1.674823039988658593e+02 1.584336632581975479e+01 3.792011477167739741e+01
1.219294380426911175e+02 4.466032742095135433e+01 4.484454975456635850e+01
1.569621127243757712e+02 7.659363100616670295e+01 -1.039314028324810835e+01
1.755932817037645464e+02 4.894859813218540978e+01 2.932686149570022494e+01
1.389510445167890111e+02 9.192188084900499234e+01 3.600233826741874310e-01
1.646144175084049266e+02 2.945067988334172426e+01 2.110927894589378795e+00
1.745032095525632485e+02 5.830336541195159583e+01 3.614015367956353231e+01
1.512560919900824103e+02 -3.159694711582074689e+01 1.859397239300949067e+01
1.246697351872995796e+02 7.189911704893897593e+01 2.509392057260315312e+01
1.699252683696318513e+02 -1.892149047886717383e+01 -6.539315020406316137e+01
1.252987515308732327e+02 7.590817147890297178e+01 2.542578281539798013e+01
1.487841431234707841e+02 6.733266807520989516e+01 3.638094069503203798e+00
1.031721881248671195e+02 5.999950953812482446e+00 5.279392353930320070e+01
1.725399503942093702e+02 3.910277615847754618e+01 1.142678999818615182e+01
1.241737723585693374e+02 4.360572348767311013e+01 1.858492289355102400e+01
1.234662870779594499e+02 4.098123882244517091e+01 2.068844984393312458e+01
1.006608839920390039e+02 6.303951807475829838e+00 5.829290449462415324e+01
1.420048889033850514e+02 7.235350327469380716e+01 -9.214300215921030102e+00
1.523223419748035212e+02 2.566798769720199047e+01 1.317205941115432211e+00
1.264060543515249009e+02 5.000579145614372578e+01 1.769426079058307266e+01
1.478210752412835802e+02 6.274531813817320369e+01 -1.400397896264663267e+00
1.268632819351096543e+02 5.177068245517050826e+01 1.788180267107013677e+01
1.434055905286284371e+02 7.698182546549453775e+01 -2.128990688056662250e-01
1.367221953583692766e+02 4.773629246311011798e+01 9.304765257809592072e+00
1.405708354738472963e+02 8.042885003223454987e+01 -5.126796452512029312e+00
1.402757419928412048e+02 8.249106322404063008e+01 -3.500696174280163220e+00
9.702862198180643816e+01 1.503920542149216644e+01 6.884865484861846596e+01
1.662885885036123170e+02 5.425649569364732372e+01 5.609589605504265819e+01
1.329550847686305417e+02 -6.688964925340309264e+01 -1.617621654554748289e+01
1.398396948984239145e+02 9.032196651469642745e+01 -2.134024029143626322e-01
1.263341808760783778e+02 7.347438477295389703e+01 2.465914037543820569e+01
1.264348203539688313e+02 7.564043080556869825e+01 2.579361682342844375e+01
1.537508209986197016e+02 -7.160273285531803822e+01 -7.593797778230467088e+00
1.727622615595063849e+02 4.549584968266118068e+01 1.618859795411532332e+01
1.250403963873960436e+02 7.830419070295809547e+01 3.132366794344851257e+01
1.542718281252899146e+02 1.333203307529953818e+01 4.561226844453116769e+01
1.827926391278516292e+02 -1.854432363611990553e+01 -5.263004839959781833e+01
1.630914123900172399e+02 -4.641470300790843106e-01 -2.000196167601954400e+00
1.576873090182000396e+02 7.595526183141240040e+01 -1.372885385640932299e+01
1.793927754232612983e+02 -1.734471913567454493e+01 -4.467997909882160457e+01
9.882791624079088422e+01 1.230232979656276804e+01 6.743443780391976361e+01
1.394064578079693320e+02 2.889161942002224137e+01 6.117757426946301536e+00
1.590205982567368324e+02 7.353469060918479272e+01 -6.969767858630833146e+00
1.727150004596517192e+02 -1.913139891619287525e+01 -2.940204847111092334e+01
1.718173126244394098e+02 -1.734980052797840600e+01 -2.736746240517287632e+01
1.646046444446451460e+02 1.189676025202729637e+00 -4.310446127695261254e+00
1.716466934485403613e+02 -1.157614325900153140e+01 -2.482813820434737195e+01
1.562618202324622985e+02 -3.252987114510106892e+01 2.457162055603596684e+00
1.546397084929490120e+02 -3.181157809026086625e+01 4.435733203207364639e+00
1.547263774176915092e+02 -2.881728506020243330e+01 6.468466657316746193e+00
1.354518008846397663e+02 -6.489758788350532370e+01 -1.412160333570773219e+01
1.602653749128849370e+02 5.850549367401065837e+01 -5.412362846462260180e+00
1.412662464137671066e+02 -7.222392600939549823e+01 -2.508702332944971580e+00
1.706804493983067630e+02 -8.926227467647656511e+00 -4.172185013341425019e+01
1.263893533948646706e+02 3.958972452277419052e+01 2.215533653473037745e+01
1.250191802736617177e+02 4.137197913794978632e+01 2.409784064565626949e+01
1.289696021456496169e+02 5.114480414490515869e+01 1.645153278748764336e+01
1.496025115298559172e+02 2.837968467332942168e+01 5.095830395694883386e+00
1.633446927331257825e+02 2.715219303968338327e+00 -6.506699480156148407e-01
1.419766530986309476e+02 5.885578280067927892e+01 1.145190490573864395e+01
1.217837415090407234e+02 4.433356287932951290e+01 3.308888800310902667e+01
1.195150418186743480e+02 4.524216848958631232e+01 3.542567231308029108e+01
1.578645734198603918e+02 -7.342875593793388056e+00 2.773251571557185713e+01
1.635754597661579055e+02 -1.857379725229140632e+01 1.699853447006094953e+01
1.742374753155190490e+02 2.245166974298834717e+01 -1.798048449430281792e+01
1.567365651694087205e+02 8.651547121841134924e+01 -1.366393204934539796e+01
1.712557264653305253e+02 2.433045593052260358e+01 -1.020176926585935995e+01
1.218455462374713818e+02 2.922216594364450870e+01 4.557923168922324209e+01
1.444622458766293960e+02 7.483385559579627966e+01 5.159301295842750434e+00
1.659904672589522647e+02 4.056631783521842394e-01 -8.051025589963760609e-01
1.651680788794330397e+02 2.927949215221887513e+01 2.225256279223300382e+00
1.320212994638573036e+02 -7.280408334594561381e+01 -9.184582814690719132e+00
1.655432086482827287e+02 1.911794594364875088e-01 9.100700927064337975e-01
1.652816264832727597e+02 3.255882953612297115e+01 6.063564609341183242e+00
1.596168588738123333e+02 -5.477316325042296796e+01 4.209506076326238855e+00
1.313146565244411761e+02 6.346773261919566522e+01 2.518963870506554059e+01
1.565105914345992346e+02 5.531919007545035072e+00 -1.701866669041251257e+01
1.470397896836723532e+02 1.161108754007286237e+01 3.827106844820789178e+01
1.465024596820810530e+02 1.425532331157473109e+01 3.945831488595543135e+01
1.454876118412297217e+02 1.156293991588991688e+01 4.234234662124677584e+01
1.684501587869204968e+02 -2.395362778827763250e+01 -5.295312220608087017e+01
1.532524865839327788e+02 2.936146294318909256e+01 2.322773995138996739e+00
1.372477388775063503e+02 5.143877385327089513e+01 1.364803155846934146e+01
1.642952703845920723e+02 3.896014616298781874e-02 3.244032373175848250e+00
1.445174959344121248e+02 5.403088060677148974e+01 6.060784772570215750e+01
1.369756445910737739e+02 2.846781152694650885e+01 9.098395972435035617e+00
1.253389905591752580e+02 3.067736957717424673e+01 2.229350628955725355e+01
1.360579729517376109e+02 -7.404415386411874067e+01 -8.668761466086928991e+00
1.230004165056085270e+02 2.908876435624925705e+01 2.806134162185498582e+01
1.252674667136759581e+02 3.203235818565219262e+01 2.416015896635743587e+01
1.194560698732053368e+02 3.673307294934205913e+01 3.920215802171255604e+01
1.192259826935778051e+02 4.322246212495443984e+01 4.184249218065885145e+01
1.483407929372006606e+02 8.587140622842761672e+01 2.309961691210261847e+00
1.591990079083414571e+02 -6.867816070996004107e+00 2.859735997351040737e+01
1.511774549248243318e+02 -5.316954869854042443e+01 6.428461200022271171e+00
1.654901440141457840e+02 -5.516496487260214110e+01 -7.123571526784558294e+00
1.314934339419586138e+02 5.911934901403562037e+01 2.091125801859113764e+01
1.212241166864135948e+02 3.613999177336745561e+01 3.835630394038462754e+01
1.331822441089153131e+02 6.159113652694534835e+01 1.973283534192424682e+01
1.761374760827040120e+02 3.438109854657637499e+01 1.731994509162644746e+01
1.335111134852879502e+02 6.412743362440589578e+01 2.224244921500047312e+01
1.214548591708926892e+02 4.497458416338777454e+01 4.281982418706758153e+01
1.208613026374233925e+02 4.728046611483201644e+01 4.403168220808924360e+01
1.450536869251691314e+02 8.482474525709814372e+01 2.814418519344307867e+00
1.315617866212117804e+02 6.568505772595038650e+01 2.616125492027661181e+01
1.221922887382975205e+02 5.778660235272046464e+01 4.488904657847584190e+01
1.278613378540386520e+02 6.711308112485947674e+01 3.586573342235053730e+01
1.719951059416763144e+02 -2.063184063645153898e+01 -5.745913319344433035e+01
1.401731103183968514e+02 -6.729561932581216865e+01 -1.234342878411441902e+01
1.227053797701619970e+02 3.797029052431092566e+01 3.684501196193000538e+01
1.494663397411494259e+02 2.795954466969292085e+01 2.559291291071243535e+00
1.849324226678247953e+02 -3.682899431420946712e+01 -4.172959184693864643e+01
1.895330456725911858e+02 -2.795691401410922339e+01 -5.083734856071361463e+01
1.787763267677264025e+02 9.582677891348868826e+00 -5.832642776677700702e+00
1.674236547899071468e+02 -5.624409633993521851e+01 -1.100939903020274713e+01
1.834481609594443228e+02 -3.106621977121287159e+01 -3.647763627777931106e+01
1.834167810321689558e+02 -2.832947215551099518e+01 -3.521221635072849665e+01
1.713325438089206614e+02 -1.882648205444816725e+01 -6.696304794648432335e+01
1.610765763074794563e+02 -5.544508404224925613e+01 1.929113764298293177e+00
1.646247434051111327e+02 -5.067079866586083625e+01 -3.309461667108973160e+00
1.591400548830815751e+02 -5.311787818434358144e+01 3.085331038934751025e+00
1.722651583143219796e+02 -1.747169949353189722e+01 -5.958145125662359476e+01
1.724595361849377753e+02 -2.244225763980043453e+01 -5.398376421124102365e+01
1.398397470617320835e+02 5.000342502145672086e+01 7.460744527075554799e+00
1.516522772348484693e+02 2.738761657381547820e+01 2.005974499636922204e+00
1.788314218050327327e+02 3.591697544114882845e+00 -1.585101299794797214e+01
1.580631260429576344e+02 -2.513675753600939800e+01 1.520557864810132109e+01
1.779132539073369514e+02 3.206216645268633592e+00 -1.251900454900814630e+01
1.245832161989123676e+02 5.658174210518524916e+01 4.628005644894511761e+01
1.205905212750723052e+02 2.924335516085954367e+01 4.703522757026157564e+01
1.722059469911863516e+02 2.620645239998724563e+00 1.489357189281751204e+00
1.775195242125124935e+02 8.468726134902563984e+00 -3.820659992144262773e+00
1.588858641123665052e+02 -9.770647441664767285e+00 2.690158984765371031e+01
1.769847503636784154e+02 -4.849219461966907119e+00 -2.249057965683139670e+01
1.548493530473068347e+02 -3.204713797151355692e+01 6.447804661085887901e+00
1.404241081107820435e+02 4.755394964497315868e+01 5.435093043864588580e+00
1.370169342958665482e+02 5.497035590731177024e+01 1.571471077319475640e+01
1.254950865606773505e+02 2.368382284507312718e+01 3.365535456409173776e+01
1.276228445960202009e+02 6.090959958193353430e+01 5.092865135424853662e+01
1.473307659879496043e+02 6.926188537952981505e+01 4.315989472457797405e-01
1.193159072179648064e+02 2.777591699113665413e+01 4.803505749575966632e+01
1.467239074582830654e+02 7.425160149740619886e+01 2.467965111818864798e+00
1.453236085188744653e+02 4.610394417277262846e+01 3.787844753662104935e+00
1.473612677622786578e+02 7.785157565364741572e+01 3.362427577689150127e+00
1.546962568458805549e+02 1.153548231110110578e+01 4.376659477413525678e+01
1.723918774867955790e+02 3.972927586836938474e+01 1.199504311228109898e+01
1.439238273573907634e+02 7.823337407177837122e+01 2.606978716908016303e+00
1.495734441936916994e+02 8.776736250716706422e+01 8.724534241371362242e-01
1.332878724679807760e+02 6.577402462280926443e+01 3.479380659678962218e+01
1.245399669903700328e+02 5.527217225369207654e+01 4.594236557940301680e+01
1.305680346131757688e+02 6.660725237010808542e+01 3.706519491796350252e+01
1.762666569789529092e+02 9.047828126102830382e+00 -4.434377966118750791e+00
1.835890873007236621e+02 -3.480346506926242256e+01 -4.045585801785728819e+01
1.402591598273233160e+02 -7.405064498398137118e+01 -1.542080190459990341e+00
1.183687702455297597e+02 2.717781717453725321e+01 5.179519136901006249e+01
1.490334612905698748e+02 8.078679837989517409e+01 4.574870475749247767e+00
1.476327787138270082e+02 6.707240209365063777e+01 1.702078563562892555e+00
1.283736924821218679e+02 4.836667124324483069e+01 5.086081420587638746e+01
1.276630432685818022e+02 6.487025141787914606e+01 4.626931070336869567e+01
1.453784255112043127e+02 -6.617537341203910728e+01 -1.665818686535028448e+01
1.411344265383837353e+02 -3.954978414326958358e+01 2.525464045656420353e-01
1.573874780177413299e+02 7.369216003161207595e+01 -1.232723250302493767e+01
1.487686236868128731e+02 6.206909167568560548e+01 4.251596578604037724e+00
1.588149216608204313e+02 7.754283390198881420e+01 -1.298554535135624555e+01
1.405383423220599752e+02 1.672073040228979224e+01 4.830105311150163061e+00
1.225976263509155331e+02 2.991391141498646533e+01 4.716771507234643224e+01
1.213258444956966855e+02 2.868017033147599903e+01 4.914148480865591040e+01
1.500369840915273585e+02 7.123042330980858594e+01 2.725125245606490054e+00
1.505506369795270984e+02 7.534844547542553528e+01 3.020863561853715851e+00
1.236538643386045067e+02 3.575974619331753956e+01 4.864278920418367136e+01
1.531852399128404443e+02 7.481650293851021161e+01 3.013719929089731409e+00
1.499125357352318417e+02 7.747509990506263478e+01 3.264160756548241338e+00
1.238225346246333771e+02 3.795753512711049638e+01 4.774795107339118516e+01
1.512563365914055566e+02 7.938098354727158323e+01 2.969530160750410985e+00
1.262926552226117991e+02 6.146961888659173212e+01 4.916071505073645653e+01
1.313180036231071881e+02 6.843500345321054112e+01 4.396047386685183511e+01
1.360233085496476235e+02 -6.696230432448983549e+01 -1.706653365806853628e+01
1.585166449117197374e+02 -5.762362979397318341e+00 2.543453609752671696e+01
1.274793490836782865e+02 6.622872042585498775e+01 4.877750472059677378e+01
1.359614232466092290e+02 -6.414505755861611647e+01 -1.470694111057137832e+01
1.431720792251602745e+02 2.659245194007116098e+01 3.431547120036569254e+00
1.316869008312278595e+02 -7.508028624658952310e+01 -1.058309303292004344e+01
1.406307532666196494e+02 6.839348004869005138e+01 4.514611616473124656e+01
1.636838244941957043e+02 -2.319204436677347658e+01 -6.109554622169308402e+01
1.863323476641411105e+02 -1.818465490268118145e+01 -5.376837825625319311e+01
1.532963848143425878e+02 7.810192598252710638e+01 4.744477703724369277e+00
1.809013980929425429e+02 -1.555816213960065220e+01 -4.525035479162617946e+01
1.329207448830044598e+02 -7.193618616183113090e+01 -9.984544687065929125e+00
1.404142013862110616e+02 1.258589099823139534e+01 5.224705881199785296e+00
1.387386948429156917e+02 -6.700877614657950687e+01 -1.664363148387206692e+01
1.652889949585702425e+02 -2.421904524259312552e+01 -6.137369101119019632e+01
1.653346512632553242e+02 -2.368026743830390757e+01 -6.194640217391204118e+01
1.336781677511880559e+02 -7.277547495184673210e+01 -7.788842391301702861e+00
1.659517012720685614e+02 -2.263762154721624853e+01 -6.098191196024750838e+01
1.343634389012207464e+02 -7.068728449091844368e+01 -9.863288738334571093e+00
1.763508791473663564e+02 -1.291595720474816744e+00 -1.982759752697335642e+01
1.380700349258591757e+02 -6.349582230344613976e+01 -1.405029085816222612e+01
1.405903632110185413e+02 1.087853594381557976e+01 5.292919117449081057e+00
1.455607602384762629e+02 2.671777584442438069e+01 3.154408870319720393e+00
1.446726525014779554e+02 2.856778318289667595e+01 6.120448511432268646e+00
1.425531568268660010e+02 -7.577204777015633397e+01 -2.330910275086371719e+00
1.200302747956070419e+02 7.780223716503181564e+00 5.074330124703357114e+01
1.598442684540385130e+02 7.775466555829369497e+01 -1.093990038239344997e+01
1.596154174033181334e+02 8.149441996298003232e+01 -1.049910567598836586e+01
1.479501381617429843e+02 6.337194576314044525e+01 9.167294622278880922e+00
1.501079379098387676e+02 6.643328870396329933e+01 8.126091629179860831e+00
1.433095295300428234e+02 6.340998144339594944e+01 2.222129086502144446e+01
1.280670451970840702e+02 4.714301598146193584e+01 5.363294185212022569e+01
1.322082304850919172e+02 6.691460852790292790e+01 4.954484076651136348e+01
1.326742783506324770e+02 6.623804495935785042e+01 4.707385420556170885e+01
1.596774435214743448e+02 7.548652093235266136e+01 -9.072664811195997103e+00
1.249566484051541977e+02 3.683881277932240295e+01 4.756186542756578461e+01
1.508036571826721968e+02 -2.608387504533603618e+01 3.982344231699816106e+00
1.433380897834995551e+02 6.815085072383187992e+01 4.642629624751984352e+01
1.858959381095015715e+02 -2.004682877922812168e+01 -5.512193056528686697e+01
1.700595754949435445e+02 -1.979472125676263516e+01 -6.655744014196918101e+01
1.691912474358773011e+02 3.021825051602341006e+01 5.306872021913342508e+01
1.471416394756293187e+02 2.830076233831404053e+01 3.314764512086318504e+00
1.653168781683804696e+02 -6.352840637915058863e+01 -6.450146858104480962e+00
1.707736219548075098e+02 -1.876603441179674192e+01 -6.710753995524970605e+01
1.717683572224846102e+02 -2.031990875166881949e+01 -6.586459665086800896e+01
1.415037137002326517e+02 -6.758995530050587774e+01 -1.582788778579125832e+01
1.680286311394422114e+02 -2.453590774722316326e+01 -5.874899595354231252e+01
1.416600775059725947e+02 -6.135735025824742905e+01 -1.455030555079299504e+01
1.673659159659870852e+02 -2.236323094192387018e+01 -5.658145022182263517e+01
1.465654408191577431e+02 6.229680800131585983e+00 -2.218881493187784493e+00
1.229308226386330745e+02 9.136440229254361611e+00 5.380057319179758224e+01
1.345830663790065671e+02 1.640614269030612959e+01 5.631098493732385180e+01
1.539334144115106255e+02 6.842149580840415979e+01 7.772518157482357637e+00
1.276666948455404196e+02 2.667842279182024967e+01 5.312695902117200575e+01
1.467432286328933060e+02 6.398674959333582990e+01 2.137807923270351651e+01
1.449829049490614068e+02 6.337445446947236860e+01 2.271333314950001991e+01
1.301548730940679661e+02 4.676351284094697291e+01 5.306672842105411547e+01
1.361715422286185913e+02 6.784414473157174541e+01 4.410254776380438813e+01
1.713069335725167832e+02 -2.162978414873342103e+01 -6.376785430368577323e+01
1.559815183714230500e+02 8.999120742932944950e+00 -2.016143280849549058e+01
1.228853102378524937e+02 1.011766219180189630e+01 5.587272802032875063e+01
1.618583608025560352e+02 5.481502960172081274e+00 -3.362135416134549359e+01
1.740522606040280209e+02 -2.090985376062865697e+01 -6.414712177872263510e+01
1.568567713234106975e+02 6.744244707114040338e+00 -2.194582110950185694e+01
1.549955941409180298e+02 6.469748571597578746e+01 2.439057422951862719e+01
1.691125401342595467e+02 -2.612578583767085405e+01 -5.148921252515625469e+01
1.737801262797590596e+02 -2.285796099803227222e+01 -5.982342005062853474e+01
1.713800749859642281e+02 -1.771937380004920115e+01 -6.213303740373572026e+01
1.503024221247911782e+02 2.755734090863663255e+01 2.968482005788765754e+00
1.709876746695948384e+02 -1.876022438250831925e+01 -6.077377611007715075e+01
1.423604483487153232e+02 -6.062780160126545326e+01 -1.273920373503892201e+01
1.791305942972031744e+02 -2.410182753384232512e+01 -4.077875124801369822e+01
1.486009997702964540e+02 2.394463680285439544e+00 -2.937267980789787458e+00
1.699555649885557216e+02 1.722446682364393311e+01 3.784904553580764741e+01
1.388506415408954524e+02 -4.081730903995622839e+01 2.911584594917593805e+00
1.620032629433299007e+02 2.445555844556267289e+00 -3.578369042041596515e+01
1.379805109006078965e+02 6.586272595648674155e+01 4.993439197697242804e+01
1.756825222866493732e+02 1.242847962021628394e+00 -4.075074696079436620e+01
1.438291052194971655e+02 -4.942479225937746889e+01 -3.862007079087090844e+00
1.403535402746790908e+02 -7.217741669408491134e+01 -6.880480217135311882e+00
1.450834421651343575e+02 -6.009083402751465997e+01 -1.392955555131758771e+01
1.689251566923087466e+02 -2.425124076800802797e+01 -5.295254508911200020e+01
1.423232158482006469e+02 -6.371984329074306430e+01 -1.043327902464714896e+01
1.436040363700915350e+02 -5.947411447276086705e+01 -1.394651429750991412e+01
1.453134183173488623e+02 -5.916420643068008900e+01 -1.329938355293252350e+01
1.441772591255621307e+02 -5.994979615296153952e+01 -1.137802769112501622e+01
1.631603464826257550e+02 3.967519266657055788e-01 -3.482460584946628046e+01
1.627891235573525535e+02 -8.682261483430941951e-01 -3.027076025972583295e+01
1.670987116137406190e+02 9.695225648263155804e+00 -3.694438312468538044e+01
1.661452407090277745e+02 1.392733454458704401e+01 -3.328076712026569339e+01
1.561310658930014768e+02 1.850858178094370388e+01 -1.145152343703706066e+01
1.301443958287521525e+02 9.990416274333716373e+00 4.668037779152508904e+01
1.558673632921718308e+02 -7.137891760831551835e+01 -7.183646265882353887e+00
1.468005846128244514e+02 6.694856270922201702e+01 3.051831619883657254e+01
1.404868252652040042e+02 6.908804124604105823e+01 4.369379644798848261e+01
1.392148580535011888e+02 -3.428286866781309783e+01 1.668784114755009895e+01
1.423408410506309281e+02 -7.240757052650988612e+01 -5.941127991456221835e+00
1.614071707612228863e+02 -4.863933317424752545e+01 -1.088956989582112200e+01
1.729380896891793782e+02 -2.394257970225705279e+01 -6.040652722629533855e+01
1.555651514784402139e+02 -3.165236152794317448e+01 6.148241474460577116e+00
1.383522202085374317e+02 -7.599349767320580895e+01 -2.973852792147944513e+00
1.769859519924099516e+02 7.562684533304377510e+00 -4.095816171789179450e+00
1.386533481248317230e+02 -7.742799638191833367e+01 -3.576307572136662394e+00
1.420998744923547861e+02 -4.601235490996896260e+01 1.974936582213420166e-01
1.641438808125556079e+02 -2.598375166664603775e+00 -3.218552088023214708e+01
1.540617529016019489e+02 2.661214920162890962e+01 1.348066143470187939e+00
1.399208260425667731e+02 -7.382464424531241320e+01 -4.209827808384437375e+00
1.625245262080336772e+02 7.052220877584142045e+01 4.076813823851632712e+00
1.396083319782191836e+02 -7.321097920297329154e+01 -2.790243296546324636e+00
1.533383009427136017e+02 4.856244964317433244e+00 -4.186614419188582126e+00
1.484543585311210450e+02 -6.609463594522554786e+01 -1.270202983567841315e+01
1.747442461110340446e+02 -2.499086061716399598e+01 -5.920645665578901173e+01
1.758311968184528666e+02 -2.300325652494142403e+01 -6.107100059024887173e+01
1.757796907073018247e+02 -2.136771314239066299e+01 -6.249773183928380149e+01
1.395439374569917845e+02 -7.714971154624630856e+01 -3.469345071413489023e+00
1.704262589058367325e+02 -2.937513313036884099e+01 -5.130611040694456193e+01
1.726284486614499940e+02 -2.353021524915612872e+01 -5.715558787673026586e+01
1.417113682520593727e+02 -7.464594012811984669e+01 -4.597926102992355268e+00
1.425071220740219928e+02 -7.052629025691977915e+01 -4.447619588796355217e+00
1.439334467670690287e+02 -4.887364731404422002e+01 -9.067970543381758119e-01
1.630417818716537681e+02 -4.232938781136385664e+00 -3.016984350925842762e+01
1.697615299237169211e+02 8.797748972979203330e+00 -3.663708395903503856e+01
1.391669470553797225e+02 -3.242147638895507811e+01 1.663357429481899175e+01
1.689697427565386647e+02 1.853440548222173945e+01 -2.901312488075256724e+01
1.398380166743893653e+02 -1.246686984567127965e+01 2.229913140922359815e+01
1.325954412773949684e+02 1.045386959193371368e+01 4.842245695421484442e+01
1.657428484928065018e+02 6.227141989174946701e+01 -4.181138629352678215e+00
1.531456924451997850e+02 6.664444590441756588e+01 2.369372283100235776e+01
1.523217503421604135e+02 6.667939849719242318e+01 2.562402527975943656e+01
1.399583380703593321e+02 -1.082203291761873665e+01 2.098100583723531187e+01
1.711761531442265891e+02 -2.280483541145837378e+01 -5.007926019120993288e+01
1.744694530450470324e+02 -1.946710517435860766e+01 -5.477748918789826860e+01
1.481670630905351800e+02 -1.910111675273140364e+01 3.657266953471312476e+00
1.627338489222141220e+02 2.560876810826735195e+01 -1.475790873291103900e+01
1.659279957056909609e+02 -5.125406342895118428e+00 -2.935195562685636261e+01
1.687493088900015721e+02 -5.820994398960632310e+01 -1.005506025405066239e+01
1.478151253820969089e+02 -5.924900975425241967e+01 -8.586469610698415522e+00
