3.191234683990478516e+01 -1.959957294464111399e+01 2.420821940898895352e+00
3.055162239074707031e+01 -1.996860208511352397e+01 2.156924331188201815e+00
3.294685229133157378e+01 -1.852503148247214071e+01 2.101342215257532509e+00
3.212219878605434076e+01 -1.988918467930384892e+01 4.304015977042062069e+00
3.023000907897949219e+01 -1.940016031265258789e+01 8.090352416038513184e-01
3.084194787343342981e+01 -2.080032730102539062e+01 4.214546389049953490e+00
3.221749817697625673e+01 -1.794411458467182285e+01 5.603870527916833266e-01
3.308463802337646342e+01 -1.840731849670410014e+01 4.447316074371338246e+00
3.365588106427873782e+01 -1.758748000008719359e+01 2.472089937755039823e+00
3.055162239074707031e+01 -1.996860208511352397e+01 2.156924331188201815e+00
3.191234683990478516e+01 -1.959957294464111399e+01 2.420821940898895352e+00
3.023000907897949219e+01 -1.940016031265258789e+01 8.090352416038513184e-01
2.865442558288574304e+01 -2.046286819458007855e+01 2.241726007461547709e+00
2.948051834106445312e+01 -2.123059272766113281e+01 3.452247619628906250e+00
2.896499252319335938e+01 -1.945495185852050923e+01 8.466199517250061479e-01
3.084194787343342981e+01 -2.080032730102539062e+01 4.214546389049953490e+00
3.212219878605434076e+01 -1.988918467930384892e+01 4.304015977042062069e+00
3.058547642356471030e+01 -1.838576678225868477e+01 -1.470253622453463749e-01
3.294685229133157378e+01 -1.852503148247214071e+01 2.101342215257532509e+00
3.365588106427873782e+01 -1.758748000008719359e+01 2.472089937755039823e+00
3.191234683990478516e+01 -1.959957294464111399e+01 2.420821940898895352e+00
3.221749817697625673e+01 -1.794411458467182285e+01 5.603870527916833266e-01
3.348545455932617188e+01 -1.694241333007812500e+01 1.308152556419372559e+00
3.373184051513671733e+01 -1.750192794799804830e+01 3.820859766006469815e+00
3.308463802337646342e+01 -1.840731849670410014e+01 4.447316074371338246e+00
3.393242123252466769e+01 -1.625546324880499682e+01 2.218975023219460052e+00
3.212219878605434076e+01 -1.988918467930384892e+01 4.304015977042062069e+00
3.212219878605434076e+01 -1.988918467930384892e+01 4.304015977042062069e+00
3.084194787343342981e+01 -2.080032730102539062e+01 4.214546389049953490e+00
3.308463802337646342e+01 -1.840731849670410014e+01 4.447316074371338246e+00
3.191234683990478516e+01 -1.959957294464111399e+01 2.420821940898895352e+00
3.228414974212646626e+01 -2.036492347717285156e+01 6.260435843467712758e+00
3.276092126634385693e+01 -1.828532314300537109e+01 6.215741607877943053e+00
3.055162239074707031e+01 -1.996860208511352397e+01 2.156924331188201815e+00
3.294685229133157378e+01 -1.852503148247214071e+01 2.101342215257532509e+00
3.062829399108886719e+01 -2.228207376268174755e+01 4.589367270469665527e+00
3.023000907897949219e+01 -1.940016031265258789e+01 8.090352416038513184e-01
2.896499252319335938e+01 -1.945495185852050923e+01 8.466199517250061479e-01
3.058547642356471030e+01 -1.838576678225868477e+01 -1.470253622453463749e-01
3.055162239074707031e+01 -1.996860208511352397e+01 2.156924331188201815e+00
2.860065007209777832e+01 -1.832088828086853027e+01 2.717759023168279595e-02
3.191234683990478516e+01 -1.959957294464111399e+01 2.420821940898895352e+00
2.865442558288574304e+01 -2.046286819458007855e+01 2.241726007461547709e+00
3.221749817697625673e+01 -1.794411458467182285e+01 5.603870527916833266e-01
3.006888580322265625e+01 -1.737123489379882812e+01 -8.359360098838806152e-01
3.084194787343342981e+01 -2.080032730102539062e+01 4.214546389049953490e+00
3.062829399108886719e+01 -2.228207376268174755e+01 4.589367270469665527e+00
3.212219878605434076e+01 -1.988918467930384892e+01 4.304015977042062069e+00
2.948051834106445312e+01 -2.123059272766113281e+01 3.452247619628906250e+00
3.055162239074707031e+01 -1.996860208511352397e+01 2.156924331188201815e+00
2.920694804191589355e+01 -2.240582513809204102e+01 3.496904194355010986e+00
3.191234683990478516e+01 -1.959957294464111399e+01 2.420821940898895352e+00
3.119484901428222656e+01 -2.294586944580078125e+01 5.417853832244873047e+00
3.228414974212646626e+01 -2.036492347717285156e+01 6.260435843467712758e+00
3.221749817697625673e+01 -1.794411458467182285e+01 5.603870527916833266e-01
3.271246051788330078e+01 -1.638555204868316650e+01 1.173881648574024439e-01
3.348545455932617188e+01 -1.694241333007812500e+01 1.308152556419372559e+00
3.294685229133157378e+01 -1.852503148247214071e+01 2.101342215257532509e+00
3.058547642356471030e+01 -1.838576678225868477e+01 -1.470253622453463749e-01
3.365588106427873782e+01 -1.758748000008719359e+01 2.472089937755039823e+00
3.175716638565063477e+01 -1.597757291793823242e+01 -8.630419671535491943e-01
3.023000907897949219e+01 -1.940016031265258789e+01 8.090352416038513184e-01
3.191234683990478516e+01 -1.959957294464111399e+01 2.420821940898895352e+00
3.308463802337646342e+01 -1.840731849670410014e+01 4.447316074371338246e+00
3.373184051513671733e+01 -1.750192794799804830e+01 3.820859766006469815e+00
3.212219878605434076e+01 -1.988918467930384892e+01 4.304015977042062069e+00
3.276092126634385693e+01 -1.828532314300537109e+01 6.215741607877943053e+00
3.365588106427873782e+01 -1.758748000008719359e+01 2.472089937755039823e+00
3.392862079018041044e+01 -1.626662143908048819e+01 4.258150000321237805e+00
3.294685229133157378e+01 -1.852503148247214071e+01 2.101342215257532509e+00
3.191234683990478516e+01 -1.959957294464111399e+01 2.420821940898895352e+00
3.316269571640912517e+01 -1.633702356675091849e+01 6.176049176384420747e+00
3.365588106427873782e+01 -1.758748000008719359e+01 2.472089937755039823e+00
3.294685229133157378e+01 -1.852503148247214071e+01 2.101342215257532509e+00
3.348545455932617188e+01 -1.694241333007812500e+01 1.308152556419372559e+00
3.373184051513671733e+01 -1.750192794799804830e+01 3.820859766006469815e+00
3.393242123252466769e+01 -1.625546324880499682e+01 2.218975023219460052e+00
3.308463802337646342e+01 -1.840731849670410014e+01 4.447316074371338246e+00
3.392862079018041044e+01 -1.626662143908048819e+01 4.258150000321237805e+00
3.221749817697625673e+01 -1.794411458467182285e+01 5.603870527916833266e-01
3.356150817871093750e+01 -1.565595817565917969e+01 8.793399930000305176e-01
5.343526564538478851e-01 5.981664276123046875e+01 -4.818610153198242330e+01
3.845645301043987274e-01 6.121037864685058594e+01 -4.884372854232788086e+01
4.914707620938619237e-01 5.833433609008788778e+01 -4.737756576538085795e+01
5.572457151487469895e-01 6.156126728057861186e+01 -4.763109607696533487e+01
-1.073718503117561340e+00 6.056647300720214844e+01 -4.878827381134033203e+01
-1.597355917096138000e+00 5.976077222824096680e+01 -4.779678916931152344e+01
2.670614043871561538e+00 5.984137333763970190e+01 -4.778154860602484888e+01
-8.883264197243584404e-01 5.849631245930989820e+01 -4.719594277275933081e+01
2.258450292405628002e+00 6.118506767636253585e+01 -4.765920021420433272e+01
3.845645301043987274e-01 6.121037864685058594e+01 -4.884372854232788086e+01
5.572457151487469895e-01 6.156126728057861186e+01 -4.763109607696533487e+01
5.343526564538478851e-01 5.981664276123046875e+01 -4.818610153198242330e+01
-1.073718503117561340e+00 6.056647300720214844e+01 -4.878827381134033203e+01
-1.133260981904135711e+00 6.120767614576551807e+01 -4.754273605346679688e+01
2.258450292405628002e+00 6.118506767636253585e+01 -4.765920021420433272e+01
-1.597355917096138000e+00 5.976077222824096680e+01 -4.779678916931152344e+01
2.670614043871561538e+00 5.984137333763970190e+01 -4.778154860602484888e+01
4.914707620938619237e-01 5.833433609008788778e+01 -4.737756576538085795e+01
4.914707620938619237e-01 5.833433609008788778e+01 -4.737756576538085795e+01
-8.883264197243584404e-01 5.849631245930989820e+01 -4.719594277275933081e+01
2.087425730445168437e+00 5.850755101984197637e+01 -4.718727978793057787e+01
5.343526564538478851e-01 5.981664276123046875e+01 -4.818610153198242330e+01
5.721896220656002008e-01 5.766392920998966076e+01 -4.569219948263729236e+01
-1.597355917096138000e+00 5.976077222824096680e+01 -4.779678916931152344e+01
-1.350192960939909259e+00 5.777802959241365244e+01 -4.566132073653371748e+01
2.423191887991769100e+00 5.777407400948660410e+01 -4.563545263381231365e+01
2.670614043871561538e+00 5.984137333763970190e+01 -4.778154860602484888e+01
5.572457151487469895e-01 6.156126728057861186e+01 -4.763109607696533487e+01
3.845645301043987274e-01 6.121037864685058594e+01 -4.884372854232788086e+01
-1.133260981904135711e+00 6.120767614576551807e+01 -4.754273605346679688e+01
2.258450292405628002e+00 6.118506767636253585e+01 -4.765920021420433272e+01
5.343526564538478851e-01 5.981664276123046875e+01 -4.818610153198242330e+01
5.343526564538478851e-01 6.186687684059143066e+01 -4.564797711372375488e+01
-1.073718503117561340e+00 6.056647300720214844e+01 -4.878827381134033203e+01
2.670614043871561538e+00 5.984137333763970190e+01 -4.778154860602484888e+01
2.386024037996927749e+00 6.125570721096462989e+01 -4.559978569878472143e+01
-1.073718503117561340e+00 6.056647300720214844e+01 -4.878827381134033203e+01
-1.597355917096138000e+00 5.976077222824096680e+01 -4.779678916931152344e+01
-1.133260981904135711e+00 6.120767614576551807e+01 -4.754273605346679688e+01
3.845645301043987274e-01 6.121037864685058594e+01 -4.884372854232788086e+01
5.343526564538478851e-01 5.981664276123046875e+01 -4.818610153198242330e+01
5.572457151487469895e-01 6.156126728057861186e+01 -4.763109607696533487e+01
-8.883264197243584404e-01 5.849631245930989820e+01 -4.719594277275933081e+01
-2.313361678804670252e+00 6.003381184169224127e+01 -4.622539847237722910e+01
4.914707620938619237e-01 5.833433609008788778e+01 -4.737756576538085795e+01
-1.597355917096138000e+00 5.976077222824096680e+01 -4.779678916931152344e+01
-1.073718503117561340e+00 6.056647300720214844e+01 -4.878827381134033203e+01
-1.133260981904135711e+00 6.120767614576551807e+01 -4.754273605346679688e+01
-8.883264197243584404e-01 5.849631245930989820e+01 -4.719594277275933081e+01
-2.313361678804670252e+00 6.003381184169224127e+01 -4.622539847237722910e+01
5.343526564538478851e-01 5.981664276123046875e+01 -4.818610153198242330e+01
4.914707620938619237e-01 5.833433609008788778e+01 -4.737756576538085795e+01
3.845645301043987274e-01 6.121037864685058594e+01 -4.884372854232788086e+01
-1.303514735566245086e+00 6.133826722039116675e+01 -4.559121894836425781e+01
2.670614043871561538e+00 5.984137333763970190e+01 -4.778154860602484888e+01
2.258450292405628002e+00 6.118506767636253585e+01 -4.765920021420433272e+01
2.087425730445168437e+00 5.850755101984197637e+01 -4.718727978793057787e+01
3.346023797988891602e+00 6.008127466837564867e+01 -4.614772160847982008e+01
5.343526564538478851e-01 5.981664276123046875e+01 -4.818610153198242330e+01
2.386024037996927749e+00 6.125570721096462989e+01 -4.559978569878472143e+01
4.914707620938619237e-01 5.833433609008788778e+01 -4.737756576538085795e+01
5.572457151487469895e-01 6.156126728057861186e+01 -4.763109607696533487e+01
4.219141357823422034e+00 5.973493736668636700e+01 -4.549052007574783829e+01
-8.883264197243584404e-01 5.849631245930989820e+01 -4.719594277275933081e+01
4.914707620938619237e-01 5.833433609008788778e+01 -4.737756576538085795e+01
-1.597355917096138000e+00 5.976077222824096680e+01 -4.779678916931152344e+01
-1.350192960939909259e+00 5.777802959241365244e+01 -4.566132073653371748e+01
5.343526564538478851e-01 5.981664276123046875e+01 -4.818610153198242330e+01
5.721896220656002008e-01 5.766392920998966076e+01 -4.569219948263729236e+01
-2.313361678804670252e+00 6.003381184169224127e+01 -4.622539847237722910e+01
-1.073718503117561340e+00 6.056647300720214844e+01 -4.878827381134033203e+01
-1.133260981904135711e+00 6.120767614576551807e+01 -4.754273605346679688e+01
2.258450292405628002e+00 6.118506767636253585e+01 -4.765920021420433272e+01
2.670614043871561538e+00 5.984137333763970190e+01 -4.778154860602484888e+01
5.572457151487469895e-01 6.156126728057861186e+01 -4.763109607696533487e+01
2.386024037996927749e+00 6.125570721096462989e+01 -4.559978569878472143e+01
3.346023797988891602e+00 6.008127466837564867e+01 -4.614772160847982008e+01
3.845645301043987274e-01 6.121037864685058594e+01 -4.884372854232788086e+01
5.343526564538478851e-01 5.981664276123046875e+01 -4.818610153198242330e+01
2.087425730445168437e+00 5.850755101984197637e+01 -4.718727978793057787e+01
5.343526564538478851e-01 6.186687684059143066e+01 -4.564797711372375488e+01
-1.940187991749156637e+01 9.403096875277432787e+01 -2.976210784912109375e+01
-1.908765792846679688e+01 9.440079825265067370e+01 -3.107428468976701907e+01
-1.948136587703929123e+01 9.327740254121668784e+01 -2.822582334630629575e+01
-1.781714144620028506e+01 9.316851875998757748e+01 -2.980065311085094137e+01
-1.958340633616727899e+01 9.547754220401539271e+01 -3.111579659405876441e+01
-2.135486689480868350e+01 9.446116638183593750e+01 -2.931160441311923037e+01
-1.797629992167155066e+01 9.512588500976562500e+01 -3.089015833536783973e+01
-1.795640818277994910e+01 9.294416300455729640e+01 -2.856617736816406250e+01
-1.747692088076942696e+01 9.378294894569798146e+01 -3.099981368215460620e+01
-1.908765792846679688e+01 9.440079825265067370e+01 -3.107428468976701907e+01
-1.958340633616727899e+01 9.547754220401539271e+01 -3.111579659405876441e+01
-1.797629992167155066e+01 9.512588500976562500e+01 -3.089015833536783973e+01
-1.940187991749156637e+01 9.403096875277432787e+01 -2.976210784912109375e+01
-1.747692088076942696e+01 9.378294894569798146e+01 -3.099981368215460620e+01
-1.781714144620028506e+01 9.316851875998757748e+01 -2.980065311085094137e+01
-1.940162780068137494e+01 9.653618621826171875e+01 -3.027307770468971881e+01
-2.116971874237060547e+01 9.573951466878254735e+01 -3.106476736068725586e+01
-1.741552523562782540e+01 9.597870676141036483e+01 -3.006611171521638681e+01
-1.948136587703929123e+01 9.327740254121668784e+01 -2.822582334630629575e+01
-1.965073135920933467e+01 9.229348482404436993e+01 -2.712111186981201172e+01
-1.795640818277994910e+01 9.294416300455729640e+01 -2.856617736816406250e+01
-1.940187991749156637e+01 9.403096875277432787e+01 -2.976210784912109375e+01
-2.086367721557617116e+01 9.231174774169922159e+01 -2.707850952148437429e+01
-2.157482922871907505e+01 9.379686965942383381e+01 -2.774207776387532576e+01
-1.781714144620028506e+01 9.316851875998757748e+01 -2.980065311085094137e+01
-1.743567127651638415e+01 9.211195161607530224e+01 -2.766560141245524207e+01
-2.089117932319641113e+01 9.358509540557861328e+01 -2.627504324913024902e+01
-1.781714144620028506e+01 9.316851875998757748e+01 -2.980065311085094137e+01
-1.695404402414957801e+01 9.242184956868489110e+01 -2.980592473347981652e+01
-1.795640818277994910e+01 9.294416300455729640e+01 -2.856617736816406250e+01
-1.747692088076942696e+01 9.378294894569798146e+01 -3.099981368215460620e+01
-1.683278465270996094e+01 9.240621948242187500e+01 -3.097733497619628906e+01
-1.940187991749156637e+01 9.403096875277432787e+01 -2.976210784912109375e+01
-1.606091117858886719e+01 9.311050872802734091e+01 -3.083766021728515483e+01
-1.908765792846679688e+01 9.440079825265067370e+01 -3.107428468976701907e+01
-1.797629992167155066e+01 9.512588500976562500e+01 -3.089015833536783973e+01
-1.958340633616727899e+01 9.547754220401539271e+01 -3.111579659405876441e+01
-1.908765792846679688e+01 9.440079825265067370e+01 -3.107428468976701907e+01
-1.940162780068137494e+01 9.653618621826171875e+01 -3.027307770468971881e+01
-2.116971874237060547e+01 9.573951466878254735e+01 -3.106476736068725586e+01
-1.797629992167155066e+01 9.512588500976562500e+01 -3.089015833536783973e+01
-1.940187991749156637e+01 9.403096875277432787e+01 -2.976210784912109375e+01
-1.950098503960503393e+01 9.696139356825086963e+01 -2.932851833767361072e+01
-1.741552523562782540e+01 9.597870676141036483e+01 -3.006611171521638681e+01
-2.086367721557617116e+01 9.687875061035155966e+01 -2.948098754882812500e+01
-2.135486689480868350e+01 9.446116638183593750e+01 -2.931160441311923037e+01
-2.251997756958007812e+01 9.497912597656250000e+01 -2.870911788940429688e+01
-2.263213157653808594e+01 9.540793609619140625e+01 -2.956675148010253906e+01
-2.181747696616432819e+01 9.585043820467862474e+01 -2.998284868760542565e+01
-2.157482922871907505e+01 9.379686965942383381e+01 -2.774207776387532576e+01
-2.145863876342773580e+01 9.582576522827147869e+01 -2.790250806808471751e+01
-1.940187991749156637e+01 9.403096875277432787e+01 -2.976210784912109375e+01
-2.116971874237060547e+01 9.573951466878254735e+01 -3.106476736068725586e+01
-1.948136587703929123e+01 9.327740254121668784e+01 -2.822582334630629575e+01
-1.797629992167155066e+01 9.512588500976562500e+01 -3.089015833536783973e+01
-1.741552523562782540e+01 9.597870676141036483e+01 -3.006611171521638681e+01
-1.908765792846679688e+01 9.440079825265067370e+01 -3.107428468976701907e+01
-1.747692088076942696e+01 9.378294894569798146e+01 -3.099981368215460620e+01
-1.958340633616727899e+01 9.547754220401539271e+01 -3.111579659405876441e+01
-1.940162780068137494e+01 9.653618621826171875e+01 -3.027307770468971881e+01
-1.940187991749156637e+01 9.403096875277432787e+01 -2.976210784912109375e+01
-1.781714144620028506e+01 9.316851875998757748e+01 -2.980065311085094137e+01
-1.790483093261718750e+01 9.682079315185546875e+01 -2.913793182373046875e+01
-1.795640818277994910e+01 9.294416300455729640e+01 -2.856617736816406250e+01
-1.781714144620028506e+01 9.316851875998757748e+01 -2.980065311085094137e+01
-1.743567127651638415e+01 9.211195161607530224e+01 -2.766560141245524207e+01
-1.948136587703929123e+01 9.327740254121668784e+01 -2.822582334630629575e+01
-1.695404402414957801e+01 9.242184956868489110e+01 -2.980592473347981652e+01
-1.940187991749156637e+01 9.403096875277432787e+01 -2.976210784912109375e+01
-1.965073135920933467e+01 9.229348482404436993e+01 -2.712111186981201172e+01
-1.604787023862202844e+01 9.136518351236979640e+01 -2.795737663904825965e+01
-1.747692088076942696e+01 9.378294894569798146e+01 -3.099981368215460620e+01
-1.747692088076942696e+01 9.378294894569798146e+01 -3.099981368215460620e+01
-1.781714144620028506e+01 9.316851875998757748e+01 -2.980065311085094137e+01
-1.797629992167155066e+01 9.512588500976562500e+01 -3.089015833536783973e+01
-1.683278465270996094e+01 9.240621948242187500e+01 -3.097733497619628906e+01
-1.606091117858886719e+01 9.311050872802734091e+01 -3.083766021728515483e+01
-1.908765792846679688e+01 9.440079825265067370e+01 -3.107428468976701907e+01
-1.695404402414957801e+01 9.242184956868489110e+01 -2.980592473347981652e+01
-1.536577420485647139e+01 9.387017420718544258e+01 -3.033885142677708657e+01
-1.940187991749156637e+01 9.403096875277432787e+01 -2.976210784912109375e+01
