5.220718860626220703e+00 6.004936708722795657e+01 -4.440969576154436282e+01
6.271877262327405944e+00 5.972164111667208886e+01 -4.343143357170952612e+01
4.219141357823422034e+00 5.973493736668636700e+01 -4.549052007574783829e+01
4.435348598580611146e+00 6.113935751664011065e+01 -4.353719490452816387e+01
3.750488758087158203e+00 6.084150314331054688e+01 -4.500420379638671875e+01
5.894577503204345703e+00 6.079035568237304688e+01 -4.286011505126953125e+01
4.179240465164184570e+00 5.799621373956853887e+01 -4.511462922529740638e+01
3.346023797988891602e+00 6.008127466837564867e+01 -4.614772160847982008e+01
6.094576708475748283e+00 5.778841196695963589e+01 -4.331989720662434706e+01
6.271877262327405944e+00 5.972164111667208886e+01 -4.343143357170952612e+01
5.894577503204345703e+00 6.079035568237304688e+01 -4.286011505126953125e+01
5.220718860626220703e+00 6.004936708722795657e+01 -4.440969576154436282e+01
6.094576708475748283e+00 5.778841196695963589e+01 -4.331989720662434706e+01
7.048912028471629121e+00 5.979246409734090406e+01 -4.159557962417602539e+01
4.435348598580611146e+00 6.113935751664011065e+01 -4.353719490452816387e+01
6.164038467407226385e+00 6.119770393371582173e+01 -4.144501686096191406e+01
4.881369209289550426e+00 5.738420066833496236e+01 -4.430675506591796875e+01
6.705380494777973155e+00 5.761605629554161823e+01 -4.153991787250225087e+01
4.219141357823422034e+00 5.973493736668636700e+01 -4.549052007574783829e+01
3.346023797988891602e+00 6.008127466837564867e+01 -4.614772160847982008e+01
3.750488758087158203e+00 6.084150314331054688e+01 -4.500420379638671875e+01
5.220718860626220703e+00 6.004936708722795657e+01 -4.440969576154436282e+01
4.179240465164184570e+00 5.799621373956853887e+01 -4.511462922529740638e+01
2.386024037996927749e+00 6.125570721096462989e+01 -4.559978569878472143e+01
4.435348598580611146e+00 6.113935751664011065e+01 -4.353719490452816387e+01
2.423191887991769100e+00 5.777407400948660410e+01 -4.563545263381231365e+01
4.881369209289550426e+00 5.738420066833496236e+01 -4.430675506591796875e+01
4.435348598580611146e+00 6.113935751664011065e+01 -4.353719490452816387e+01
5.220718860626220703e+00 6.004936708722795657e+01 -4.440969576154436282e+01
5.894577503204345703e+00 6.079035568237304688e+01 -4.286011505126953125e+01
3.750488758087158203e+00 6.084150314331054688e+01 -4.500420379638671875e+01
2.616080772876739680e+00 6.191960201263427876e+01 -4.382219562530517720e+01
4.611607475280761648e+00 6.180959411621093835e+01 -4.156530761718750000e+01
6.271877262327405944e+00 5.972164111667208886e+01 -4.343143357170952612e+01
3.039412021636962891e+00 6.234924643380301035e+01 -4.200248118809291498e+01
4.219141357823422034e+00 5.973493736668636700e+01 -4.549052007574783829e+01
3.750488758087158203e+00 6.084150314331054688e+01 -4.500420379638671875e+01
4.219141357823422034e+00 5.973493736668636700e+01 -4.549052007574783829e+01
3.346023797988891602e+00 6.008127466837564867e+01 -4.614772160847982008e+01
2.386024037996927749e+00 6.125570721096462989e+01 -4.559978569878472143e+01
4.435348598580611146e+00 6.113935751664011065e+01 -4.353719490452816387e+01
5.220718860626220703e+00 6.004936708722795657e+01 -4.440969576154436282e+01
2.616080772876739680e+00 6.191960201263427876e+01 -4.382219562530517720e+01
4.179240465164184570e+00 5.799621373956853887e+01 -4.511462922529740638e+01
5.894577503204345703e+00 6.079035568237304688e+01 -4.286011505126953125e+01
5.894577503204345703e+00 6.079035568237304688e+01 -4.286011505126953125e+01
6.271877262327405944e+00 5.972164111667208886e+01 -4.343143357170952612e+01
6.164038467407226385e+00 6.119770393371582173e+01 -4.144501686096191406e+01
4.435348598580611146e+00 6.113935751664011065e+01 -4.353719490452816387e+01
5.220718860626220703e+00 6.004936708722795657e+01 -4.440969576154436282e+01
7.048912028471629121e+00 5.979246409734090406e+01 -4.159557962417602539e+01
4.611607475280761648e+00 6.180959411621093835e+01 -4.156530761718750000e+01
3.750488758087158203e+00 6.084150314331054688e+01 -4.500420379638671875e+01
6.094576708475748283e+00 5.778841196695963589e+01 -4.331989720662434706e+01
4.179240465164184570e+00 5.799621373956853887e+01 -4.511462922529740638e+01
4.881369209289550426e+00 5.738420066833496236e+01 -4.430675506591796875e+01
4.219141357823422034e+00 5.973493736668636700e+01 -4.549052007574783829e+01
2.423191887991769100e+00 5.777407400948660410e+01 -4.563545263381231365e+01
4.358251605715070198e+00 5.642057773045131341e+01 -4.336031532287597656e+01
5.220718860626220703e+00 6.004936708722795657e+01 -4.440969576154436282e+01
2.178152455223931305e+00 5.684924867418077099e+01 -4.428023274739583570e+01
3.346023797988891602e+00 6.008127466837564867e+01 -4.614772160847982008e+01
6.094576708475748283e+00 5.778841196695963589e+01 -4.331989720662434706e+01
3.346023797988891602e+00 6.008127466837564867e+01 -4.614772160847982008e+01
4.219141357823422034e+00 5.973493736668636700e+01 -4.549052007574783829e+01
3.750488758087158203e+00 6.084150314331054688e+01 -4.500420379638671875e+01
2.386024037996927749e+00 6.125570721096462989e+01 -4.559978569878472143e+01
2.670614043871561538e+00 5.984137333763970190e+01 -4.778154860602484888e+01
2.258450292405628002e+00 6.118506767636253585e+01 -4.765920021420433272e+01
2.087425730445168437e+00 5.850755101984197637e+01 -4.718727978793057787e+01
4.179240465164184570e+00 5.799621373956853887e+01 -4.511462922529740638e+01
2.423191887991769100e+00 5.777407400948660410e+01 -4.563545263381231365e+01
6.094576708475748283e+00 5.778841196695963589e+01 -4.331989720662434706e+01
4.881369209289550426e+00 5.738420066833496236e+01 -4.430675506591796875e+01
6.705380494777973155e+00 5.761605629554161823e+01 -4.153991787250225087e+01
6.271877262327405944e+00 5.972164111667208886e+01 -4.343143357170952612e+01
5.894577503204345703e+00 5.664456176757812500e+01 -4.157366256713866903e+01
4.358251605715070198e+00 5.642057773045131341e+01 -4.336031532287597656e+01
4.179240465164184570e+00 5.799621373956853887e+01 -4.511462922529740638e+01
5.220718860626220703e+00 6.004936708722795657e+01 -4.440969576154436282e+01
7.048912028471629121e+00 5.979246409734090406e+01 -4.159557962417602539e+01
