1.003268733423139452e+02 5.262218769385745532e+01 9.061523487376764052e+00
7.322695584066512708e+01 2.948384667351135136e+01 5.416884163710891897e+01
1.713135908014799327e+02 5.991149966460829290e+01 4.138848539625122669e+01
1.028721832585833624e+02 6.205152474616872382e+01 4.639618412437349804e+01
1.750483800211612220e+02 6.163201012524627487e+00 6.554977104249188002e+00
1.777937927039137662e+02 -1.971863855663968934e+01 -5.669772271505352990e+01
1.193174521344118375e+02 6.988523789080267079e+01 2.605308179118274126e+01
1.009434933455334544e+02 6.244597918494790179e+01 5.075392132404756040e+01
1.152859268660825904e+02 7.402330511374952948e+01 2.578161867576654487e+01
1.230172189270501235e+02 1.028661147756183567e+02 -3.459775626724291619e+00
1.549330345365846711e+02 2.147088431708211331e+01 5.490220814427900820e+01
1.354015869044881697e+02 2.570369195341064739e+01 5.585407946650363442e+01
1.049931156337565028e+02 5.137320708726255702e+01 6.975291969062137554e+00
1.379872441159859022e+02 7.768991237818086404e+01 -1.254750374251305445e+01
6.912789788379295430e+01 3.091927014169642973e+01 5.152039387932295966e+01
1.087102851000887824e+02 4.379454045591467093e+01 2.307143257588096930e+01
1.361279122121389946e+02 8.184154066934053162e+01 -1.314985902965354292e+01
1.768035786515095253e+02 -2.025507269601917315e+01 -5.975366253189893939e+01
1.988618671471779464e+02 -1.602043385678350873e+01 1.422399150827121161e+01
1.252447368167923969e+02 5.876852156639139224e+01 1.659559909215438722e+01
6.810381740426802821e+01 2.121486242715931070e+01 4.983203686967871704e+01
1.348263394179800514e+02 3.055378072528960587e+01 5.797396081658227729e+01
1.368069023737809573e+02 7.966349653674821241e+01 -1.454252553924691149e+01
1.559249844076393288e+02 -6.365763571855637792e+01 -1.684836637206036158e+01
1.163349943594770082e+02 7.378292226073256188e+01 2.922873296037119673e+01
1.312477585820704462e+02 6.168959348906975038e+01 1.962576096750006727e+01
6.764748627766226718e+01 2.258486466841082319e+01 5.086832077009860598e+01
9.834815543106697078e+01 5.235014936961020737e+01 8.890400529262091567e+00
1.220768794257139547e+02 4.129191326080417923e+01 3.634649453218512605e+01
1.074911929959599206e+02 5.494126205327781065e+01 2.602801143218295010e+01
1.697862948626790285e+02 7.407436519419304588e+00 -3.858390986263003697e+01
1.057745066492437900e+02 4.820582742293890277e+01 8.555550455180544134e+00
1.363005691335939957e+02 5.821296799815936396e+01 1.935758823643776338e+01
1.063303763833060884e+02 6.045494978414352971e+01 5.345658704403141570e+01
1.433318076220234900e+02 8.783509230175464211e+01 1.672252888696426965e+00
1.599071655475863167e+02 -6.234696234183528674e+01 -1.746169121293265292e+01
6.999972518731058813e+01 3.172049356796345876e+01 5.018963127290304982e+01
1.759180474368190232e+02 -3.260170989860131385e+01 -4.910978062169241554e+01
1.694891284624643220e+02 8.732995681621373407e+00 -3.735213670860348145e+01
7.625129354204720755e+01 3.400539076118293025e+01 5.931477934795924511e+01
1.693070535174181543e+02 -1.598777098445718714e+01 -2.998005703622554208e+01
1.506489295323713122e+02 -7.451332091972084015e+01 -4.624423160458990267e+00
1.093897398633007896e+02 6.307626198897732195e+01 4.069076530176013051e+01
1.355253571985388419e+02 2.832209885734713950e+01 5.613804692465173218e+01
7.867953374702862845e+01 3.131043323541018708e+01 5.828553287405638628e+01
7.590828479242782123e+01 3.602623985316756716e+01 6.030875951646638100e+01
6.875464824946894282e+01 2.966602291498118404e+01 5.313056310237207924e+01
1.764876165862378059e+02 -3.143511292026058257e+01 -5.068942436957098607e+01
1.538084764806102100e+02 6.978221635491530606e+01 -1.360718733527721014e+01
1.604516999560266015e+02 6.073026422978305305e+01 5.480872842083529406e+01
1.776448605181044798e+02 3.677255052048413830e+01 4.194328575940242843e+01
1.390175201999982164e+02 -7.141190669332128493e+01 -1.103167133278420309e+01
7.060596526563276143e+01 1.678350993713010553e+01 4.864951433492083055e+01
1.395291992928111995e+02 6.330964384399898393e+01 5.304524696924138283e+01
7.073593119502997695e+01 2.161171386501051472e+01 4.934437871532983877e+01
6.938336002012918868e+01 2.227212315384629449e+01 5.289870688494471551e+01
7.201941804859482943e+01 1.510295304713381270e+01 5.205526980400583170e+01
7.054552882994775587e+01 2.377900264108627937e+01 5.088871324394769147e+01
1.439187993896574653e+02 -1.846174140028181654e+01 3.977643301271776011e+00
1.791295113516196693e+02 -1.981722429748466396e+01 -6.075813394872216122e+01
9.828786372580401576e+01 4.984606856549398657e+01 1.206130969795084340e+01
8.539018879579731447e+01 2.645855597807924298e+01 5.593779833602312124e+01
7.096213459624388520e+01 3.037570952895439547e+01 5.202026985900986489e+01
1.261548614217722672e+02 7.791535295700191455e+01 2.740892865153456626e+01
1.766784894521349258e+02 4.139729771581504281e+01 4.573375726553240384e+01
9.705981592251734469e+01 4.987277858151646370e+01 1.209087120194057263e+01
1.642095111171030624e+02 5.840324396150059982e+01 5.455638533023568471e+01
1.338311267137275706e+02 1.014110999405447870e+02 -1.855550152509410466e+00
7.054577484161632128e+01 3.167454303448984376e+01 5.083276665288057217e+01
7.367330099266675347e+01 1.472713676380758940e+01 4.792764809371296764e+01
7.035445792136864895e+01 3.140307687286274074e+01 5.373780011902061204e+01
6.996436522958079252e+01 1.532581770942796240e+01 5.004882212072832459e+01
1.347504696817833860e+02 -6.829119477316294251e+01 -1.629832104182616348e+01
9.851828160539537294e+01 4.849771063679430227e+01 1.336603940093574749e+01
1.427655795074784635e+02 7.698927888842821687e+01 2.656846526089939431e+00
9.575098944112998822e+01 2.579955776784904131e+01 5.332495468503717717e+01
7.037353999272905014e+01 3.019164878333472046e+01 5.517489945028575704e+01
1.247968653526008893e+02 1.003573204987261818e+02 -3.395293414378479646e+00
1.768792534480034533e+02 1.202906628195089755e+00 -3.882527268315934066e+01
1.035981737750652201e+02 4.896666213929892564e+01 8.450253878676182495e+00
1.610043841140495715e+02 5.816719851151786003e+01 5.662904079092200504e+01
1.988470717665471170e+02 -1.916475636856354114e+01 1.438546685103595379e+01
7.183012701299143998e+01 2.944692378533726895e+01 5.626099793664211290e+01
1.519873938402324995e+02 -6.506106549223386537e+01 -1.612306983662833204e+01
1.826178733404029515e+02 -2.233331194820210186e+01 -6.093843050416695917e+01
1.610059043251418132e+02 -5.922511904274377770e+01 -1.732563318727559931e+01
1.001104144936255693e+02 5.299509674065564013e+01 1.121268438329575901e+01
1.338723318742017341e+02 -7.434060334947041326e+01 -9.382920717694414492e+00
1.807092076691389195e+02 -3.403920704905787176e+01 -4.615417271427138957e+01
1.685148003119454643e+02 4.182738064572816228e+01 9.792771083976163027e+00
1.421349055258268095e+02 6.341628321271237212e+01 5.461975676913530720e+01
1.197781046247730075e+02 7.934548565122778996e+01 2.842227973401698193e+01
1.429456603639590639e+02 4.605237558379980811e+01 3.971559157738083101e+00
1.279266451350355283e+02 9.943919801513882817e+01 -1.760389950271548187e+01
1.385283848823210064e+02 -6.933325364257518686e+01 -1.101734537962686389e+01
9.715229499699047722e+01 5.217825244584124533e+01 1.132828997334411625e+01
7.674959792831742789e+01 3.766352598909823968e+01 5.905664436183832322e+01
1.380132291872604355e+02 2.764007016673149053e+01 5.776397396224778902e+01
1.185883782049117912e+02 2.129300278761557763e+01 4.194893922025144661e+01
1.308865105478393218e+02 9.743997462199307336e+01 -1.863535272159619183e+01
1.841258212013264028e+02 -2.453396910609331627e+01 -5.756716790008816531e+01
1.751829702686566748e+02 -3.136225456042805249e+01 -4.773143179378628531e+01
7.251266557339427266e+01 1.885536146930714807e+01 5.131387936366281366e+01
7.353216454443078476e+01 2.091283983737971752e+01 5.102916788102950818e+01
7.312919321944039552e+01 2.279889605618590664e+01 5.242170844648592265e+01
7.200379326372011235e+01 2.244783829981220435e+01 5.442742929836109056e+01
1.578460144850198503e+02 3.857941262634589918e+00 -1.863794739652455945e+01
9.985996259562125488e+01 4.864186317690546701e+01 1.012205639122803902e+01
7.161635264509537535e+01 2.641081415744992711e+01 5.741342513741687981e+01
1.268451713391590800e+02 7.159988512469072930e+01 2.559808700244965252e+01
1.833452564637521789e+02 -3.438878752896262370e+01 -4.480023169599306954e+01
1.213249798636119294e+02 8.851673233394201645e+01 2.694160334295475678e+01
9.943223584885515720e+01 6.207230720170014138e+01 5.414060217487089943e+01
1.025855770760957455e+02 6.433666213095277442e+01 5.413981658198419211e+01
1.304926380249920612e+02 1.018367095600735723e+02 -1.382494995818837502e+00
9.782976242256762589e+01 5.311899292729642497e+01 1.026900169375247174e+01
2.002986862878930765e+02 -1.797111225823618952e+01 1.021901773602559160e+01
9.920152737817400634e+01 5.189071715244964622e+01 1.261740157882890045e+01
1.830066529267336080e+02 -2.042040905648256199e+01 -6.244907632415974064e+01
1.735397325389224932e+02 1.992045290251786671e+00 3.685134870584526823e+00
1.444295109523853569e+02 -3.135981799598718567e+01 2.099480304955643817e+01
1.434199089986749414e+02 6.493952531022499386e+01 5.234631107461189004e+01
1.935884198187912375e+02 -3.223527442549774946e+01 -4.241209801158338166e+01
7.478604636497770741e+01 1.196934827901111831e+01 5.317984132586074963e+01
1.352760056671899349e+02 -2.692958705521937901e+01 9.482136994142809527e+00
1.200424672941739317e+02 6.772314822125802891e+01 2.409388933114279752e+01
7.854787911265941602e+01 3.540291853317169313e+01 5.897333047543835960e+01
1.191283239602049235e+02 3.876936894816159906e+01 3.947666197367053087e+01
1.226322077610741417e+02 1.230703563330045824e+01 5.825408156339595678e+01
1.282139015776530755e+02 9.629212427659896889e+01 -1.322582922620288137e+01
1.975959883635409824e+02 -2.065730246039696638e+01 1.212115686350320232e+01
1.870163130742024293e+02 -2.892236785063773752e+01 -5.094832007455475065e+01
1.071643549858584663e+02 6.553547643326062655e+01 4.597304086200865214e+01
1.023515230725496394e+02 5.990872796758449681e+01 5.359913439235514687e+01
1.488560927322875784e+02 6.378780484220767732e+01 5.457330070684128032e+01
1.881341091394724572e+02 -2.728528178021979045e+01 -5.308805214794157479e+01
1.285689397243613428e+02 9.804598618996740811e+01 -1.852280861918870158e+01
1.265800376672515597e+02 6.969849157339957912e+01 3.308612437989206967e+01
1.599209204907149342e+02 -6.603302241980168219e+01 -1.182959498122815845e+01
1.476508968527280388e+02 6.212159598789861548e+01 5.674620747983655633e+01
1.081697738672268940e+02 4.858667675717287437e+01 7.516842472782231610e+00
1.670584791823777095e+02 -5.222103467908745245e-02 -1.019001403661529714e+01
1.526174201651339786e+02 5.092531804226469561e+00 3.124452716646729300e+01
1.900033425034322647e+02 -3.357828074069582414e+01 -4.450876361922937718e+01
1.310910723766673414e+02 1.028532234543775132e+02 -3.432555944663027603e+00
1.448228372466335827e+02 6.294723463846631262e+01 5.584963097655062825e+01
1.350898969106091272e+02 1.229350421252840064e+01 5.166254875544765923e+01
1.548916622085970971e+02 4.575436210270245851e+01 6.261547705477053682e+01
1.121688686905769430e+02 5.794263053830746912e+01 4.207884994370494525e+01
9.931273543737239606e+01 4.821069573472797742e+01 1.563447127616779042e+01
1.300776368551530311e+02 9.906654119462739061e+01 -1.612405444048584435e+00
1.647820765501619746e+02 6.129261894432223556e+01 3.990666341916444537e-01
7.880410433586558838e+01 3.338004422998624676e+01 6.259185883990411980e+01
1.104069688988347337e+02 5.012840534706581508e+01 9.123724210019140912e+00
1.981500147288240328e+02 -1.717320409846941232e+01 1.512152049753375138e+01
1.164184847561575396e+02 2.616478531737146795e+01 5.340154370428514596e+01
1.707524191282709296e+02 -2.431947625670124680e+01 -5.753348077573995312e+01
1.744290663766600460e+02 -1.853111118968753956e+01 -5.606319123391828896e+01
7.895655260411632526e+01 2.840401349253227536e+01 5.658540247287061220e+01
7.904661358952461114e+01 3.392557972867528093e+01 5.917318328925222204e+01
1.360301631019641491e+02 1.711880548606096752e+01 5.562013716617374826e+01
7.796887643514781985e+01 3.685434612081975558e+01 5.954169779083689207e+01
1.657621499862238750e+02 2.226551682652546660e+01 5.208362161601278473e+01
1.174096215518369917e+02 6.588361224953003159e+01 2.429599671772189851e+01
1.378431805271134181e+02 3.135484314021964991e+01 5.948854065838209237e+01
1.206866015182128535e+02 9.972770922689583983e+01 -9.670877175896796629e+00
1.669615888739403431e+02 -2.390708637932333502e+01 -5.500811800206138003e+01
1.645271937779689324e+02 2.995775531207593545e+01 2.497935093728839817e+00
1.422393937378044768e+02 7.896303083696818703e+01 1.608711042227593424e+00
1.668019394516869340e+02 -6.549203371809781515e+01 -1.194637561624766064e+01
1.744035622591570416e+02 4.000928481375444434e+00 4.554467395919926886e+00
1.386521382497436150e+02 3.773636102047871077e+01 6.014909217435636890e+01
1.796671658885891247e+02 -1.698477208840160912e+01 -6.506547034650577643e+01
9.012968073113952983e+01 2.636031261725269204e+01 5.891068755171725968e+01
1.211832559841925132e+02 8.775648650803033490e+01 2.868977507851962372e+01
1.783423963712849627e+02 3.382896906705435924e+01 2.691384095203095228e+01
1.019027746533728873e+02 6.489620325432291281e+01 5.048012350179006091e+01
1.231877852562399056e+02 9.917845498787610836e+01 -1.501229619067997056e+01
1.162889423334397492e+02 7.564230147807082005e+01 2.751624061411089173e+01
1.197208099350680186e+02 9.916796983503397200e+01 -8.540389640129410154e+00
1.364171069995096559e+02 1.497018602763133188e+01 5.387511205768242917e+01
1.209848469187757587e+02 1.010372375512665855e+02 -8.656307557771985017e+00
1.045091135648806926e+02 6.140874902983556183e+01 4.282943947474860380e+01
1.192319325324933175e+02 7.247312761744650800e+01 2.753746100051321832e+01
7.905817665226038571e+01 3.381269678347158703e+01 6.218776385672418883e+01
1.997234424238073416e+02 -2.152820727817614710e+01 1.293216587893834557e+01
1.882188574786967763e+02 -2.570328548737809626e+01 -5.477614203542117366e+01
1.655891392505396311e+02 -2.618375678141246610e+00 -2.245528070370114904e+01
1.706691003130086415e+02 2.383329840345530926e+01 4.721684028954529566e+01
1.221014376769675209e+02 1.018910871237460753e+02 -9.310301072408853074e+00
1.256380152508988743e+02 7.371996694413516593e+01 2.474142303795483855e+01
1.044440389801638247e+02 4.741917547108553066e+01 2.122294677616124403e+01
1.586314956288446467e+02 6.211952420370040784e+01 5.441444291223501040e+01
1.022212710133580487e+02 4.751401188729626313e+01 1.920009426303803579e+01
1.878400977144981425e+02 -2.414617710931193884e+01 -5.335619864520696609e+01
1.618642221413304867e+02 1.273064415456350851e+01 3.780684495905251907e+01
1.075720944176071754e+02 5.976144240744406488e+01 4.159567395539274060e+01
1.264479618937859300e+02 9.923331851158579298e+01 -1.679969728200286028e+01
1.259583940181385486e+02 9.738985591956479482e+01 -1.517416424078590076e+01
1.357924836320186444e+02 -7.105063033116098836e+01 -6.587443892166804815e+00
1.262535980249647167e+02 9.982738782426972080e+01 -1.502973630516567027e+01
1.120844374327660660e+02 5.395902271314158583e+01 4.447028309329950702e+01
7.938848336409516548e+01 2.898907566252927381e+01 6.372124966884365449e+01
1.242090737785583912e+02 9.849427615121598478e+01 -1.050382013209709164e+01
8.049645058390018448e+01 3.280114808604967180e+01 6.101260838118110996e+01
1.278352011336691163e+02 1.030618767601323071e+02 -2.419568959795145524e+00
1.241550763768332359e+02 1.021236347519966046e+02 -9.053067163785367910e+00
1.588721898681500875e+02 -6.402327679724785980e+01 -3.131695737818780856e+00
1.461135528631203044e+02 6.448124193876775223e+01 5.355018955222932675e+01
1.620094008961092982e+02 5.482184677435880360e+01 5.853022007036989294e+01
1.208774681743209669e+02 1.013350793586604084e+02 -1.071392728084973101e+00
1.567011904179377098e+02 -6.025811437799375625e+01 -1.718902458405477063e+01
1.470162814732793493e+02 -7.372363754003465885e+01 -2.411240391644929204e+00
1.013688328835834795e+02 6.174328749986359810e+01 5.514241827330556589e+01
1.664936910564114214e+02 -7.107700737858588802e+00 1.629996373391437103e+01
1.263478039202645249e+02 1.017585804136877243e+02 -1.170731856844071928e+01
1.184790664184486246e+02 6.859609351216978723e+01 2.745059196842954918e+01
1.830289703338273171e+02 -3.010508497487048984e+01 -4.993976361978252498e+01
1.503207746470524739e+02 -6.066062205364389825e+01 -3.663600605580962899e+00
9.060069240665355039e+01 1.109197199842203574e+01 4.925150149526540133e+01
1.179378349034241751e+02 8.579958712900912587e+01 2.919143931173157114e+01
1.982472779390241726e+02 -1.938272260353470600e+01 1.039746573878633384e+01
1.502846276779417281e+02 -5.823643766128606813e+01 -2.010545088456093588e+00
1.781563919613854239e+02 -2.102982564252376463e+01 -5.915604294415884112e+01
1.091043079189766445e+02 4.811762032691347457e+01 8.170469707770674717e+00
1.349227898008259388e+02 -6.948450845265183773e+01 -7.787687362788918044e+00
1.077278977929611301e+02 6.307099651731361689e+01 4.120756689841339693e+01
1.162804817313559482e+02 7.186637212539270081e+01 2.774433269147890257e+01
1.314606615365673292e+02 1.007475107960891023e+02 -1.582172132244822116e+00
1.699631700989658896e+02 2.284715335211938125e+01 4.706238490055585544e+01
1.291202333966001561e+02 9.903784196668969741e+01 -1.462544832957886598e+01
1.289624835344238249e+02 1.000223351168306181e+02 -1.293346873661801055e+01
1.273526493520787852e+02 9.805069191663022821e+01 -1.183066015372302360e+01
1.686639567240359554e+02 7.662868804020172675e+00 -3.905023465056538612e+01
8.752666418562307626e+01 2.413125659112757759e+01 5.448303052803650104e+01
1.409142682528540149e+02 1.258043350825147222e+01 3.814888373688427237e+01
8.077961908178511408e+01 2.888040949244847511e+01 6.426056189262787655e+01
1.262374232118643107e+02 1.019980994679105066e+02 -8.706652824893795994e+00
1.238292378750158633e+02 1.014944755085815302e+02 -1.482386337094643736e+00
1.231763115900053975e+02 1.031350771918787217e+02 -1.188513676327707103e+00
1.552063354442550462e+02 -3.987122814065637755e+01 1.361778803778199531e+01
1.564265136578138424e+02 -3.821791366839658366e+01 1.209057531380597439e+01
1.259731574518101809e+02 1.013250596459989907e+02 -4.986209291352937001e+00
1.725887927576512197e+02 -1.321212751383916562e+01 -4.057897536927512050e+01
1.406905084646400041e+02 -6.727423247373410220e+01 -6.217961655199066406e+00
1.355863253453984214e+02 2.849904098301738742e+01 5.583564601167675789e+01
1.546517125180896528e+02 2.325414482801673444e+01 5.741321403397309098e+01
1.810645216607246653e+02 -1.735045043353843042e+01 -6.273450009999746158e+01
1.786264762387644680e+02 3.629810418841463360e+01 2.859081178333205742e+01
1.999942022743050529e+02 -1.654098693867491576e+01 1.121411236184529514e+01
1.241392997193792951e+02 5.700737612576219249e+01 1.582856782330613399e+01
1.679644552433016997e+02 -5.501023317909941035e+00 -3.997974378394971495e+01
8.953172894603341092e+01 1.617737051595897668e+01 5.007752646046778722e+01
1.754254812349423673e+02 2.859247282328490769e+01 4.181847481114206744e+01
1.392447379460741388e+02 6.232162892175625757e+01 1.601965124394584450e+01
1.493241603073819590e+02 -6.478200254575294537e+01 -1.745329405369042064e+01
8.852566243558740666e+01 2.636068649666946939e+01 5.708900888259709916e+01
1.166434162737798204e+02 4.305878445039685687e+01 1.207231742546965592e+01
8.856237776691017416e+01 2.652265120597646941e+01 5.650448129854368062e+01
1.652778862367721899e+02 2.437215549814798621e+01 5.379557340698721646e+01
8.795791873947851514e+01 2.791950572508816109e+01 5.770219497310556278e+01
8.404056933721712142e+01 2.577778419281971978e+01 6.450709317313955182e+01
8.534120426132672321e+01 2.750140582200468131e+01 6.288602157194530662e+01
1.287550364274154617e+02 9.846911799017595968e+01 -6.374950028133271829e+00
1.297546206378706302e+02 1.007763194228838870e+02 -7.869846910271650842e+00
1.276074735588454843e+02 1.000294918267478295e+02 -5.233820785498341621e+00
1.292412922547346454e+02 1.021608397496909930e+02 -5.879493662491138473e+00
1.269080062300405274e+02 1.012304744172827071e+02 -9.858411223581242666e-01
1.327980970236341989e+02 -6.826064382991660295e+01 -1.674611921397358572e+01
1.052513112800442912e+02 6.384508906189267918e+01 4.316758380159806308e+01
8.893243143865916522e+01 1.210274144832164644e+01 5.030656755583206774e+01
8.932703514440811432e+01 2.461603286981200611e+01 5.446149599335623037e+01
1.149040313242180389e+02 4.513413835638563398e+01 1.080324003717394987e+01
1.288580673150155746e+02 1.033708549288371188e+02 -4.275155336345333623e+00
1.081941005436484318e+02 6.081246584591028892e+01 5.282959112505892563e+01
1.404409362955342431e+02 1.259576235595911164e+01 3.998841403323766741e+01
1.049401486658312592e+02 5.796738726094518768e+01 5.233448998309289379e+01
1.062727982029732914e+02 6.067195814540315268e+01 4.058296273514802266e+01
1.067379996776087978e+02 6.080100765300003474e+01 4.340798838000048931e+01
1.737958450273604001e+02 -3.097415717979285787e+01 -5.197010920198770378e+01
1.306402093236759470e+02 1.028152695012718709e+02 1.173712542615795940e+00
1.115964683983792156e+02 5.893887371414753318e+01 1.828966672094269796e+01
1.434738761657359021e+02 5.349143030240153962e+01 8.766681826978388159e+00
1.126142260348440800e+02 6.070755620967856458e+01 1.760775733093982964e+01
1.208228906990402152e+02 6.879477046082359948e+01 2.705390669591214703e+01
1.343435455427955105e+02 -7.079007347775075232e+01 -7.061387584859395439e+00
1.118732225547999519e+02 6.057731606925803192e+01 1.964539774898783264e+01
1.885386726987869679e+02 -3.128047332742489317e+01 -4.772500753807783269e+01
1.152703684634771548e+02 4.332175009906050178e+01 1.088744916431528509e+01
1.092700169446474945e+02 4.491467987254375061e+01 2.494784673406763176e+01
1.910138733196388330e+02 -3.025060259011894459e+01 -4.827019148534822790e+01
1.115828535653819813e+02 5.839459942009815308e+01 2.096993067433200864e+01
1.156077909662213585e+02 2.025703496556270622e+01 6.037766561527607223e+01
1.656953551997030161e+02 -2.234607436809617198e+01 -5.811752467120129495e+01
1.146566937706351865e+02 6.239886934064587365e+01 1.934042738241241111e+01
1.080224078733055819e+02 5.198388744505293602e+01 3.053238187935855308e+01
1.911273838408678785e+02 -3.191808559214924301e+01 -4.665126235844171276e+01
1.350368761167225671e+02 2.063049161104362028e+01 1.290448786449509200e+01
9.318308829847561015e+01 2.803859616398308674e+01 5.497700256003727759e+01
1.445641429290723750e+02 -7.488926847174485601e+01 -2.740647439106154160e+00
1.757931088894202674e+02 1.648313552621268840e+01 4.007162254428175530e+00
1.446081417888920839e+02 6.682372262323045220e+01 5.035946576686919229e+01
1.002602083630564209e+02 6.370733216257126230e+01 5.233419911068666863e+01
1.810850711108745372e+02 -1.980882113269299083e+01 -6.403255989941315818e+01
1.761881677560290882e+02 -2.708939147674593073e+01 -5.579832785969479403e+01
1.786975240491073293e+02 -2.360460985394728795e+01 -5.963299019649137733e+01
1.459149807728288977e+02 -7.435387964185768794e+01 -6.018423162986476171e+00
1.019902501634419991e+02 6.343908505084678495e+01 4.845696961458566676e+01
1.150571521916787390e+02 4.077614312699387966e+01 1.463814017524416400e+01
1.645603137567418344e+02 6.443581583184717942e+01 4.542633080715265947e-01
1.038078784381142725e+02 6.298770597924327319e+01 4.465512886914628154e+01
1.035986587433255579e+02 6.455509725848479263e+01 4.674904887600797565e+01
1.804112647163150314e+02 -1.673356753821461496e+01 -6.080665163358865755e+01
1.056541192971496343e+02 6.218170253262969993e+01 4.155776262203466587e+01
1.404856549688364282e+02 -6.622576569338380637e+01 -1.100584797660031633e+01
1.526670046670541012e+02 -5.924481732488854391e+01 -4.536220589693362726e-01
9.481989216061427328e+01 2.855244406487404873e+01 5.365257223344135440e+01
1.254494584299771986e+02 8.009287199544536406e+01 2.926669257238435762e+01
1.112584625174851567e+02 4.445542982822272648e+01 2.424560689813159087e+01
1.438441436762166745e+02 7.442431365267806598e+01 -2.446988556043686813e+00
9.713279547578271433e+01 2.744181794703327526e+01 5.284754765925173814e+01
1.389687664014899156e+02 -7.396175824674259047e+01 -2.214172093902599947e+00
1.082687458307271555e+02 5.981513122166937535e+01 3.995018304479287252e+01
1.062243414471108451e+02 5.835365329680281121e+01 5.106048390775463020e+01
1.318113640599805478e+02 9.979372036958864101e+01 2.612816216885427423e+00
1.057888008144151968e+02 6.144620803424287203e+01 4.562791755275279826e+01
1.314709097662587283e+02 1.025981985851882143e+02 1.359775506602201034e+00
1.174643931664223686e+02 8.396024089448498273e+01 2.776500790615381220e+01
1.031876972753359212e+02 6.101835780688487887e+01 5.152326597764754723e+01
1.124525179255489888e+02 4.306129008269657987e+01 2.443422066952102512e+01
1.855263403353427520e+02 -2.658903295827806090e+01 -5.416859561863195438e+01
1.867503999733012279e+02 -2.499475660401493826e+01 -5.636475767369064016e+01
1.169035442899429142e+02 8.192130657038011066e+01 2.715519640535645607e+01
1.054066730091293778e+02 6.611224008766967586e+01 4.960129449583633487e+01
1.575971504199151525e+02 -6.997513117780397351e+01 -8.509694184891388957e+00
1.245491126960740473e+02 7.851348794896506433e+01 2.638627877033433577e+01
1.172760595443593701e+02 7.079331835035142717e+01 2.497705979339166049e+01
1.354126968602093939e+02 4.808743221760416731e+01 1.340957507889690348e+01
1.096943558862256793e+02 5.808490018508921082e+01 3.881793068817599845e+01
1.099781563545507765e+02 6.129277960456226282e+01 3.932892560600900822e+01
1.380882627413411399e+02 8.149594006645149591e+01 -1.618926348162023032e+01
1.789535625833926531e+02 5.266391834004942929e+00 -2.473250898384474183e+01
1.212596869657955949e+02 6.802708487706721030e+01 2.596954476932782541e+01
1.522810406668876340e+02 -7.335258443951830998e+01 -5.959929841003939188e+00
1.365605210518124295e+02 7.894906432196074775e+01 -1.312907511077296974e+01
1.049080553426721849e+02 5.993721461847959375e+01 5.090407255436117850e+01
1.203376192077204649e+02 8.901246288532728101e+01 2.692867854762600643e+01
1.380194817037933888e+02 7.867021837927789818e+01 -1.375484751374836989e+01
1.378696851936399526e+02 8.109461348419065985e+01 -1.155627221408563443e+01
1.607842030710893653e+02 3.396859234496691471e+01 6.002491415700660582e+01
1.511973078377290847e+02 8.657414284146835826e+01 7.046336798776700050e-01
1.182763900962595187e+02 6.681670978412365969e+01 2.520527058309972546e+01
1.344991418466212565e+02 -6.690169975089372656e+01 -1.475822872091504578e+01
1.120195837155547451e+02 5.933854051010021635e+01 3.706756276897508684e+01
1.179762406072276804e+02 7.062300854015356322e+01 2.952519791912043701e+01
1.176896441376073028e+02 7.322790227905522897e+01 3.105811471039463356e+01
1.669268870107646592e+02 -2.580842714370110258e+01 -5.646451548677830345e+01
1.203785228055318726e+02 8.322095835285635701e+01 2.811166274662027575e+01
1.043285533916739780e+02 5.972260948741119080e+01 5.376905732044880892e+01
1.086263534257690253e+02 6.587010267544401643e+01 4.865038162279547862e+01
1.220566414719796313e+02 8.555044439444891680e+01 2.721338171519908400e+01
1.927377007165314353e+02 -3.107620524313168175e+01 -4.367245573393437041e+01
1.124997029414439282e+02 5.997660404015920932e+01 5.008119100088553921e+01
1.182640167606871131e+02 7.554689002954856392e+01 3.211342062177467227e+01
1.647931159274334618e+02 5.554976195761059898e+01 5.644825116734031667e+01
1.089301263195913094e+02 5.809246374873325180e+01 4.758230710559279686e+01
1.214308094170513357e+02 8.134923347705976937e+01 2.812879543287579054e+01
1.077694025943245606e+02 5.650756644877628787e+01 4.940440662263501537e+01
1.444778978092297734e+02 -7.210819945806396447e+01 -9.281079394293044516e+00
1.245679139924701531e+02 8.128355603867531443e+01 3.067756777173202209e+01
1.415553439144651122e+02 -6.925561445419069173e+01 -1.202006329214030167e+01
9.626202489691988262e+01 2.326988021031819898e+01 6.518266812215627226e+01
1.230679640055417394e+02 6.787831199547005667e+01 2.458144702331939868e+01
1.350092246564661025e+02 6.276900031085833120e+01 1.889927361844183906e+01
1.195250114580718872e+02 6.669609687530706310e+01 3.068516674282594892e+01
1.218258871821627451e+02 7.257945068310969816e+01 2.747978829201858986e+01
1.362047063863572021e+02 9.555126563374305704e+01 2.454318335740053314e+00
1.116748876936092216e+02 5.715490649575677651e+01 4.396803958870179230e+01
1.091883567757928120e+02 5.627792361797423837e+01 4.937647029495487061e+01
1.098032975262007938e+02 5.501474050081742462e+01 4.790791607916978734e+01
1.109473392212535288e+02 5.704789336173998748e+01 4.840369085388539361e+01
1.088436121550484188e+02 5.863233012448539938e+01 5.140694272795239783e+01
1.237821440152853256e+02 8.086056365928149603e+01 2.764204647039743890e+01
1.244791177322859426e+02 8.234658408678758690e+01 2.658357027980184739e+01
1.237598427142647353e+02 8.467380659798776321e+01 2.803248023574300873e+01
1.227270467306564967e+02 8.608897607495902093e+01 2.943780459766644952e+01
1.110258322166288565e+02 5.525964959184767622e+01 4.638489214194045474e+01
1.282967975013528985e+02 6.172502934167485478e+01 1.945818591741758041e+01
1.192043689214025903e+02 3.590164429163784376e+01 3.979457809865426299e+01
1.253852591151250522e+02 8.028881372772876546e+01 2.580587724407113370e+01
1.246697351872995796e+02 7.189911704893897593e+01 2.509392057260315312e+01
1.699252683696318513e+02 -1.892149047886717383e+01 -6.539315020406316137e+01
1.252987515308732327e+02 7.590817147890297178e+01 2.542578281539798013e+01
1.264060543515249009e+02 5.000579145614372578e+01 1.769426079058307266e+01
1.182803396708964101e+02 1.541332024918490262e+01 4.110700686330621778e+01
1.434055905286284371e+02 7.698182546549453775e+01 -2.128990688056662250e-01
1.662885885036123170e+02 5.425649569364732372e+01 5.609589605504265819e+01
1.262308441746542798e+02 6.754701350690928052e+01 2.517629811933905160e+01
1.329550847686305417e+02 -6.688964925340309264e+01 -1.617621654554748289e+01
1.263341808760783778e+02 7.347438477295389703e+01 2.465914037543820569e+01
1.264348203539688313e+02 7.564043080556869825e+01 2.579361682342844375e+01
1.783123689488845969e+02 -3.340205582443500987e+01 -4.765940189396868476e+01
1.537508209986197016e+02 -7.160273285531803822e+01 -7.593797778230467088e+00
1.791980835196239354e+02 -3.167762204038433538e+01 -4.926763241848122021e+01
1.845429181874717415e+02 -1.854831484488129689e+01 -5.614531687697607509e+01
1.354518008846397663e+02 -6.489758788350532370e+01 -1.412160333570773219e+01
1.688178366628581273e+02 -2.396930136041207415e+00 -1.603871029216638533e+01
1.602653749128849370e+02 5.850549367401065837e+01 -5.412362846462260180e+00
1.412662464137671066e+02 -7.222392600939549823e+01 -2.508702332944971580e+00
1.706804493983067630e+02 -8.926227467647656511e+00 -4.172185013341425019e+01
1.207923518832007090e+02 4.272235897572205232e+01 3.541758420676853802e+01
1.635754597661579055e+02 -1.857379725229140632e+01 1.699853447006094953e+01
1.434648129674240522e+02 7.666359281939965342e+01 2.751345772248047439e+00
1.320212994638573036e+02 -7.280408334594561381e+01 -9.184582814690719132e+00
1.364933152265817000e+02 5.155974201677214808e+01 1.412070837308326077e+01
1.360579729517376109e+02 -7.404415386411874067e+01 -8.668761466086928991e+00
1.194560698732053368e+02 3.673307294934205913e+01 3.920215802171255604e+01
1.483407929372006606e+02 8.587140622842761672e+01 2.309961691210261847e+00
1.212241166864135948e+02 3.613999177336745561e+01 3.835630394038462754e+01
1.331822441089153131e+02 6.159113652694534835e+01 1.973283534192424682e+01
1.450536869251691314e+02 8.482474525709814372e+01 2.814418519344307867e+00
1.278613378540386520e+02 6.711308112485947674e+01 3.586573342235053730e+01
1.719951059416763144e+02 -2.063184063645153898e+01 -5.745913319344433035e+01
1.401731103183968514e+02 -6.729561932581216865e+01 -1.234342878411441902e+01
1.227053797701619970e+02 3.797029052431092566e+01 3.684501196193000538e+01
1.894640861953246258e+02 -2.962766174708315248e+01 -4.980040512982547085e+01
1.894861538063886712e+02 -2.789652591710882845e+01 -5.138486012799376823e+01
1.834167810321689558e+02 -2.832947215551099518e+01 -3.521221635072849665e+01
1.713325438089206614e+02 -1.882648205444816725e+01 -6.696304794648432335e+01
1.377141110945866842e+02 6.338258399396461584e+01 1.959923731409333314e+01
1.724329380771706042e+02 -1.838353528819201443e+01 -5.892196067500571388e+01
1.400852657722446111e+02 5.368465591378058832e+01 1.246748501727611469e+01
1.722059469911863516e+02 2.620645239998724563e+00 1.489357189281751204e+00
1.370169342958665482e+02 5.497035590731177024e+01 1.571471077319475640e+01
1.495734441936916994e+02 8.776736250716706422e+01 8.724534241371362242e-01
1.260933002448702354e+02 6.126435779695746220e+01 4.697027641704035972e+01
1.280422617987989611e+02 6.503808251619841485e+01 4.311082536264879650e+01
1.402591598273233160e+02 -7.405064498398137118e+01 -1.542080190459990341e+00
1.183687702455297597e+02 2.717781717453725321e+01 5.179519136901006249e+01
1.779088216463933634e+02 3.455738932701885346e+01 3.996982837625537144e+01
1.405383423220599752e+02 1.672073040228979224e+01 4.830105311150163061e+00
1.360233085496476235e+02 -6.696230432448983549e+01 -1.706653365806853628e+01
1.324937141452188030e+02 6.882135709914530253e+01 4.033600382535419726e+01
1.359614232466092290e+02 -6.414505755861611647e+01 -1.470694111057137832e+01
1.321425975869142917e+02 -7.400534724544883147e+01 -9.936328184999494439e+00
1.329207448830044598e+02 -7.193618616183113090e+01 -9.984544687065929125e+00
1.644570793051197484e+02 -2.368993852404428679e+01 -6.229064553629755352e+01
1.404142013862110616e+02 1.258589099823139534e+01 5.224705881199785296e+00
1.387386948429156917e+02 -6.700877614657950687e+01 -1.664363148387206692e+01
1.652889949585702425e+02 -2.421904524259312552e+01 -6.137369101119019632e+01
1.653346512632553242e+02 -2.368026743830390757e+01 -6.194640217391204118e+01
1.336781677511880559e+02 -7.277547495184673210e+01 -7.788842391301702861e+00
1.659517012720685614e+02 -2.263762154721624853e+01 -6.098191196024750838e+01
1.343634389012207464e+02 -7.068728449091844368e+01 -9.863288738334571093e+00
1.380700349258591757e+02 -6.349582230344613976e+01 -1.405029085816222612e+01
1.417478147728815543e+02 1.000453974774656629e+01 3.749281339068174290e+00
1.425531568268660010e+02 -7.577204777015633397e+01 -2.330910275086371719e+00
1.598442684540385130e+02 7.775466555829369497e+01 -1.093990038239344997e+01
1.596154174033181334e+02 8.149441996298003232e+01 -1.049910567598836586e+01
1.433095295300428234e+02 6.340998144339594944e+01 2.222129086502144446e+01
1.968265099786398480e+02 -1.795889633023084997e+01 1.063741991042998336e+01
1.858959381095015715e+02 -2.004682877922812168e+01 -5.512193056528686697e+01
1.700595754949435445e+02 -1.979472125676263516e+01 -6.655744014196918101e+01
1.707736219548075098e+02 -1.876603441179674192e+01 -6.710753995524970605e+01
1.655869895956433879e+02 -2.458647244157699063e+01 -5.745105571598368499e+01
1.331297694970724024e+02 -3.143743823602757814e+01 1.228577695264768721e+01
1.717683572224846102e+02 -2.031990875166881949e+01 -6.586459665086800896e+01
1.415037137002326517e+02 -6.758995530050587774e+01 -1.582788778579125832e+01
1.680286311394422114e+02 -2.453590774722316326e+01 -5.874899595354231252e+01
1.673659159659870852e+02 -2.236323094192387018e+01 -5.658145022182263517e+01
1.451224380167298591e+02 3.967327735729496041e+00 3.206285234832702002e-01
1.480498060892932699e+02 1.520531234685012478e+01 -1.281759650042960885e+00
1.345830663790065671e+02 1.640614269030612959e+01 5.631098493732385180e+01
1.590861210248088753e+02 7.983536900132355640e+01 -2.066847685089389763e+00
1.467432286328933060e+02 6.398674959333582990e+01 2.137807923270351651e+01
1.449829049490614068e+02 6.337445446947236860e+01 2.271333314950001991e+01
1.304683619236135428e+02 5.000543118474123361e+01 5.322364218332948127e+01
1.713069335725167832e+02 -2.162978414873342103e+01 -6.376785430368577323e+01
1.361473697473490461e+02 3.143735201428704329e+01 5.851773318609012620e+01
1.228853102378524937e+02 1.011766219180189630e+01 5.587272802032875063e+01
1.740522606040280209e+02 -2.090985376062865697e+01 -6.414712177872263510e+01
1.715566447510368562e+02 -2.280025290450472752e+01 -5.862475017947499367e+01
1.713800749859642281e+02 -1.771937380004920115e+01 -6.213303740373572026e+01
1.709876746695948384e+02 -1.876022438250831925e+01 -6.077377611007715075e+01
1.637561759676159454e+02 1.411599665164945616e+00 -3.661945008153274728e+01
1.756825222866493732e+02 1.242847962021628394e+00 -4.075074696079436620e+01
1.431444480055506574e+02 -6.977010398330575924e+01 -1.249242217947118760e+01
1.403535402746790908e+02 -7.217741669408491134e+01 -6.880480217135311882e+00
1.423232158482006469e+02 -6.371984329074306430e+01 -1.043327902464714896e+01
1.670987116137406190e+02 9.695225648263155804e+00 -3.694438312468538044e+01
1.432124450286665365e+02 -4.430974616974810232e+01 -1.681097213595044160e+00
1.526563358328437232e+02 2.341644622847820401e+01 -2.609631743567186746e-01
1.558673632921718308e+02 -7.137891760831551835e+01 -7.183646265882353887e+00
1.332393719120412356e+02 4.958893254119374205e+01 5.440496622336200971e+01
1.423408410506309281e+02 -7.240757052650988612e+01 -5.941127991456221835e+00
1.383522202085374317e+02 -7.599349767320580895e+01 -2.973852792147944513e+00
1.386533481248317230e+02 -7.742799638191833367e+01 -3.576307572136662394e+00
1.420998744923547861e+02 -4.601235490996896260e+01 1.974936582213420166e-01
1.399208260425667731e+02 -7.382464424531241320e+01 -4.209827808384437375e+00
1.396083319782191836e+02 -7.321097920297329154e+01 -2.790243296546324636e+00
1.533383009427136017e+02 4.856244964317433244e+00 -4.186614419188582126e+00
1.747442461110340446e+02 -2.499086061716399598e+01 -5.920645665578901173e+01
1.758311968184528666e+02 -2.300325652494142403e+01 -6.107100059024887173e+01
1.757796907073018247e+02 -2.136771314239066299e+01 -6.249773183928380149e+01
1.395439374569917845e+02 -7.714971154624630856e+01 -3.469345071413489023e+00
1.726284486614499940e+02 -2.353021524915612872e+01 -5.715558787673026586e+01
1.417113682520593727e+02 -7.464594012811984669e+01 -4.597926102992355268e+00
1.425071220740219928e+02 -7.052629025691977915e+01 -4.447619588796355217e+00
1.689697427565386647e+02 1.853440548222173945e+01 -2.901312488075256724e+01
1.429349927942723468e+02 7.488413442737508419e+00 2.180541583434848718e+01
1.328297817369917198e+02 2.973868507995053534e+01 5.477956727431341477e+01
