3.044199086250142905e+00 5.993059515445790453e+01 -4.627261717776034544e+01
-5.239870522946727505e+01 7.487095844502351838e+01 -4.897972083578304137e+01
1.483402071607873829e+01 7.499739058474277442e+01 2.969627364138339587e+01
-1.476071184022086058e+01 9.024147169930594714e+01 -3.035081468309675046e+01
5.593619426091511748e+00 1.155689702715192446e+01 2.722234567006428918e+01
3.236609109781556270e+01 -4.841777497631008487e+01 8.128251730385473550e+00
1.030914555097881191e+01 8.087714566682514317e+01 -2.492242717742919922e+01
-1.818201278917717190e+01 9.358187380704012526e+01 -3.039236178542628508e+01
1.146921348571777344e+01 8.447308731079101562e+01 -2.930123233795166016e+01
5.216202926635742188e+01 8.683157857259114110e+01 -3.853551355997721117e+01
-2.496005908648173133e+01 5.674461770057678223e+01 2.624783500035603723e+01
-3.080715916607831062e+01 6.355221846296980459e+01 8.365772517951759468e+00
5.524733505249023402e+00 5.695216506958007585e+01 -4.271424186706543225e+01
4.837269618899323120e+01 5.964885631827421264e+01 -2.485084369570709839e+01
-5.139132293701172216e+01 7.492190689086913835e+01 -5.396565879821777401e+01
-8.429747343063354492e+00 6.075376892089843750e+01 -3.170699191093444824e+01
5.063747135798136156e+01 6.271469275156656664e+01 -2.740572233994801721e+01
3.365622329711914062e+01 -5.060008107060971128e+01 6.083709571672522465e+00
-3.860070601105690002e+00 -4.142312616109848022e+00 5.518968677520751953e+01
1.197308733969023820e+01 6.554870882901278151e+01 -2.169312595598625393e+01
-5.679793596267700195e+01 6.662561511993408203e+01 -5.408771514892578125e+01
-2.939042864090357199e+01 6.866859279534754990e+01 7.961104735349997519e+00
5.046342263570645770e+01 6.007515400211985224e+01 -2.702236073191572885e+01
-3.058100306987762451e+01 -5.342741378148397047e+01 1.119717723131179810e+01
9.453898429870605469e+00 8.630134465144230660e+01 -2.692701589144193264e+01
1.422530414318216252e+01 6.876439114274650422e+01 -1.550137990096519758e+01
-5.680661460331508295e+01 6.839134815761021002e+01 -5.429054532732282468e+01
2.187833355820697268e+00 5.991806055151897681e+01 -4.808509975930918756e+01
-1.342044790585835834e+01 6.516844685872395360e+01 -1.390924533208211322e+01
-3.861251099904378314e+00 7.129005203247069744e+01 -3.331712443033854498e+01
3.420458837655874618e+01 -1.512818365830641554e+01 4.069036978941697136e+00
2.796142339706420898e+00 5.541656112670898438e+01 -4.088755264282226420e+01
1.425214263371058898e+01 6.517604391915457995e+01 -1.052013710566929383e+01
-1.905567735433578491e+01 9.294521260261535645e+01 -2.413788485527038574e+01
4.748568850147481157e+01 7.551501822958186949e+01 -1.584147984640938844e+01
-2.774130035028225194e+01 -5.342441344842678319e+01 1.434167689811892643e+01
-4.965174102783203125e+01 7.456038061777751125e+01 -5.383867661158243578e+01
1.845824317932128977e+01 -5.316031901041666430e+01 1.146724185943603480e+01
3.410243225097656250e+01 -1.329746103286743164e+01 4.095472931861877441e+00
-5.174416263286884288e+01 8.109340882912660220e+01 -4.486580061301206968e+01
1.356377957661946532e+01 -2.744834035237630232e+01 1.068435564041137731e+01
-4.765995559692382955e+01 -5.318599472045898580e+01 1.302980957031249964e+01
-7.699247264862060902e+00 8.643134765624999716e+01 -2.693041890462239607e+01
-2.929608099801199828e+01 6.570591445196242830e+01 8.191853931971959213e+00
-5.177906824747721259e+01 7.802189110649956660e+01 -4.267878087361653883e+01
-5.126901784436456211e+01 8.331074260843210766e+01 -4.508294335727033797e+01
-5.339985847473144531e+01 7.503907521565754735e+01 -5.346103477478027344e+01
2.047116291522979736e+01 -5.335423779487609863e+01 1.116527905066808124e+01
5.047892684936523722e+01 5.054221801757812216e+01 -9.797641029357910369e+00
2.061767748423985136e+00 8.573534066336495130e+01 2.518850776127406377e+01
2.443828194037727553e+00 5.676075338280719507e+01 3.916791235882303113e+01
-4.614873181856595608e+01 -5.308333220848670209e+01 -5.225682838891561044e-01
-5.779521028385605774e+01 6.212410851412041524e+01 -5.163050726957099101e+01
-3.586635565271182990e+00 8.978595313247369347e+01 5.208463250374307130e+00
-5.516213968637827492e+01 6.621830728891733031e+01 -5.197073725107554054e+01
-5.765031536554886316e+01 6.916703292070809539e+01 -5.185743726310083446e+01
-6.054331491507736018e+01 6.277403895060221117e+01 -4.872416903925876852e+01
-5.489832756736061725e+01 6.887053416859019705e+01 -5.185049341375177789e+01
-2.077216392517089716e+01 -4.059280271530151474e+00 1.863684358596801705e+00
3.553720206402717707e+01 -5.125496227183240450e+01 7.709651287565839617e+00
-1.517994064092636153e+00 6.001822280883789062e+01 -4.647714099884033345e+01
-5.056973713002306425e+01 7.182294123223486793e+01 -3.683104624646774994e+01
-5.132521155784870359e+01 7.454261437777815047e+01 -5.202619368454505633e+01
1.722763754681843196e+01 8.680066848382716671e+01 -1.943447852716213475e+01
2.452281042933464050e+00 6.281776364644368726e+01 3.911903381347656250e+01
-2.016372442245483398e+00 6.024486541748046875e+01 -4.757711410522460938e+01
2.279723734469027097e+00 8.323021656758076858e+01 2.883222750070932605e+01
5.454501225398136910e+01 8.508164567213792395e+01 -2.791052715594952005e+01
-4.988706054687499858e+01 7.484710388183593466e+01 -5.307951965332031108e+01
-5.737386016845702841e+01 5.963479549701397531e+01 -4.884050821157602229e+01
-5.206284346403899121e+01 7.649975981535735059e+01 -5.203826438056098169e+01
-5.990092639923095419e+01 6.199378051757812358e+01 -5.142181186676025106e+01
-4.241020653464577350e+01 -5.337291006608442956e+01 -6.974214239553972128e+00
-3.140165654095736336e+00 5.977829215309836997e+01 -4.553667637218128306e+01
3.977121734619140625e+01 6.796356964111328125e+01 -1.429737281799316406e+01
-4.507001174926757869e+01 6.809168609619140966e+01 -2.843830078124999972e+01
-5.377186864217122064e+01 7.647977956136067235e+01 -5.125595347086588305e+01
5.125694274902343750e+01 8.468996320452008320e+01 -3.652065622238885823e+01
3.331842934213033658e+01 -2.108852707467428189e+01 1.131841882845250602e+01
2.467040985822677612e+00 5.626215145804665241e+01 -4.300959196957674635e+01
-5.376948054347719941e-01 8.484605843680245130e+01 2.681339985983712282e+01
-5.954049631953239441e+00 -6.432487040758132935e+00 5.572204959392547607e+01
-5.437386339361017207e+01 7.637434109774503099e+01 -4.938984628157182044e+01
-3.353544145949343402e+01 -5.343731567707467889e+01 8.152265832779255206e+00
3.547950573356784076e+01 -5.381747903629224794e+01 1.116827127884845261e+01
-2.542146728778707399e+01 -5.112957303277377719e+01 1.491064640571331168e+01
1.764426252116327642e+00 6.160281023771866415e+01 -4.565675436932107800e+01
-5.116413106145085266e+01 -5.348829310649150415e+01 -4.051078267999597138e+00
1.752505119810713197e+01 -5.312511468440928297e+01 1.720179902746322398e+01
2.327636024475097543e+01 4.175072715759277031e+01 1.718451812744140739e+01
-3.512620404362678528e+00 9.046083482106526219e+01 8.178179482618967100e+00
1.488281191312349705e+01 8.950255389091296365e+01 -2.499656403370392610e+01
1.948186600208282471e+01 4.520819735527038574e+01 -8.876290023326873779e+00
6.136933151245116846e+01 7.456139892578124773e+01 -3.929098770141601449e+01
-4.504611929869040665e+01 -5.141681690705128460e+01 -1.275714669663172485e+00
-2.065514028072357178e-02 6.150576243681066302e+01 -4.815377987132352899e+01
-4.906723041069216862e+01 8.364002432474275395e+01 -4.507952397044112303e+01
-2.980058193206787109e+01 6.583068593343098485e+01 1.119655354817708393e+01
-3.114456418844369878e+01 5.400338275615985850e+01 -1.173887832348163229e+01
6.198873233795166016e+01 7.193699160489168776e+01 -3.673160847750577318e+01
3.246476865851360571e+01 -5.359973683564559366e+01 1.422542010182919725e+01
1.802786380686658418e+01 -5.123589227554646186e+01 1.117095009824062934e+01
-5.748838195800781392e+01 6.508876705169677734e+01 -4.915188426971435831e+01
-5.559186706542968892e+01 6.632020772298177747e+01 -4.866153628031413092e+01
-5.549029176885431269e+01 6.869515679099343686e+01 -4.875132803483442956e+01
-5.749645952078012101e+01 6.986341461768516581e+01 -4.890347055288461320e+01
1.391525253089698566e+01 -3.440437368444494215e+00 1.889571819756482141e+00
-3.554467331618070824e-01 5.763935518264770508e+01 -4.565751829147338725e+01
-5.713748948470406219e+01 7.482125390094259387e+01 -4.865361221976902328e+01
1.472912464971127733e+01 8.074562404466712451e+01 -1.857734414805536716e+01
1.747025369138133755e+01 -5.294120119055923368e+01 2.017959839957100954e+01
2.226724853515624858e+01 9.531655273437499432e+01 -2.560030612945556783e+01
-2.127444227686468281e+01 9.566186249930903784e+01 -3.033183029462706415e+01
-1.857485779126485070e+01 9.690357828140258789e+01 -2.783358085155487061e+01
5.315197644914899655e+01 8.621395015716552734e+01 -3.079631461415971927e+01
1.548254716396331832e+00 6.145119552612304403e+01 -4.811389579772949077e+01
-1.851728057861328214e+00 -8.370253944396973012e+00 5.516771545410156108e+01
-2.301648995624138716e-01 6.178576004810822297e+01 -4.574099193475185388e+01
3.784384346008300781e+01 -5.337204532623290731e+01 1.061700568199157679e+01
4.261244773864746094e+00 6.803497208489312165e+00 2.534071879916720960e+01
-3.998288983714823530e+01 -3.237735845604721163e+00 1.116303953832509599e+01
-5.259468670313557359e-01 8.999205223719279445e+01 8.187113086382547422e+00
2.137607272466023645e+01 -5.136244058609008789e+01 3.005458140373229980e+01
-6.214710820515950473e+01 6.067367502848307481e+01 -4.529565760294596544e+01
-3.324699189927842724e+01 -5.718296898735894196e+00 -2.417445752355787292e+00
1.053962465774181290e+01 7.788582007829532472e+01 -2.472861174649970550e+01
-4.971037743308327350e+01 8.159142754294656186e+01 -4.314543099836869544e+01
-1.827646045195750801e+01 6.567029551970652790e+01 -1.492040675725692367e+01
-4.599246924264090097e+01 5.681517846243722403e+01 -1.375270911625453285e-01
5.659770758110180111e+01 7.487934487326103294e+01 -3.678407642297577240e+01
-5.896791358788807891e+00 -8.804218769073486328e+00 5.390776920318603516e+01
2.647488594055175781e+01 -5.321316730732820588e+01 2.017470597247688247e+01
-1.055297374725341797e+01 9.197169318565956075e+01 -2.718206390967736041e+01
-2.110007493039394788e+01 9.322719411647065613e+01 -2.758619990247361287e+01
-5.353443929925560951e-01 8.968725903828938328e+01 1.416582943995793720e+01
2.937707888561746472e+01 -5.348547504259192209e+01 2.006936463065769516e+01
6.136055501302083570e+01 7.282351684570312500e+01 -3.886948521931966383e+01
8.455799501995707956e+00 8.405570433860602009e+01 -1.550406298526497828e+01
-3.379492498327184791e+01 -5.268505209463614136e+01 1.719030984242757043e+01
-3.513167366689565085e+00 8.997164870281608273e+01 1.421016626941914396e+01
4.691910096577236011e+00 5.468611471993582285e+01 -3.920416968209402597e+01
9.564302487806839892e+00 -2.503619871356270732e+00 1.420696033130992575e+01
-2.051519497581150375e+01 2.972373771667480469e+01 1.711473048251608020e+01
2.047439680708215448e+01 -5.315799347897793581e+01 2.617960755368496351e+01
5.539412803649902628e+01 8.560498886108398153e+01 -3.123914241790771484e+01
-3.539421592439924158e+00 9.046769340670839199e+01 1.117097227913992796e+01
-3.659994050730829684e+01 5.074842967157778872e+01 8.442535255266273353e+00
-1.479653995915463049e+01 8.010017756411903633e+01 2.561204829968904306e+01
-1.073282305399576764e+01 8.297221374511718750e+01 -2.307862472534179688e+01
-4.505526979764302276e+00 6.086740684509277344e+01 -4.386068852742513258e+01
5.139189425969527747e+01 8.402326292910818495e+01 -3.084010631755246834e+01
4.026566619873047159e+01 5.122463150024414347e+01 7.051451873779297053e+00
-5.328232574462890625e+01 8.229161071777343750e+01 -4.114484405517578125e+01
5.499809440813566930e+00 5.653042060450503925e+01 -3.677314684683816637e+01
-5.469100713729858398e+00 -4.345840573310852051e+00 5.508590888977050781e+01
-3.655017781257629395e+01 6.525942866007487453e+01 -9.819080412387847900e+00
2.718057844979422555e+01 -5.137134611947195850e+01 2.142099628278187229e+00
3.133531782362196338e+01 -4.659959114922417456e+01 5.167517238193088502e+00
-5.237019028774527385e+01 7.469548620179642739e+01 -4.267080005379609986e+01
-5.057241168551974653e+01 8.051622890896267393e+01 -4.238908979627821338e+01
-3.580658642450968188e+01 5.677203702926635742e+01 1.015042360623677631e+01
-4.940679147508409130e+01 8.314312871297200047e+01 -4.366019948323567945e+01
-1.821906491329795585e+01 5.391900514301500635e+01 3.475785988255550762e+01
8.184137645520662474e+00 7.701485362805817658e+01 -2.674100213301809248e+01
-2.867325735092163086e+01 6.977163648605346680e+01 1.117139184474945068e+01
5.336555677141461729e+01 8.088522829328265118e+01 -4.266487056187221327e+01
2.423491443287242575e+01 -4.888706016540527344e+01 -3.214959888295693680e-01
1.902976799011230469e+01 2.872672176361083984e+01 1.245742797851562500e+01
4.149775959361683420e+01 6.888654188676314050e+01 -1.549667691317471530e+01
-3.059972421328226844e+01 -5.339832178751627367e+01 2.326786418755849084e+01
5.298589070638020537e+00 8.748753781904254012e+00 2.616378998338130657e+01
-2.476484638214111200e+01 7.492317916870116790e+01 1.119244050979614258e+01
4.039658737182617188e+01 -5.189397811889648438e+01 6.023520231246948242e+00
-5.069154152503380573e+01 7.289666865422175590e+01 -3.134080226604755026e+01
2.057116145472372892e+01 9.586065919937625779e+01 -2.490647577470348750e+01
1.084330488134313519e+01 4.494456128720884180e+01 3.418174800166377025e+01
-1.606961817490427080e+01 9.512843884919819004e+01 -3.001195485968338872e+01
5.757306752886091061e+01 7.671976252964564935e+01 -4.248019354684011972e+01
1.174296656250953674e+01 8.664531958103179932e+01 -2.794381982088088989e+01
5.187307230631510180e+01 8.131881713867187500e+01 -4.299434661865234375e+01
-3.584615818659464281e+01 5.397755670547485352e+01 1.012363588809967041e+01
5.363770518583410052e+01 8.247591400146484375e+01 -4.218651872522690383e+01
-1.213843286037445068e+01 8.725489211082458496e+01 -3.021530026197433472e+01
1.092003674409827418e+01 8.379582821592993014e+01 -2.479604440805863419e+01
-5.263910293579101562e+01 8.232764053344726562e+01 -4.114484405517578125e+01
-6.125014079700816794e+00 -9.281563065268777279e+00 5.628733395663174832e+01
3.152799500359429175e+01 -5.335732311672634864e+01 1.922279569837782276e+01
1.549299197726779553e+01 -1.195988633897569464e+01 8.323887891239589720e+00
-1.202192319234212192e+01 5.129684219360351705e+01 3.698077621459960795e+01
5.506016540527343750e+01 8.254340362548828125e+01 -4.157366180419921875e+01
1.614599418640136719e+01 8.200471115112304688e+01 -2.033604431152343750e+01
-6.641465376008231836e+00 6.300114786399985434e+01 -3.685549365349535833e+01
2.464032684053693689e+00 8.682294432970942921e+01 2.317506560500787316e+01
-6.136530385297887413e+00 6.213870272916906146e+01 -3.969148602205164167e+01
3.141392758687337405e+01 -5.121927973429362169e+01 1.921617673238118584e+01
-1.632593704672420643e+01 3.826053574505974098e+01 2.693722096611471883e+01
-1.112147883006504578e+01 8.475523049490792005e+01 -2.769832897186279297e+01
6.010928775418189218e+01 7.513725625315019840e+01 -4.026889862552766175e+01
5.767179175482856124e+01 7.483247629801432765e+01 -3.977280273437499858e+01
-5.017147572835286695e+01 -4.951558558146158617e+01 -1.693574031194051033e+00
5.923069338117326765e+01 7.673434230259486810e+01 -3.982074061802455134e+01
-1.486326691508293152e+01 8.145846247673034668e+01 -2.158089208602905273e+01
-5.656210054670061282e+01 7.957040786743164062e+01 -3.949083083016531504e+01
5.456272074381510606e+01 7.888298695882161837e+01 -3.963488871256510748e+01
-5.191618821427628916e+01 8.059728632746515586e+01 -4.016702930347339873e+01
5.353949761897959547e+01 8.689961843287690613e+01 -3.379934879059486974e+01
5.586475112915039176e+01 8.256866729736327670e+01 -3.965280700683593551e+01
-3.872330325582753119e+01 -4.551498976997707047e+01 1.944722333161727335e+01
-5.264122203296545122e-01 8.998985788773516958e+01 1.117292273774438982e+01
-3.501097114189811510e+00 8.334293995732846838e+01 2.899853171472964064e+01
4.874924114772251471e+01 8.749746595110211445e+01 -3.926793888636997565e+01
-2.790008694192637506e+01 -5.117217271224312469e+01 1.124036944430807416e+01
-5.009695707048688718e+01 -5.063527107238769531e+01 1.052526521682739258e+01
-2.136491436004638800e+01 9.574649597167969262e+01 -2.813025142669677692e+01
-1.268515489214942527e+01 8.898686931246803766e+00 2.546603434426443968e+01
5.828082656860351562e+01 8.028346328735351278e+01 -3.869010696411132955e+01
8.231389501820439492e+00 8.090409618875254694e+01 -2.491773646810780463e+01
2.345146505037943641e+01 -5.286896117528279859e+01 1.716549406449000159e+01
-3.970296681722005161e+01 -4.198276731703016651e+01 1.100443138546413913e+01
-5.371114349365234375e+01 5.511389541625976562e+01 -3.248050944010416430e+01
1.769576414700212297e+01 9.518266427928003282e+01 -2.733264423238820129e+01
-3.687286582103995514e+00 -9.019153306650560253e+00 5.360489166614620871e+01
-3.928720279269748517e+01 -3.909001651340060590e+01 1.126844308641221737e+01
3.331754958111307019e+01 -5.102025662297787534e+01 7.663661397021749977e+00
4.339856624603271484e+00 5.459791292463030032e+01 -3.802566419328962155e+01
-4.873943178994314707e+01 -4.894631971631731204e+01 -3.201843244688851620e+00
-8.716126441955566406e+00 8.700689220428466797e+01 -2.822020024061203003e+01
9.209441512823104858e+00 8.391522383689880371e+01 -2.728233051300048828e+01
5.298894670274522412e+01 8.511087290445964015e+01 -2.983718151516384509e+01
-1.282557672612807309e+01 5.055655064302332136e+01 3.643233714384191302e+01
5.962189777080829600e+01 7.594975124261317490e+01 -3.695093125563401770e+01
5.905578163994682939e+01 7.778939276801214930e+01 -3.656088214450412011e+01
5.643227968215942525e+01 7.722891578674315838e+01 -3.726673822402953817e+01
3.422199293283316024e+01 -1.505594128828782274e+01 2.829349325253413205e+00
-5.020842615763346117e+01 6.880788675944010890e+01 -3.513513946533203125e+01
-2.510207229436830190e+01 4.156340798666310832e+01 8.199275327283283232e+00
-5.642699813842773438e+01 7.961481730143229640e+01 -3.800163650512695312e+01
5.639616335355318455e+01 8.237307269756610140e+01 -3.761533942589392865e+01
5.031357645988464355e+01 8.690879845619201660e+01 -3.679537081718444824e+01
5.088863956227022101e+01 8.844291238223804896e+01 -3.751651202931123663e+01
-3.610101267496744981e+01 -1.601292597452799527e+01 1.920853182474771970e+01
-3.355369949340820312e+01 -1.590264804022652712e+01 1.944025720868791751e+01
5.339691387078701013e+01 8.424480301294570950e+01 -3.624945244422325885e+01
2.366938722544702856e+01 -3.251356986473346922e+01 8.943314864717681445e+00
-4.606092929840087891e+01 -4.715594120025635050e+01 2.296893560886382968e+00
-2.895935646692911902e+01 6.564081764221191406e+01 8.097774505615234375e+00
-2.561627789201407523e+01 5.972731675772831039e+01 2.673486058465365645e+01
3.918348072850427144e+01 -5.091750273593636678e+01 8.280645437018815613e+00
1.140074929131401937e+01 4.783766479492187784e+01 3.473741751776800868e+01
-1.733920872211456299e+00 -6.607896947860718129e+00 5.507605552673339844e+01
1.092643108367919957e+01 6.389345830281575189e+01 -2.273072789510091241e+01
2.626344203948974609e+01 -2.555791187286376953e+01 3.835046529769897461e+00
-5.148691252166149468e+01 5.966978865978764901e+01 -3.388866835949468026e+01
-3.522307842335802519e+00 5.079280496150889235e+01 3.836559961197224311e+01
2.024346919854481897e+01 6.575168164571125828e+01 -9.839185456434885069e+00
-3.355177601178487379e+01 -5.365582712491353590e+01 5.170291423797607422e+00
-5.012989730834961222e+01 7.199447021484374432e+01 -3.352299880981445312e+01
1.606396504810878145e+00 5.205189023699079343e+01 -2.887687437874930296e+01
-4.962519820531209547e+01 7.174394114812214696e+01 -3.375052261352539062e+01
-1.822326973157051455e+01 5.667555804130358865e+01 3.468992428901867697e+01
-4.978385119967990136e+01 7.365445624457464646e+01 -3.402593612670898438e+01
-5.722918670654296847e+01 7.690934570312499829e+01 -3.448627380371093665e+01
-5.454283470577664161e+01 7.700173166063096630e+01 -3.423059113820394117e+01
5.364183821768131111e+01 8.077018694607716043e+01 -3.386388973020157778e+01
5.649062308486627160e+01 8.143242162587691269e+01 -3.391805376325334720e+01
5.340456970878269516e+01 8.285256460438604620e+01 -3.467706249071203928e+01
5.583504185778029694e+01 8.381896615535654860e+01 -3.378949607686793399e+01
5.106025793197306939e+01 8.655006993070561805e+01 -3.377728385113655207e+01
-4.288173432783646888e+01 -5.333337263627485925e+01 -8.920830249786376953e+00
-1.052842877127907428e+01 8.920957461270418776e+01 -2.978164724870161706e+01
-5.444768051479173465e+01 5.680315092335576566e+01 -3.371413944078528147e+01
-4.916218036154042181e+01 6.888829106869904706e+01 -3.359380489846934381e+01
3.053947995448934805e+00 5.309844773391197492e+01 -3.127529538910964391e+01
5.537815984090169508e+01 8.580957234700521497e+01 -3.367268269856770502e+01
-1.766229883829752723e+01 9.253760613335504104e+01 -2.276429006788465870e+01
-2.650400365193684848e+01 4.280628916422526231e+01 8.512300364176432765e+00
-2.043929874897003174e+01 9.055669021606445312e+01 -2.546466851234436035e+01
-1.040025687217712402e+01 8.500909996032714844e+01 -2.941826581954956055e+01
-1.200569093227386475e+01 8.681597932179768407e+01 -2.787826434771220008e+01
2.052503017945723229e+01 -5.339868138053200397e+01 8.149754047393798828e+00
5.213190269470214844e+01 8.854685974121093750e+01 -2.978116130828857422e+01
5.448463747898737886e+00 6.883150672912597656e+01 -3.334759465853372973e+01
2.119982679959001359e+01 5.381258352871599016e+01 -7.601575259504647519e+00
7.425889730453491211e+00 6.959309005737304688e+01 -3.297497406005859233e+01
9.565634886423746153e+00 8.044726392957899463e+01 -2.299382442898220447e+01
-5.027759000990126026e+01 -4.939432695176866162e+01 -3.231745084126790513e+00
5.692780550788430816e+00 7.089084535486557570e+01 -3.280121881821576579e+01
2.346494358062744112e+01 -5.321071838378906449e+01 2.320921169281005803e+01
2.004140749573707581e+00 5.171551525592803955e+01 -3.063385343551635742e+01
-8.743238759595294951e+00 6.270323287609011942e+01 -3.061600356878236440e+01
2.547437629699707173e+01 -5.314828948974609091e+01 2.506467933654785085e+01
3.321669816970825195e+00 7.010768127441406250e+01 -3.219504928588867188e+01
-4.522793273925780966e+01 6.527985363006591513e+01 -6.832248008251189830e+00
2.677048542625025718e+01 -4.946382000571802706e+01 -2.957163622504786371e+00
8.165977094484413001e+00 7.166029755965523407e+01 -3.069171237945556641e+01
-8.498719351632255226e+00 7.179472220284598905e+01 -3.056816041128976025e+01
2.339550413404192142e+01 -5.341540282113211191e+01 2.607525180634998208e+01
-5.652324525933516419e+00 3.268764495849609375e+01 -8.520618187753777661e+00
-4.579193138353752346e+01 7.122975389885179709e+01 -3.043029322768702727e+01
-5.160229808879348212e+01 -5.135557189077701423e+01 8.358400416824052215e+00
1.408606537183125873e+01 1.769584798812866211e+01 2.528878084818522254e+01
2.458903171578231905e+00 8.999345195536710662e+01 8.169245719909667969e+00
-1.871168031879499694e+01 9.564227010689529607e+01 -3.056378809611002723e+01
3.850433761596679716e+01 -5.361025924682617472e+01 8.151049823760986968e+00
2.647791722356056709e+01 -5.321805300031389407e+01 8.169245719909667969e+00
3.223032716604379289e+01 -5.336392759665464780e+01 8.352842171986898379e+00
-4.854498989024060762e+01 -5.321930045269905207e+01 8.172389121765785802e+00
-1.560986531222308038e+01 9.273103558575665772e+01 -3.052681597956904724e+01
-2.174260139465332031e+00 5.217268180847167969e+01 -2.892352485656738281e+01
4.211970392862955492e+01 5.368660128558123290e+01 6.393302228715684876e+00
-1.263809589385986243e+01 8.971446777343750512e+01 -3.035242038726806513e+01
-1.312446471623012023e+01 9.225902303059895360e+01 -2.993567920866466636e+01
3.802930581980738367e+01 -4.913344731824151523e+01 8.375066822972790703e+00
-1.034562146663665771e+01 8.686731370290119969e+01 -2.981371895472208777e+01
-4.230621247064499357e+01 -4.934258669898623850e+01 1.966147408598945337e-02
-3.999408663874087466e+01 -3.924108496956203140e+01 1.420000453617261726e+01
-4.392887878417968750e+01 7.053649139404296875e+01 -2.956675148010253906e+01
1.708209350374009716e+01 8.973684692382812500e+01 -1.965389235814412316e+01
-7.764149347941081025e+00 6.160725784301757812e+01 -2.903543726603190223e+01
4.197711292066072275e+01 6.263038504751104796e+01 -1.499210059015374519e+01
-4.316100630649300740e+01 6.883020392129587606e+01 -2.763542250699775238e+01
-5.362537994384765483e+01 -4.946253585815429688e+01 3.381529474258422763e+00
-9.714694491299715295e+00 8.365301250110972830e+01 -2.774213919206098922e+01
-1.883237761921352771e+01 8.985193951924641453e+01 -2.487936947080824268e+01
4.974613444010416430e+01 8.697380235460069287e+01 -2.768211813326235315e+01
-1.345525879859924245e+01 8.885083045959473225e+01 -2.793726768493652202e+01
5.220693206787109375e+01 8.837183761596679688e+01 -2.892352485656738281e+01
1.729241774422781930e+01 9.295587234497070028e+01 -2.805427957262311622e+01
-1.868619596041165920e+01 9.263654166001539636e+01 -2.783920849286592869e+01
-8.285708926972889188e+00 6.048206311180477712e+01 -2.766909853617350379e+01
2.948027820976412983e+01 -5.323751356163803194e+01 1.717442771366664189e+01
3.243582808971405029e+01 -5.359420768419901293e+01 1.714871637026469031e+01
1.618621444702148438e+01 9.110492324829101562e+01 -2.849470710754394531e+01
-1.330638223535874332e+01 9.496521355124080799e+01 -2.739159718681784383e+01
-3.941899144372274577e+01 -5.324005064853402303e+01 1.703628662020661011e+01
1.763498803547450322e+01 8.685725757053920404e+01 -2.138713581221444215e+01
1.077136137750413702e+01 8.120269033643934620e+01 -2.733698601192898181e+01
1.146157445510228534e+01 5.385477320353189867e+01 -1.217398448785146137e+01
-9.478114318847655539e+00 8.140440002441405909e+01 -2.664859878540039162e+01
-7.681735481534685661e+00 8.412550027029854505e+01 -2.667662388937813844e+01
5.322758221626281738e+01 6.023717594146728516e+01 -2.681105470657348633e+01
2.736458555857340613e+01 -9.433324813842773438e+00 1.825590133666992188e+01
9.977779388427734375e+00 7.911284637451171875e+01 -2.292007064819335938e+01
-4.538391941615513048e+01 -5.339296155657086729e+01 1.378578447614397362e+01
4.897605705261230469e+01 6.045927047729492188e+01 -2.656502342224121094e+01
-1.826218032836914062e+01 9.116033172607421875e+01 -2.637192598978678504e+01
2.218966674804687500e+01 9.583676910400390625e+01 -2.657198143005371094e+01
4.980438113212585449e+01 5.962975335121154785e+01 -2.545881688594818115e+01
4.981244863465774841e+01 6.288370105832122192e+01 -2.507721080336459707e+01
-1.812446979522704993e+01 6.859365112304686818e+01 3.168346946716308565e+01
5.050754900331850195e+01 7.274323950873480271e+01 -8.943800820244682370e+00
8.518440668923513925e+00 7.816569453648158117e+01 -2.573474949428013403e+01
-4.265816249544658234e+01 -5.130627520122225604e+01 -6.791773478190104463e+00
-6.588566570281982671e+00 8.090088882446289631e+01 -2.544898357391357280e+01
7.928839985205202723e+00 8.383124791359415440e+01 -2.484388020573830147e+01
8.437091096918633681e+00 8.682418595983627085e+01 -2.488189961047882903e+01
2.398945347468058387e+01 -5.124698662757873535e+01 -6.499629829389353963e-01
1.777269477844238210e+01 9.216598663330077557e+01 -2.517256578717912774e+01
-2.053222439505837116e+01 9.289037912542170261e+01 -2.570570416883988685e+01
-1.152863894568549341e+01 9.368972495750143992e+01 -2.483387056986491004e+01
2.051347930476350712e+01 9.311734642172758925e+01 -2.437726017214217222e+01
2.259922553753030883e+01 -5.114388511920797242e+01 2.860137919721932320e+01
-1.462768274545669556e+01 8.951169681549072266e+01 -1.986160886287689209e+01
9.429584789276123757e+00 8.916696090698242472e+01 -2.429228916168212749e+01
-5.376948054347719941e-01 8.216015625000000000e+01 3.055827331542968750e+01
-1.559712663510950570e+01 8.704835249737995184e+01 -2.380221743699981118e+01
1.700683479309082102e+01 9.059078369140624432e+01 -2.393033037185669087e+01
-1.827300898234049598e+01 8.716685591803656052e+01 -2.387176073922051245e+01
-4.554535374742873444e+01 -5.334517125880464761e+01 5.216115763846864262e+00
1.654029884338378764e+01 9.166701354980469318e+01 -2.006173210144043040e+01
-4.311032333374023295e+01 -5.245200271606445597e+01 1.038380479812622159e+00
-5.432529425621032715e+01 7.355757045745849609e+01 -2.280539321899414062e+01
1.153483746601984983e+01 7.784873316838191215e+01 -2.182626878298245998e+01
1.690532741031131181e+01 6.855374104267842483e+01 -1.256631059904356285e+01
5.310312897818429079e+00 8.133526524135044156e+01 -2.237847142900739428e+01
1.207210075855255127e+01 8.344401995340983547e+01 -2.249556382497151574e+01
4.895160802205403883e+01 8.297221374511718750e+01 -2.313447952270507812e+01
-1.268194626598823405e+01 8.363807157190834118e+01 -2.264145660400390625e+01
-1.782651080507220698e+01 8.675754315925367166e+01 -2.256790120673901967e+01
-1.739970835517434367e+01 8.477658215691062082e+01 -2.241276135164148542e+01
-1.598612823486328161e+01 8.646215907505580844e+01 -2.149137311662946459e+01
-1.782966790375886035e+01 8.988209194607205177e+01 -2.241930085641366333e+01
1.797085448673793096e+01 8.955270294916061857e+01 -2.193094258081345416e+01
1.989061383732029498e+01 8.991085565285604275e+01 -2.195646895736944515e+01
2.010506604847155288e+01 9.270557142558850217e+01 -2.237627275366532231e+01
1.964733719825744629e+01 9.482628536224365234e+01 -2.295710444450378418e+01
-1.574149315531660953e+01 8.381674538589105339e+01 -2.196197407420088510e+01
1.316792934591119923e+01 6.913679712468928074e+01 -1.823648149316960954e+01
-2.026333045959472656e+01 6.367540105183919508e+01 -1.428523604075113873e+01
1.947595541817801390e+01 8.771560287475585938e+01 -2.113839735303606204e+01
1.437424317801870899e+01 8.098832125780059243e+01 -2.078899583583924837e+01
3.546247723228052706e+01 -5.208622601157740206e+01 -2.600888001291375318e+00
1.693352142333984389e+01 8.415384582519531875e+01 -2.070033576965332145e+01
6.192401354653494394e+00 5.939121061052594541e+01 -1.886292452130998853e+01
-3.441432698567708570e+01 4.904312769571939867e+01 -1.145794137318929096e+01
4.192894652395537491e+01 6.605219476873224949e+01 -1.487699367060805855e+01
-5.151208710670470703e-01 8.072490310668945312e+01 3.196279060363769631e+01
1.220783872862119956e+01 7.748783895131704469e+01 -1.868234732344343740e+01
-4.233282244646990478e+01 -5.195442877875434107e+01 -8.758750279744466738e+00
1.632682266235351420e+01 8.165948791503906534e+01 -1.970370769500732422e+01
1.697925485147012381e+01 8.400808571480415310e+01 -1.948612749254381171e+01
1.795793169736862183e+01 -5.322193205356597900e+01 1.433478781580924988e+01
-4.260429211052096576e+01 -5.331451532792071646e+01 1.418488027611557278e+01
2.046882990573314842e+01 -5.305742604681785934e+01 1.422122920827662718e+01
3.546051392988724871e+01 -4.821012157093394990e+01 1.426070083271373434e+01
-4.143356959025064867e+01 -4.952482859293619555e+01 -5.981751441955566406e+00
1.267792855776273342e+01 -8.242390302511362066e+00 1.379211814586932761e+01
4.054308700561523438e+01 4.613163833618163778e+01 1.057635736465454057e+00
-5.140797979181463262e+01 -4.867598003040660615e+01 5.069631914658979888e+00
2.635761918692753270e+01 -2.967852270192113551e+01 6.105570546511946084e+00
-1.242132336093533418e+01 6.586873934345859993e+01 -1.566150128456854063e+01
-2.154978370666503906e+01 1.054205954074859619e+00 2.486777153015136577e+01
3.978552103042602539e+01 6.766825389862060547e+01 -1.357868444919586182e+01
-5.107475521689966769e+01 -5.191050880833675762e+01 -5.875677209151418445e+00
1.361330668131510357e+01 5.678152338663736742e+01 -1.144284582138061523e+01
-5.056919797261556226e+01 -5.314669227600097656e+01 -1.836513717969258552e+00
-1.924488496780395508e+01 6.389678955078125000e+01 -1.442432034015655518e+01
4.784689182705349708e+01 7.365604570176866162e+01 -1.076541614532470703e+01
-1.834375940050397702e+01 6.264212136041550139e+01 -1.308007914679390993e+01
1.487291193008422852e+01 6.846123237609863565e+01 -1.369802417755126989e+01
4.552625274658203125e+01 7.367925796508788494e+01 -1.336717271804809570e+01
5.499784784114106984e+00 8.364239372091090274e+01 -1.283133869982780340e+01
2.995588822200380363e+01 -4.870657388095197859e+01 2.729551015229060518e+00
-4.221881547340979779e+01 -5.095208417452298733e+01 -6.385732948860655123e-01
-1.559014984205657406e+01 6.285728768741383021e+01 -1.263345275205724327e+01
2.625671807313576878e+01 -5.340112109061999490e+01 2.295388167943709945e+01
2.840752983093261719e+01 -5.308454322814941406e+01 2.206979846954345703e+01
1.495450746252181595e+01 -4.229815097565346349e+01 2.318741485920358159e+01
3.713191350301107008e+01 -5.321796417236328125e+01 -1.979453404744466072e+00
1.791901475732976579e+01 6.904851653359152408e+01 -9.937531427903609327e+00
3.251959041595458899e+01 -4.798312873840332315e+01 2.190573886632919187e+00
1.749848127365112305e+01 5.680902752509484088e+01 -9.194473706758939713e+00
5.575938215622534777e+00 6.102670045999380122e+00 2.315531635284423828e+01
1.491558527946472168e+01 6.030261405309041578e+01 -1.084845650196075439e+01
5.049257755279541016e+01 7.400568280901227070e+01 -1.052332053865705142e+01
-6.266431684847231232e+00 8.645490321406612111e+01 -9.051082487459536807e+00
-5.416976668491539915e-01 8.659906510903802257e+01 -9.427180357382331621e+00
-5.360657473972865716e+01 -4.930402074541364499e+01 4.830405899456569507e+00
-3.405907821655273438e+01 6.472074181692940442e+01 -8.862809453691754769e+00
2.464275542725907986e+00 5.379049382311232819e+01 3.894816548773582809e+01
-5.376948054347719941e-01 2.378316085192621898e+01 -6.218718460627964184e+00
-4.054963684082031250e+01 -5.303954823811849195e+01 -6.339100440343220733e+00
5.479280140440343061e+00 8.705134116997153626e+01 -7.109530311519816514e+00
-4.036544121636284643e+01 -4.939847140842013573e+01 -5.873248947991265290e+00
-5.128377814041940752e+01 -5.331730350695158194e+01 -5.886039934660258766e+00
-4.963422298431396484e+01 -5.189109420776367188e+01 -5.519760727882385254e+00
2.819311904907226562e+01 -5.292681503295898438e+01 -5.552932262420654297e+00
-3.454492733213636591e+00 2.090235909356011135e+01 -5.539536190032959162e+00
-3.976369837710731758e+01 -5.322350311279296875e+01 -3.711784331422103289e+00
2.758709865146213147e+01 -5.287916607326931739e+01 -4.351553042729695342e+00
2.832495085398356238e+01 -5.283670298258463305e+01 -4.623830676078796387e+00
-5.131419320200004108e+01 -5.126265290204216285e+01 -3.822125537722718569e+00
2.859085371229383554e+01 -5.152949973212348311e+01 -3.837308030658298286e+00
-4.834568090438843058e+01 -5.108424768447876119e+01 -4.360242545604705811e+00
-3.954118696172186986e+01 -4.881270834740171694e+01 -3.805296882669976455e+00
-3.563526223103205215e+00 1.780355099836985389e+01 -4.537400166193644502e+00
-5.324185562133789062e+01 -5.146227645874023438e+01 6.844559550285339355e+00
5.616741943359375000e+01 5.737052658081054801e+01 -4.494773406982421449e+00
5.813856379191080492e+01 6.053073247273763258e+01 -5.094877084096272490e+00
1.845456663767496863e+01 6.986607911851670849e+01 -3.835941592852274429e+00
-3.522881731390953064e+00 -7.566716253757476807e+00 5.220245146751403809e+01
3.438346142239041114e+01 -4.891319232516818261e+01 1.612327321370442590e+01
3.573909187316894531e+01 -5.350513215498490638e+01 -2.816134723750027824e+00
3.704030990600585938e+01 -5.317754554748535156e+01 -2.551205635070800781e+00
2.487312622070312429e+01 -5.073328781127929688e+01 -2.443561601638793768e+00
-3.881326929728189867e+01 -7.056432485580444336e+00 -2.533195753892262925e+00
3.563811104252653195e+01 -5.372969573398805920e+01 -9.147765062714241502e-01
-3.955524541976603814e+01 -5.357469923952792357e+01 -7.994407877484535074e-01
2.675154206060594220e+01 -5.188561974802324528e+01 -7.724828731058345221e-01
2.641462723089724207e+01 -4.876449538250358984e+01 -8.276326055733524978e-01
-3.730007807413736831e+00 1.053094387054443359e+01 -1.954157922003004311e+00
5.594305549349103401e+00 1.763095020112537270e+01 -1.677534818649291992e+00
-3.729793405532836914e+01 5.688577890396118164e+01 9.232712944348653750e+00
5.128479258219400805e+01 6.466055170694987453e+01 -1.915884653727213616e+00
2.076311248388045883e+01 6.924926620874649075e+01 -1.166837849105015756e+00
1.878101062774658203e+01 6.989326477050781250e+01 -2.122393131256103516e+00
-1.574300305386807075e+01 8.115295621182056607e+01 -8.600428933475879889e-01
3.323546488144818767e+01 -5.333563770967371198e+01 -2.846784907365765838e-01
-2.866148591041564941e+01 6.948203945159912109e+01 9.237213969230651855e+00
-4.568950972446175740e+01 5.360924671971520894e+01 -5.356210731836252847e-01
3.504856356452493316e+01 -5.344596369126264079e+01 1.928795122048434063e+00
2.918629661978107492e+01 -5.102496228152758562e+01 2.195016705826537073e+00
3.464373016357421875e+01 -4.933943150838216241e+01 -1.565771646797657068e-01
3.292775535583496094e+01 -4.921567993164062216e+01 1.970543019473552648e-01
2.669034446716308651e+01 -1.753440383911132727e+01 3.383884274726733365e-01
3.413823572794596117e+01 -2.208823267618815223e+01 9.455700874328613281e+00
-4.247972315833682444e+01 -5.338418651762462730e+01 2.359914053054082750e+00
-4.884623604729061697e+01 -5.125521846044631502e+01 2.474899637557211207e+00
-4.036587458071501544e+01 -4.735464295097019516e+01 1.525410724722820799e+00
3.347339001217403620e+01 -1.194259303324931309e+01 1.956575839906125491e+00
-3.358628546022901418e+01 -2.719751840479233707e+01 2.893177745389003519e+00
1.194885688669541324e+01 2.382217334298526623e+01 1.635061542777454191e+00
-4.188128662109375000e+01 -5.320917892456054688e+01 1.622552627987331775e+01
-1.567095756530761719e+01 8.115654505216159009e+01 2.180070678775126947e+00
-4.881251624778465015e+01 -5.114240627524293359e+01 4.681900804425462859e+00
-5.465008611846388220e+01 -5.139390925357216133e+01 2.829276695586087520e+00
-5.503252840042114258e+01 -5.291172742843627930e+01 3.077031046152114868e+00
-3.635437449013314648e+01 -2.714041398211223211e+01 2.907860784995846437e+00
-5.183062443588719503e+01 -5.076086321744051588e+01 3.414060614325783671e+00
-5.251206359863281392e+01 -4.935153350830078267e+01 3.611260890960693359e+00
3.136243224143981934e+00 7.112681031227111816e+00 3.502571165561676025e+00
2.947861655877560949e+01 -5.354656671018016567e+01 5.170585082501781393e+00
3.240658784949260962e+01 -5.337390410381814831e+01 5.094903536464856941e+00
3.436283340454101420e+01 -5.301950531005859091e+01 4.222709798812866566e+00
-5.456878026326497633e+01 -5.276855850219726562e+01 3.881066560745239258e+00
2.818414751688639441e+01 -5.081903076171875000e+01 3.866344292958577622e+00
-5.136792320117616129e+01 -5.190435971711811192e+01 4.998204528239735822e+00
-4.855121694911610319e+01 -4.879448431188409785e+01 5.147107544270428825e+00
3.453441201486894840e+01 -5.016318410634994507e-01 5.494280507487635745e+00
-1.665020261492048093e+01 2.708131095341273564e+01 4.204816222190856934e+00
-2.859010047912597585e+01 6.634068272908528741e+01 4.995454192161560059e+00
