5.343526564538478851e-01 5.981664276123046875e+01 -4.818610153198242330e+01
3.845645301043987274e-01 6.121037864685058594e+01 -4.884372854232788086e+01
4.914707620938619237e-01 5.833433609008788778e+01 -4.737756576538085795e+01
5.572457151487469895e-01 6.156126728057861186e+01 -4.763109607696533487e+01
-1.073718503117561340e+00 6.056647300720214844e+01 -4.878827381134033203e+01
-1.597355917096138000e+00 5.976077222824096680e+01 -4.779678916931152344e+01
2.670614043871561538e+00 5.984137333763970190e+01 -4.778154860602484888e+01
-8.883264197243584404e-01 5.849631245930989820e+01 -4.719594277275933081e+01
2.258450292405628002e+00 6.118506767636253585e+01 -4.765920021420433272e+01
3.845645301043987274e-01 6.121037864685058594e+01 -4.884372854232788086e+01
5.572457151487469895e-01 6.156126728057861186e+01 -4.763109607696533487e+01
5.343526564538478851e-01 5.981664276123046875e+01 -4.818610153198242330e+01
-1.073718503117561340e+00 6.056647300720214844e+01 -4.878827381134033203e+01
-1.133260981904135711e+00 6.120767614576551807e+01 -4.754273605346679688e+01
2.258450292405628002e+00 6.118506767636253585e+01 -4.765920021420433272e+01
-1.597355917096138000e+00 5.976077222824096680e+01 -4.779678916931152344e+01
2.670614043871561538e+00 5.984137333763970190e+01 -4.778154860602484888e+01
4.914707620938619237e-01 5.833433609008788778e+01 -4.737756576538085795e+01
4.914707620938619237e-01 5.833433609008788778e+01 -4.737756576538085795e+01
-8.883264197243584404e-01 5.849631245930989820e+01 -4.719594277275933081e+01
2.087425730445168437e+00 5.850755101984197637e+01 -4.718727978793057787e+01
5.343526564538478851e-01 5.981664276123046875e+01 -4.818610153198242330e+01
5.721896220656002008e-01 5.766392920998966076e+01 -4.569219948263729236e+01
-1.597355917096138000e+00 5.976077222824096680e+01 -4.779678916931152344e+01
-1.350192960939909259e+00 5.777802959241365244e+01 -4.566132073653371748e+01
2.423191887991769100e+00 5.777407400948660410e+01 -4.563545263381231365e+01
2.670614043871561538e+00 5.984137333763970190e+01 -4.778154860602484888e+01
5.572457151487469895e-01 6.156126728057861186e+01 -4.763109607696533487e+01
3.845645301043987274e-01 6.121037864685058594e+01 -4.884372854232788086e+01
-1.133260981904135711e+00 6.120767614576551807e+01 -4.754273605346679688e+01
2.258450292405628002e+00 6.118506767636253585e+01 -4.765920021420433272e+01
5.343526564538478851e-01 5.981664276123046875e+01 -4.818610153198242330e+01
5.343526564538478851e-01 6.186687684059143066e+01 -4.564797711372375488e+01
-1.073718503117561340e+00 6.056647300720214844e+01 -4.878827381134033203e+01
2.670614043871561538e+00 5.984137333763970190e+01 -4.778154860602484888e+01
2.386024037996927749e+00 6.125570721096462989e+01 -4.559978569878472143e+01
-1.073718503117561340e+00 6.056647300720214844e+01 -4.878827381134033203e+01
-1.597355917096138000e+00 5.976077222824096680e+01 -4.779678916931152344e+01
-1.133260981904135711e+00 6.120767614576551807e+01 -4.754273605346679688e+01
3.845645301043987274e-01 6.121037864685058594e+01 -4.884372854232788086e+01
5.343526564538478851e-01 5.981664276123046875e+01 -4.818610153198242330e+01
5.572457151487469895e-01 6.156126728057861186e+01 -4.763109607696533487e+01
-8.883264197243584404e-01 5.849631245930989820e+01 -4.719594277275933081e+01
-2.313361678804670252e+00 6.003381184169224127e+01 -4.622539847237722910e+01
4.914707620938619237e-01 5.833433609008788778e+01 -4.737756576538085795e+01
-1.597355917096138000e+00 5.976077222824096680e+01 -4.779678916931152344e+01
-1.073718503117561340e+00 6.056647300720214844e+01 -4.878827381134033203e+01
-1.133260981904135711e+00 6.120767614576551807e+01 -4.754273605346679688e+01
-8.883264197243584404e-01 5.849631245930989820e+01 -4.719594277275933081e+01
-2.313361678804670252e+00 6.003381184169224127e+01 -4.622539847237722910e+01
5.343526564538478851e-01 5.981664276123046875e+01 -4.818610153198242330e+01
4.914707620938619237e-01 5.833433609008788778e+01 -4.737756576538085795e+01
3.845645301043987274e-01 6.121037864685058594e+01 -4.884372854232788086e+01
-1.303514735566245086e+00 6.133826722039116675e+01 -4.559121894836425781e+01
2.670614043871561538e+00 5.984137333763970190e+01 -4.778154860602484888e+01
2.258450292405628002e+00 6.118506767636253585e+01 -4.765920021420433272e+01
2.087425730445168437e+00 5.850755101984197637e+01 -4.718727978793057787e+01
3.346023797988891602e+00 6.008127466837564867e+01 -4.614772160847982008e+01
5.343526564538478851e-01 5.981664276123046875e+01 -4.818610153198242330e+01
2.386024037996927749e+00 6.125570721096462989e+01 -4.559978569878472143e+01
4.914707620938619237e-01 5.833433609008788778e+01 -4.737756576538085795e+01
5.572457151487469895e-01 6.156126728057861186e+01 -4.763109607696533487e+01
4.219141357823422034e+00 5.973493736668636700e+01 -4.549052007574783829e+01
-8.883264197243584404e-01 5.849631245930989820e+01 -4.719594277275933081e+01
4.914707620938619237e-01 5.833433609008788778e+01 -4.737756576538085795e+01
-1.597355917096138000e+00 5.976077222824096680e+01 -4.779678916931152344e+01
-1.350192960939909259e+00 5.777802959241365244e+01 -4.566132073653371748e+01
5.343526564538478851e-01 5.981664276123046875e+01 -4.818610153198242330e+01
5.721896220656002008e-01 5.766392920998966076e+01 -4.569219948263729236e+01
-2.313361678804670252e+00 6.003381184169224127e+01 -4.622539847237722910e+01
-1.073718503117561340e+00 6.056647300720214844e+01 -4.878827381134033203e+01
-1.133260981904135711e+00 6.120767614576551807e+01 -4.754273605346679688e+01
2.258450292405628002e+00 6.118506767636253585e+01 -4.765920021420433272e+01
2.670614043871561538e+00 5.984137333763970190e+01 -4.778154860602484888e+01
5.572457151487469895e-01 6.156126728057861186e+01 -4.763109607696533487e+01
2.386024037996927749e+00 6.125570721096462989e+01 -4.559978569878472143e+01
3.346023797988891602e+00 6.008127466837564867e+01 -4.614772160847982008e+01
3.845645301043987274e-01 6.121037864685058594e+01 -4.884372854232788086e+01
5.343526564538478851e-01 5.981664276123046875e+01 -4.818610153198242330e+01
2.087425730445168437e+00 5.850755101984197637e+01 -4.718727978793057787e+01
5.343526564538478851e-01 6.186687684059143066e+01 -4.564797711372375488e+01
