5.400000000000000000e+01 3.250000000000000000e+01 5.300000000000000000e+01
3.700000000000000000e+01 4.800000000000000000e+01 4.500000000000000000e+01
3.700000000000000000e+01 4.700000000000000000e+01 4.500000000000000000e+01
6.950000000000000000e+01 3.450000000000000000e+01 6.300000000000000000e+01
8.900000000000000000e+01 6.450000000000000000e+01 4.500000000000000000e+01
4.100000000000000000e+01 4.800000000000000000e+01 4.900000000000000000e+01
9.100000000000000000e+01 8.500000000000000000e+01 4.500000000000000000e+01
7.200000000000000000e+01 1.900000000000000000e+01 7.200000000000000000e+01
6.779999999999999716e+01 2.860000000000000142e+01 6.239999999999999858e+01
6.900000000000000000e+01 7.650000000000000000e+01 4.700000000000000000e+01
8.600000000000000000e+01 6.450000000000000000e+01 4.650000000000000000e+01
3.942857142857143060e+01 6.442857142857143060e+01 6.257142857142856940e+01
7.550000000000000000e+01 2.033333333333333215e+01 7.633333333333332860e+01
7.950000000000000000e+01 6.800000000000000000e+01 6.600000000000000000e+01
6.166666666666666430e+01 4.600000000000000000e+01 5.833333333333333570e+01
7.166666666666667140e+01 5.850000000000000000e+01 4.833333333333333570e+01
3.900000000000000000e+01 4.500000000000000000e+01 4.900000000000000000e+01
3.900000000000000000e+01 4.700000000000000000e+01 4.700000000000000000e+01
3.900000000000000000e+01 4.800000000000000000e+01 4.700000000000000000e+01
7.757142857142856940e+01 8.042857142857143060e+01 6.442857142857143060e+01
3.700000000000000000e+01 5.000000000000000000e+01 4.700000000000000000e+01
6.550000000000000000e+01 8.466666666666667140e+01 5.433333333333333570e+01
6.900000000000000000e+01 5.250000000000000000e+01 4.700000000000000000e+01
6.350000000000000000e+01 5.450000000000000000e+01 4.700000000000000000e+01
5.750000000000000000e+01 5.600000000000000000e+01 6.000000000000000000e+01
8.600000000000000000e+01 6.600000000000000000e+01 4.850000000000000000e+01
7.320000000000000284e+01 5.460000000000000142e+01 5.239999999999999858e+01
3.750000000000000000e+01 6.800000000000000000e+01 5.050000000000000000e+01
6.800000000000000000e+01 2.650000000000000000e+01 6.400000000000000000e+01
6.350000000000000000e+01 7.450000000000000000e+01 4.700000000000000000e+01
7.950000000000000000e+01 7.000000000000000000e+01 6.400000000000000000e+01
4.700000000000000000e+01 4.700000000000000000e+01 6.000000000000000000e+01
7.950000000000000000e+01 6.700000000000000000e+01 6.600000000000000000e+01
3.550000000000000000e+01 8.600000000000000000e+01 4.700000000000000000e+01
7.200000000000000000e+01 2.050000000000000000e+01 7.200000000000000000e+01
9.100000000000000000e+01 8.800000000000000000e+01 4.700000000000000000e+01
9.100000000000000000e+01 8.800000000000000000e+01 5.650000000000000000e+01
8.957142857142856940e+01 8.857142857142856940e+01 5.657142857142856940e+01
6.600000000000000000e+01 1.020000000000000000e+02 6.700000000000000000e+01
3.600000000000000000e+01 4.500000000000000000e+01 4.850000000000000000e+01
3.750000000000000000e+01 4.500000000000000000e+01 4.850000000000000000e+01
4.100000000000000000e+01 8.500000000000000000e+01 5.250000000000000000e+01
6.566666666666667140e+01 1.003333333333333286e+02 6.700000000000000000e+01
3.600000000000000000e+01 6.800000000000000000e+01 5.050000000000000000e+01
6.150000000000000000e+01 5.050000000000000000e+01 4.800000000000000000e+01
6.800000000000000000e+01 5.200000000000000000e+01 4.800000000000000000e+01
4.100000000000000000e+01 4.700000000000000000e+01 4.900000000000000000e+01
7.525000000000000000e+01 3.275000000000000000e+01 6.025000000000000000e+01
6.100000000000000000e+01 3.900000000000000000e+01 5.000000000000000000e+01
5.400000000000000000e+01 7.700000000000000000e+01 6.200000000000000000e+01
6.800000000000000000e+01 7.700000000000000000e+01 5.500000000000000000e+01
8.950000000000000000e+01 8.300000000000000000e+01 4.850000000000000000e+01
5.600000000000000000e+01 7.433333333333332860e+01 5.233333333333333570e+01
7.166666666666667140e+01 7.050000000000000000e+01 4.833333333333333570e+01
6.800000000000000000e+01 7.700000000000000000e+01 4.800000000000000000e+01
6.150000000000000000e+01 7.850000000000000000e+01 4.800000000000000000e+01
3.933333333333333570e+01 4.500000000000000000e+01 5.066666666666666430e+01
5.960000000000000142e+01 2.680000000000000071e+01 5.460000000000000142e+01
4.166666666666666430e+01 8.633333333333332860e+01 5.650000000000000000e+01
8.950000000000000000e+01 8.800000000000000000e+01 4.850000000000000000e+01
5.950000000000000000e+01 4.033333333333333570e+01 6.233333333333333570e+01
3.933333333333333570e+01 8.450000000000000000e+01 4.866666666666666430e+01
5.925000000000000000e+01 6.475000000000000000e+01 5.825000000000000000e+01
8.559999999999999432e+01 4.839999999999999858e+01 5.879999999999999716e+01
9.100000000000000000e+01 4.500000000000000000e+01 5.600000000000000000e+01
8.350000000000000000e+01 5.000000000000000000e+01 5.900000000000000000e+01
6.750000000000000000e+01 3.100000000000000000e+01 4.900000000000000000e+01
5.950000000000000000e+01 3.850000000000000000e+01 5.000000000000000000e+01
8.100000000000000000e+01 6.700000000000000000e+01 6.600000000000000000e+01
3.966666666666666430e+01 6.666666666666667140e+01 5.850000000000000000e+01
5.800000000000000000e+01 5.100000000000000000e+01 4.900000000000000000e+01
5.800000000000000000e+01 7.800000000000000000e+01 4.900000000000000000e+01
7.150000000000000000e+01 7.000000000000000000e+01 5.850000000000000000e+01
5.100000000000000000e+01 8.400000000000000000e+01 6.400000000000000000e+01
6.300000000000000000e+01 7.900000000000000000e+01 5.500000000000000000e+01
6.150000000000000000e+01 4.600000000000000000e+01 5.650000000000000000e+01
4.157142857142856940e+01 8.857142857142856940e+01 5.642857142857143060e+01
7.300000000000000000e+01 7.800000000000000000e+01 5.100000000000000000e+01
3.900000000000000000e+01 6.800000000000000000e+01 5.050000000000000000e+01
5.920000000000000284e+01 2.060000000000000142e+01 7.240000000000000568e+01
5.600000000000000000e+01 7.433333333333332860e+01 5.066666666666666430e+01
8.733333333333332860e+01 6.666666666666667140e+01 5.450000000000000000e+01
6.350000000000000000e+01 2.833333333333333215e+01 6.066666666666666430e+01
4.133333333333333570e+01 9.000000000000000000e+01 5.666666666666666430e+01
8.800000000000000000e+01 4.300000000000000000e+01 5.600000000000000000e+01
6.139999999999999858e+01 6.440000000000000568e+01 5.679999999999999716e+01
7.100000000000000000e+01 1.045000000000000000e+02 5.450000000000000000e+01
7.300000000000000000e+01 5.100000000000000000e+01 5.100000000000000000e+01
6.933333333333332860e+01 5.633333333333333570e+01 5.650000000000000000e+01
5.966666666666666430e+01 4.433333333333333570e+01 5.250000000000000000e+01
3.800000000000000000e+01 4.500000000000000000e+01 5.250000000000000000e+01
3.950000000000000000e+01 4.500000000000000000e+01 5.250000000000000000e+01
3.950000000000000000e+01 4.600000000000000000e+01 5.250000000000000000e+01
5.757142857142856940e+01 5.057142857142856940e+01 5.242857142857143060e+01
8.900000000000000000e+01 4.300000000000000000e+01 5.600000000000000000e+01
8.366666666666667140e+01 4.866666666666666430e+01 5.900000000000000000e+01
5.400000000000000000e+01 6.500000000000000000e+01 5.650000000000000000e+01
5.200000000000000000e+01 1.800000000000000000e+01 7.500000000000000000e+01
5.800000000000000000e+01 8.033333333333332860e+01 5.233333333333333570e+01
7.357142857142856940e+01 7.842857142857143060e+01 6.242857142857143060e+01
7.000000000000000000e+01 9.200000000000000000e+01 5.200000000000000000e+01
7.100000000000000000e+01 9.250000000000000000e+01 5.250000000000000000e+01
5.950000000000000000e+01 2.700000000000000000e+01 5.300000000000000000e+01
9.100000000000000000e+01 6.800000000000000000e+01 5.300000000000000000e+01
5.566666666666666430e+01 4.233333333333333570e+01 5.450000000000000000e+01
7.750000000000000000e+01 5.600000000000000000e+01 6.600000000000000000e+01
5.942857142857143060e+01 4.457142857142856940e+01 5.442857142857143060e+01
6.157142857142856940e+01 4.642857142857143060e+01 5.442857142857143060e+01
5.775000000000000000e+01 2.875000000000000000e+01 6.050000000000000000e+01
6.942857142857143060e+01 4.857142857142856940e+01 5.442857142857143060e+01
5.733333333333333570e+01 6.250000000000000000e+01 5.466666666666666430e+01
7.966666666666667140e+01 8.233333333333332860e+01 5.900000000000000000e+01
7.500000000000000000e+01 7.000000000000000000e+01 6.100000000000000000e+01
3.900000000000000000e+01 8.300000000000000000e+01 5.400000000000000000e+01
5.533333333333333570e+01 3.450000000000000000e+01 6.066666666666666430e+01
5.900000000000000000e+01 5.600000000000000000e+01 6.000000000000000000e+01
5.200000000000000000e+01 1.800000000000000000e+01 7.650000000000000000e+01
7.500000000000000000e+01 2.900000000000000000e+01 5.500000000000000000e+01
6.350000000000000000e+01 4.850000000000000000e+01 5.500000000000000000e+01
6.300000000000000000e+01 5.000000000000000000e+01 5.500000000000000000e+01
6.766666666666667140e+01 5.033333333333333570e+01 5.500000000000000000e+01
6.800000000000000000e+01 5.200000000000000000e+01 5.500000000000000000e+01
6.966666666666667140e+01 5.433333333333333570e+01 5.500000000000000000e+01
6.550000000000000000e+01 8.050000000000000000e+01 5.500000000000000000e+01
7.357142857142856940e+01 5.642857142857143060e+01 5.642857142857143060e+01
5.500000000000000000e+01 4.100000000000000000e+01 5.650000000000000000e+01
4.157142857142856940e+01 5.042857142857143060e+01 5.642857142857143060e+01
6.550000000000000000e+01 5.250000000000000000e+01 5.600000000000000000e+01
6.150000000000000000e+01 6.666666666666667140e+01 5.666666666666666430e+01
6.900000000000000000e+01 5.250000000000000000e+01 5.600000000000000000e+01
7.142857142857143060e+01 4.442857142857143060e+01 5.842857142857143060e+01
4.750000000000000000e+01 4.800000000000000000e+01 5.850000000000000000e+01
4.600000000000000000e+01 6.600000000000000000e+01 6.600000000000000000e+01
3.750000000000000000e+01 6.300000000000000000e+01 5.650000000000000000e+01
8.800000000000000000e+01 6.300000000000000000e+01 5.600000000000000000e+01
9.100000000000000000e+01 8.650000000000000000e+01 5.650000000000000000e+01
6.550000000000000000e+01 7.650000000000000000e+01 5.600000000000000000e+01
6.550000000000000000e+01 2.833333333333333215e+01 6.066666666666666430e+01
7.000000000000000000e+01 7.800000000000000000e+01 5.650000000000000000e+01
9.100000000000000000e+01 8.500000000000000000e+01 5.600000000000000000e+01
5.900000000000000000e+01 1.030000000000000000e+02 5.600000000000000000e+01
5.150000000000000000e+01 4.900000000000000000e+01 5.700000000000000000e+01
4.139999999999999858e+01 8.620000000000000284e+01 5.860000000000000142e+01
5.800000000000000000e+01 9.850000000000000000e+01 5.850000000000000000e+01
5.900000000000000000e+01 2.850000000000000000e+01 6.050000000000000000e+01
5.150000000000000000e+01 4.900000000000000000e+01 5.850000000000000000e+01
7.575000000000000000e+01 1.625000000000000000e+01 8.025000000000000000e+01
8.750000000000000000e+01 4.466666666666666430e+01 6.033333333333333570e+01
5.350000000000000000e+01 5.600000000000000000e+01 5.850000000000000000e+01
5.550000000000000000e+01 5.600000000000000000e+01 5.850000000000000000e+01
7.300000000000000000e+01 6.000000000000000000e+01 5.850000000000000000e+01
4.150000000000000000e+01 8.900000000000000000e+01 5.850000000000000000e+01
5.733333333333333570e+01 8.033333333333332860e+01 5.850000000000000000e+01
4.333333333333333570e+01 9.000000000000000000e+01 5.866666666666666430e+01
8.500000000000000000e+01 5.000000000000000000e+01 5.900000000000000000e+01
6.750000000000000000e+01 2.833333333333333215e+01 6.066666666666666430e+01
5.400000000000000000e+01 3.300000000000000000e+01 6.000000000000000000e+01
5.400000000000000000e+01 3.450000000000000000e+01 6.000000000000000000e+01
6.900000000000000000e+01 9.900000000000000000e+01 6.600000000000000000e+01
8.533333333333332860e+01 4.633333333333333570e+01 6.050000000000000000e+01
5.150000000000000000e+01 4.900000000000000000e+01 6.000000000000000000e+01
4.950000000000000000e+01 8.400000000000000000e+01 6.400000000000000000e+01
4.957142857142856940e+01 5.242857142857143060e+01 6.042857142857143060e+01
5.550000000000000000e+01 5.600000000000000000e+01 6.000000000000000000e+01
7.300000000000000000e+01 6.000000000000000000e+01 6.000000000000000000e+01
3.557142857142856940e+01 6.642857142857143060e+01 6.042857142857143060e+01
8.550000000000000000e+01 6.866666666666667140e+01 6.033333333333333570e+01
7.175000000000000000e+01 7.825000000000000000e+01 6.025000000000000000e+01
8.150000000000000000e+01 8.250000000000000000e+01 6.000000000000000000e+01
4.350000000000000000e+01 9.000000000000000000e+01 6.000000000000000000e+01
7.350000000000000000e+01 7.000000000000000000e+01 6.250000000000000000e+01
7.100000000000000000e+01 9.450000000000000000e+01 6.050000000000000000e+01
8.700000000000000000e+01 5.000000000000000000e+01 6.100000000000000000e+01
8.000000000000000000e+01 6.500000000000000000e+01 6.100000000000000000e+01
5.142857142857143060e+01 6.457142857142856940e+01 6.257142857142856940e+01
5.742857142857143060e+01 2.442857142857142705e+01 6.442857142857143060e+01
7.900000000000000000e+01 1.800000000000000000e+01 7.450000000000000000e+01
7.100000000000000000e+01 9.666666666666667140e+01 6.233333333333333570e+01
6.750000000000000000e+01 3.850000000000000000e+01 6.300000000000000000e+01
5.133333333333333570e+01 8.266666666666667140e+01 6.300000000000000000e+01
6.800000000000000000e+01 2.800000000000000000e+01 6.400000000000000000e+01
7.575000000000000000e+01 5.275000000000000000e+01 6.425000000000000000e+01
4.550000000000000000e+01 6.466666666666667140e+01 6.433333333333332860e+01
6.550000000000000000e+01 1.025000000000000000e+02 6.800000000000000000e+01
7.400000000000000000e+01 7.000000000000000000e+01 6.400000000000000000e+01
7.750000000000000000e+01 7.000000000000000000e+01 6.450000000000000000e+01
4.950000000000000000e+01 8.250000000000000000e+01 6.400000000000000000e+01
6.350000000000000000e+01 9.266666666666667140e+01 6.433333333333332860e+01
8.000000000000000000e+01 5.100000000000000000e+01 6.600000000000000000e+01
6.742857142857143060e+01 9.857142857142856940e+01 6.642857142857143060e+01
6.366666666666666430e+01 1.083333333333333286e+02 6.800000000000000000e+01
5.200000000000000000e+01 1.700000000000000000e+01 7.500000000000000000e+01
5.200000000000000000e+01 1.650000000000000000e+01 7.650000000000000000e+01
7.600000000000000000e+01 1.300000000000000000e+01 8.000000000000000000e+01
