1.905976081798000337e+02 -1.349480650792442482e+01 1.376899376108859485e+01
1.723869777852904690e+02 -2.742690693169057425e+01 -4.786984756609810887e+01
1.063628651787804102e+02 5.652309088520743074e+01 1.656444689670751913e+01
1.003268733423139452e+02 5.262218769385745532e+01 9.061523487376764052e+00
1.713135908014799327e+02 5.991149966460829290e+01 4.138848539625122669e+01
1.028721832585833624e+02 6.205152474616872382e+01 4.639618412437349804e+01
1.220666864842142303e+02 7.886558682139225596e+01 2.804048253962726278e+01
1.030700626565592586e+02 1.362051380268074752e+01 4.443198415519351130e+01
1.354724110040490928e+02 6.317339615986114865e+01 2.293852459402279820e+01
6.850337461388542692e+01 1.434682264401491025e+01 4.721124534815452023e+01
1.137052632086207495e+02 6.132101649963450285e+01 4.905017939996197640e+01
1.777937927039137662e+02 -1.971863855663968934e+01 -5.669772271505352990e+01
1.216979191799853908e+02 6.964444980602273461e+01 2.413812045925079985e+01
1.512081963387941812e+02 4.211062623979986341e+01 2.497533805051176170e+00
1.705945645717553703e+02 2.102437042171309400e+01 -5.612457289299659813e+00
6.738502906435427064e+01 2.468223908707568270e+01 4.585101726229102326e+01
9.949575797700241253e+01 1.282603104105321279e+01 4.720953553789699697e+01
1.389292345752612334e+02 -1.062243213699827216e+01 1.867340353009244680e+01
1.672611474532966440e+02 -5.208586296866283050e+00 1.850434133306287521e+01
1.549330345365846711e+02 2.147088431708211331e+01 5.490220814427900820e+01
1.616320727848604690e+02 -2.091369300814228183e+01 2.005768610663769991e+01
6.677394118630458308e+01 2.369184929974466414e+01 4.665950821089662526e+01
1.724211228267610068e+02 5.550927492569358890e+01 2.311063026750241889e+01
1.835392354277993832e+02 -2.799969115001697162e+01 -5.258264494339410078e+01
7.510548915881783216e+01 1.879522699125654484e+01 4.964548467335745130e+01
9.669632207104038457e+01 1.521688561040056342e+01 4.797429309079130633e+01
1.767159403079606079e+02 2.814782798998644253e+01 3.817509303876118310e+01
1.784651239398659754e+02 1.704912896610967010e+01 -1.782448289790578855e+01
1.665034173224777305e+02 5.980245034224653011e+01 2.109524054166629625e+01
1.721103872637329459e+02 5.868945501599369408e+01 3.972218080137794516e+01
1.381579352621217254e+02 3.360226302673875409e+01 5.981089163649777163e+01
1.777144888860858600e+02 -1.645078643426226250e+01 -4.648944105985514597e+01
1.795307097656197755e+02 4.937463620772243544e+00 -1.713856003801752692e+01
1.732950493203584017e+02 5.582918129502769489e+01 2.377111153495870965e+01
1.345758059445463175e+02 9.736263463131166418e+01 2.395272067610690669e+00
1.087102851000887824e+02 4.379454045591467093e+01 2.307143257588096930e+01
1.225493869228043735e+02 7.666066554776183750e+01 2.763107234625532271e+01
1.636248685330845092e+02 -1.731257845454868516e+01 1.819032231847388914e+01
1.768035786515095253e+02 -2.025507269601917315e+01 -5.975366253189893939e+01
1.320588935175527752e+02 1.419093946316911925e+01 3.209626605999556404e+01
1.326492361130935649e+02 1.489803932527232888e+01 3.202553939953165951e+01
1.804407801959776805e+02 -1.461703267208549128e+01 -2.428221525339028730e+01
1.632803557340386931e+02 -1.369440597836724294e+01 2.122629067205643594e+01
1.742763956697706362e+02 2.716711000666184006e+01 1.789689297420491343e+01
7.361968136816118147e+01 1.597837218615347332e+01 5.767464954936982480e+01
1.796487653106141806e+02 1.764762479178042653e+01 -1.076081757925237703e+01
1.988618671471779464e+02 -1.602043385678350873e+01 1.422399150827121161e+01
1.622161249475863940e+02 -6.557774303058694443e+01 -1.186838227681375457e+01
1.841248316287224611e+02 -3.654796413024842394e+01 -3.915475497429348906e+01
6.810381740426802821e+01 2.121486242715931070e+01 4.983203686967871704e+01
6.827316160002388301e+01 2.420727601680251340e+01 4.650421014363345762e+01
1.114555986239078891e+02 6.282227857578580199e+01 4.591292976661079450e+01
1.317629423496559014e+02 3.571932702922853764e+01 1.307062623488291564e+01
1.569849452006601496e+02 -6.358837630627777315e+01 -1.823295436191479268e+01
1.559249844076393288e+02 -6.365763571855637792e+01 -1.684836637206036158e+01
1.708402508772320800e+02 -2.549892332830921760e+01 -4.593949876521885756e+01
1.022507935943643247e+02 5.386612120947222593e+01 7.964982460245556339e+00
1.163349943594770082e+02 7.378292226073256188e+01 2.922873296037119673e+01
1.312477585820704462e+02 6.168959348906975038e+01 1.962576096750006727e+01
1.802270180747006521e+02 1.743405587746222452e+01 -1.612047326527328295e+01
1.764613049809005645e+02 -1.458825678946552351e+01 -4.352025131487652487e+01
1.546113144328660098e+02 5.412613013297587372e+01 6.227209418342061298e+01
6.764748627766226718e+01 2.258486466841082319e+01 5.086832077009860598e+01
1.779245426120082811e+02 -2.059192760659009380e+01 -4.790162667154034892e+01
1.537228697136912388e+02 -2.960386028281260096e+01 1.787404025890671022e+01
1.820193448552610676e+02 -1.331335185347400518e+01 -2.426302393411019054e+01
1.780389096658133781e+02 1.620732647164196649e+01 1.645861253855059658e+01
9.713633784644522962e+01 5.051417210054924567e+01 1.062655772961138823e+01
8.162470339981032907e+01 2.991663775941088232e+01 6.320021705381054744e+01
1.598715919898877189e+02 3.939269850576758358e+01 5.964307747692139117e+00
9.779566195364668602e+01 5.127196337312775398e+01 9.450147530507914340e+00
1.220768794257139547e+02 4.129191326080417923e+01 3.634649453218512605e+01
1.622961332843709101e+02 3.621847394750004412e+01 6.410734757093271341e+00
1.074911929959599206e+02 5.494126205327781065e+01 2.602801143218295010e+01
1.564695823411853439e+02 -3.067520388926820551e+00 2.817972653854093323e+01
1.683616431458505645e+02 6.198116785980447574e-01 1.983145960286652354e+00
1.363005691335939957e+02 5.821296799815936396e+01 1.935758823643776338e+01
1.184778891796493667e+02 5.704163985769852729e+01 1.494452390667135155e+01
1.523700110799461243e+02 -4.236735091175852119e+00 2.829872900495278287e+01
1.517333752350479585e+02 -2.019956685484380454e+00 2.801861384621742701e+01
9.874767927699321035e+01 1.885738504311321861e+01 6.741766179883293830e+01
6.999972518731058813e+01 3.172049356796345876e+01 5.018963127290304982e+01
1.762953313024533770e+02 -1.922248794974416342e+01 -5.286809348345727244e+01
1.386722379833310015e+02 4.897220694387161188e+01 7.360163424388355580e+00
1.677761182675900784e+02 -1.465942497390691823e+00 2.542525510122750987e+01
1.580597421968127207e+02 3.655794705332613148e+01 6.130460028405946105e+01
1.759180474368190232e+02 -3.260170989860131385e+01 -4.910978062169241554e+01
1.861672392663167273e+02 -1.022749705702182155e+01 -4.200813476828565030e+01
7.000781753191932921e+01 1.987041217031613627e+01 5.081954258268419977e+01
1.886890970085659944e+02 -2.400999477015881567e+01 -5.053042650531251923e+01
1.564997321504538377e+02 1.144421697726294340e+01 -2.318950251760821502e+01
1.776569498318182241e+02 -1.864348315412794221e+00 -4.387573269466129489e+01
1.708793574415767011e+02 6.080274596490031769e+01 3.898057484838994213e+01
1.506489295323713122e+02 -7.451332091972084015e+01 -4.624423160458990267e+00
1.147101187802966535e+02 8.839463295787760799e+00 5.010322490144866947e+01
1.093897398633007896e+02 6.307626198897732195e+01 4.069076530176013051e+01
1.636617745589534820e+02 -7.353032120601816768e-01 2.419279265967321635e+01
1.547416753254468631e+02 4.623531641775685586e+01 4.559310237967327595e+00
1.728870758587415253e+02 2.175200853447109850e+01 -7.053523757463743493e+00
1.795986251321281770e+02 2.159020658184002350e+00 -3.019239551568152535e+01
1.115098659589970964e+02 5.606526651798123595e+01 1.672413749829292584e+01
1.694847327095887408e+02 2.365153528601296884e+01 -7.043279626330132714e+00
1.364564084257965817e+02 -1.721559704680604597e+01 1.084191594735651876e+01
6.773872871667828122e+01 2.790910710240797243e+01 5.238480942573877286e+01
1.721370827066508014e+02 -5.425177153033741817e+00 7.034670564366710011e+00
1.764876165862378059e+02 -3.143511292026058257e+01 -5.068942436957098607e+01
1.741944199405534732e+02 -2.211663241774369837e+01 -4.739750638494361823e+01
7.094248358819754685e+01 1.504432219017307304e+01 4.663019951461835433e+01
6.992474205189540726e+01 1.360995265946618993e+01 4.868587472000290006e+01
1.818450429260124110e+02 -1.784630665495662072e+01 -5.742965448069904255e+01
1.754238277347278085e+02 8.342997767069130433e+00 9.379296809220804221e+00
1.390175201999982164e+02 -7.141190669332128493e+01 -1.103167133278420309e+01
1.506939509038154199e+02 9.588079930708824250e+00 3.372343782826986569e+01
1.672006089940779532e+02 5.786181794026910552e+01 1.883116659134659443e+01
7.060596526563276143e+01 1.678350993713010553e+01 4.864951433492083055e+01
1.396871907480028483e+02 6.214111266124986344e+01 5.290110842995290596e+01
9.794810490205426845e+01 1.685832670209347484e+01 4.801939343860132681e+01
7.081462714567278738e+01 2.167938157028154933e+01 5.006866364133324510e+01
1.451707275367381271e+02 9.370319676525301134e+01 -5.751709588565720566e+00
6.938336002012918868e+01 2.227212315384629449e+01 5.289870688494471551e+01
7.201941804859482943e+01 1.510295304713381270e+01 5.205526980400583170e+01
7.054552882994775587e+01 2.377900264108627937e+01 5.088871324394769147e+01
1.556521758391481285e+02 5.535359660766440726e+01 6.065769049435499483e+01
1.791295113516196693e+02 -1.981722429748466396e+01 -6.075813394872216122e+01
1.655322720362235032e+02 1.530017869173153855e+00 -6.131272522952385451e+00
9.828786372580401576e+01 4.984606856549398657e+01 1.206130969795084340e+01
8.539018879579731447e+01 2.645855597807924298e+01 5.593779833602312124e+01
1.261548614217722672e+02 7.791535295700191455e+01 2.740892865153456626e+01
1.832761152000559264e+02 -1.346634026276847962e+01 7.616875529169510273e+00
1.652531964972994274e+02 3.845335338023139116e+01 8.307548600758323687e+00
1.169843896058860651e+02 2.530782630106527620e+01 4.622563762784907482e+01
1.011812644869753512e+02 5.019873456531294664e+01 8.404055351887471659e+00
1.338311267137275706e+02 1.014110999405447870e+02 -1.855550152509410466e+00
1.670504510360544828e+02 5.135410948072372861e+01 1.168816163756452298e+01
1.323763727054934236e+02 3.776468941463940610e+01 1.071576611331594719e+01
1.492639314690392212e+02 6.953705158288921950e+01 4.038934134937426990e+01
7.367330099266675347e+01 1.472713676380758940e+01 4.792764809371296764e+01
1.759440238381803283e+02 3.242813281569038963e+01 1.891000736565708351e+01
7.035445792136864895e+01 3.140307687286274074e+01 5.373780011902061204e+01
6.996436522958079252e+01 1.532581770942796240e+01 5.004882212072832459e+01
1.181899385982301283e+02 6.869029631200766062e+01 2.442325749693182502e+01
1.618914198048055368e+02 1.942548489942334644e+00 2.905796104864896989e+01
1.676145185245981111e+02 3.413035617757964246e+01 9.135333175004237916e+00
7.113407131163978647e+01 2.849485629542301268e+01 5.184665499115026677e+01
1.494788180366454071e+02 -5.782953459280894037e+01 -9.900572313398841473e+00
9.979966584557136855e+01 1.272721178134411879e+01 4.523170543468168603e+01
1.347504696817833860e+02 -6.829119477316294251e+01 -1.629832104182616348e+01
9.851828160539537294e+01 4.849771063679430227e+01 1.336603940093574749e+01
1.554255154102083338e+02 3.733408131274465092e+01 6.083536404823290411e+01
1.383612761595636584e+02 6.109015224568472036e+01 5.466101736284337420e+01
1.676167185311519461e+02 1.812032100977501337e+00 2.486014171109166426e+01
9.866008927692352870e+01 1.350619816706301535e+01 4.568879516682557096e+01
1.577327568988672510e+02 6.656987770009048688e+01 1.842446776824726840e+01
1.703894828761732470e+02 -2.450328767231296112e+01 -4.883888026807937166e+01
1.329846022737784494e+02 1.310764146157364252e+01 5.534934777341795353e+01
1.186435100192773859e+02 7.958026453794428789e+01 3.213368424920624733e+01
1.427655795074784635e+02 7.698927888842821687e+01 2.656846526089939431e+00
1.743846316214577712e+02 4.193764313096312435e+01 4.931995492929550551e+01
1.247968653526008893e+02 1.003573204987261818e+02 -3.395293414378479646e+00
1.768792534480034533e+02 1.202906628195089755e+00 -3.882527268315934066e+01
7.084961937199626902e+01 2.696844803570921911e+01 5.310924067119824343e+01
1.492764886951692631e+02 -3.247866505962696237e+01 1.856520482291707097e+01
1.296593004031327609e+02 2.997558278955668243e+01 1.780962848768826845e+01
1.988470717665471170e+02 -1.916475636856354114e+01 1.438546685103595379e+01
1.665642216963921953e+02 -8.748573064668905275e-01 2.277209721947088994e+01
1.710544319678892862e+02 -5.867806664733288358e+01 -1.112187242003515308e+01
7.181829107277356172e+01 3.155663165588280350e+01 5.587644617322658291e+01
1.809489257751301921e+02 -2.750922993729054511e+01 -3.663482857020555628e+01
1.498990054891599755e+02 2.754333057888012348e+01 6.062136556542391475e+01
1.812106045355204742e+02 -2.163352938027969241e+00 8.071327036269913435e+00
1.519873938402324995e+02 -6.506106549223386537e+01 -1.612306983662833204e+01
1.741570067313224399e+02 2.949296678543264960e+01 1.756304381341286103e+01
1.826178733404029515e+02 -2.233331194820210186e+01 -6.093843050416695917e+01
1.610059043251418132e+02 -5.922511904274377770e+01 -1.732563318727559931e+01
1.733933807409265455e+02 3.992755222543652849e+01 5.140983439306725700e+01
1.001104144936255693e+02 5.299509674065564013e+01 1.121268438329575901e+01
1.039261072535893504e+02 6.139229523767783547e+01 5.477403623406772226e+01
1.338723318742017341e+02 -7.434060334947041326e+01 -9.382920717694414492e+00
1.770608873237222269e+02 3.213303367132515120e+01 2.099580019355182259e+01
1.664797030923287480e+02 6.205509777740240906e+01 1.829013435649012109e+01
1.685148003119454643e+02 4.182738064572816228e+01 9.792771083976163027e+00
1.421349055258268095e+02 6.341628321271237212e+01 5.461975676913530720e+01
1.197781046247730075e+02 7.934548565122778996e+01 2.842227973401698193e+01
1.535746497233041907e+02 6.152969836840892270e+01 -6.389529679700133080e+00
1.597945708802338629e+02 1.371066489351236939e+01 -2.972413886363157332e+01
1.429456603639590639e+02 4.605237558379980811e+01 3.971559157738083101e+00
1.755738337458975877e+02 1.044403026846415727e+01 6.442770916367212664e+00
1.741785841073586312e+02 2.397081598533553759e+01 -1.087144269012766529e+01
1.149558072551698729e+02 6.248227971288696381e+01 4.691423666157290739e+01
1.765172341230600068e+02 9.184344927335153841e+00 -2.885113350951435862e+01
1.279266451350355283e+02 9.943919801513882817e+01 -1.760389950271548187e+01
1.784866763490018116e+02 2.141441440687823494e+00 -3.506663133659680653e+01
1.385283848823210064e+02 -6.933325364257518686e+01 -1.101734537962686389e+01
1.043433339234732102e+02 5.412797414930697215e+01 8.501448158146338585e+00
1.628037906348434376e+02 8.414887787250149742e+00 3.388827112733275015e+01
7.042746537679853702e+01 2.076796230799177678e+01 5.325490048362337347e+01
1.795320105529113732e+02 -1.219752049253985682e+01 -2.343612270503869155e+01
9.715229499699047722e+01 5.217825244584124533e+01 1.132828997334411625e+01
7.674959792831742789e+01 3.766352598909823968e+01 5.905664436183832322e+01
6.994247035976060545e+01 2.016167991727810715e+01 5.353867954079061064e+01
9.581868732900977648e+01 9.863164574889644598e+00 4.818834481309632167e+01
1.757380140316873565e+02 2.942685104908587945e+01 3.495349448328568798e+01
1.477560469997955579e+02 2.596451369658178265e+01 2.701302941635621124e+00
1.442550498618654444e+02 6.884446909357694722e+01 3.597516901891538765e+01
1.771606982836343605e+02 -2.809238395427520274e+01 -3.913435855688064180e+01
1.508281045799270430e+02 8.357718145442549940e+01 -1.696579078678055552e+01
1.185883782049117912e+02 2.129300278761557763e+01 4.194893922025144661e+01
1.565203474919809139e+02 -3.384710893489948091e+01 7.500601890099648728e+00
1.354956660276649245e+02 -2.102382267503378088e+01 1.105091646986966225e+01
1.308865105478393218e+02 9.743997462199307336e+01 -1.863535272159619183e+01
1.548817356261149030e+02 -6.556884992021724656e+01 -2.511164491658822939e+00
1.748511012753278067e+02 7.027513267324259516e+00 -3.225639530141840794e+01
1.729058474335364792e+02 2.247382765837050655e+01 -5.168481979554901073e+00
1.547541944149457720e+02 -3.094132382927741887e+01 1.342648036003423684e+01
1.841258212013264028e+02 -2.453396910609331627e+01 -5.756716790008816531e+01
7.314830730330972131e+01 1.740246446703778460e+01 4.986513520706671443e+01
1.751829702686566748e+02 -3.136225456042805249e+01 -4.773143179378628531e+01
7.251266557339427266e+01 1.885536146930714807e+01 5.131387936366281366e+01
7.195871622663449330e+01 1.783345051826550076e+01 5.382050013795756627e+01
7.347674775800888369e+01 2.013484429057726288e+01 5.188474450111857550e+01
9.746429547112887803e+01 9.670840188872080745e+00 4.764510501834934075e+01
7.373705534793951699e+01 2.383164521051537577e+01 5.204119436979470947e+01
1.774922943031969567e+02 -2.468503855940539538e+01 -3.779455652841082269e+01
1.878871640320504071e+02 -1.318384442138834700e+01 5.240357061188630539e+00
7.200379326372011235e+01 2.244783829981220435e+01 5.442742929836109056e+01
7.328286146713571725e+01 2.426378282118634289e+01 5.407280498578201389e+01
1.644654833149067201e+02 6.168669484246633061e+01 1.780315771610306186e+01
1.623789810237143740e+02 -1.697042994311360431e+01 2.230806986742489073e+01
1.729128323945561192e+02 2.247987312247299485e+01 1.448549159747379633e+00
7.271883932680053420e+01 2.878927393293376724e+01 5.661933564995715074e+01
7.195336664605595445e+01 3.054518912915781925e+01 5.487194392822931377e+01
1.614611058990184915e+02 -6.839443260271056602e+01 -9.304466170375864209e+00
1.530221060972600924e+02 -2.608194769056403572e+01 4.050151990370240540e+00
1.817401063934417493e+02 1.689284003120999600e+01 -1.974737181620178461e+01
1.268451713391590800e+02 7.159988512469072930e+01 2.559808700244965252e+01
1.559781327959505006e+02 5.479871574855065930e+00 3.214871513913755052e+01
1.833452564637521789e+02 -3.438878752896262370e+01 -4.480023169599306954e+01
1.704735789081884718e+02 -2.036290441559480691e-01 -1.396353857943072319e+00
1.729323822701833535e+02 -2.892895725701749399e+01 -4.799107583297755042e+01
1.064733996568952534e+02 5.305211776662580547e+01 7.128439047676648599e+00
1.670963187735022188e+02 -5.727049064886386276e+01 -8.708481716153848140e+00
7.381354188518774606e+01 1.643695805120198372e+01 5.567264553087213841e+01
1.213249798636119294e+02 8.851673233394201645e+01 2.694160334295475678e+01
1.640841264036751284e+02 6.257536798143628687e+01 4.929399959890430694e+01
9.943223584885515720e+01 6.207230720170014138e+01 5.414060217487089943e+01
1.680863535899353849e+02 2.344058254961726462e+01 5.083262819173287284e+01
1.025855770760957455e+02 6.433666213095277442e+01 5.413981658198419211e+01
1.304926380249920612e+02 1.018367095600735723e+02 -1.382494995818837502e+00
1.643441873173540273e+02 2.619177463442434473e+01 1.045148496071275801e+00
9.782976242256762589e+01 5.311899292729642497e+01 1.026900169375247174e+01
1.730964464692313243e+02 -5.231062090990465485e+00 -4.248749313731059374e+01
1.553862352351381162e+02 6.789288930384805099e+01 3.359782843503946026e+01
1.782111185726101326e+02 1.963665693544895419e+01 -1.356902492037726660e+01
2.002986862878930765e+02 -1.797111225823618952e+01 1.021901773602559160e+01
1.802989679750671144e+02 -2.880889013781313679e+01 -3.337866630191758333e+01
9.920152737817400634e+01 5.189071715244964622e+01 1.261740157882890045e+01
1.830066529267336080e+02 -2.042040905648256199e+01 -6.244907632415974064e+01
1.735397325389224932e+02 1.992045290251786671e+00 3.685134870584526823e+00
1.444295109523853569e+02 -3.135981799598718567e+01 2.099480304955643817e+01
1.598145709000685599e+02 -4.774721852947902079e+01 -1.108186638270833768e+01
1.718138234398196289e+02 3.810872320515979084e+01 5.324092189756679971e+01
1.757846423320038696e+02 2.744668615359567454e+01 1.535524621978072091e+01
1.160131792413245364e+02 8.083171741777860575e+00 4.867844651771326880e+01
1.935884198187912375e+02 -3.223527442549774946e+01 -4.241209801158338166e+01
1.302211285911026550e+02 5.657854959432584252e+01 1.846432589528740209e+01
1.749198080264128521e+02 -2.506654189993343707e+01 -4.537644728999624988e+01
7.876226882651677386e+01 2.690248042520308047e+01 6.340223784604009438e+01
1.626856348987296315e+02 2.681735953243848414e+01 -1.240333574964366115e+01
1.688994017557182019e+02 1.059675782432568880e+00 -8.405466594880543596e+00
1.558782928262037331e+02 -4.981701353520164854e-01 2.934207426652957196e+01
7.659456516734940124e+01 2.834107319917628232e+01 5.553570993184377613e+01
1.753961077512779241e+02 2.785816326860618375e+01 1.865553351180905040e+01
7.478604636497770741e+01 1.196934827901111831e+01 5.317984132586074963e+01
1.264304945897917776e+02 9.892328728095377244e+01 -1.691980497264199457e+01
1.200424672941739317e+02 6.772314822125802891e+01 2.409388933114279752e+01
1.238579313668917763e+02 7.124532558446171038e+01 2.914544214129700350e+01
1.588317798165298598e+02 -6.799568087910780889e+01 -1.007424653935268566e+01
7.655520362455109762e+01 2.163570830887070073e+01 4.972517065869642039e+01
1.230659238585616322e+02 2.685518665279271744e+01 2.653413202338411736e+01
1.099418945707787287e+02 2.241481782081801910e+01 5.936278967313609911e+01
7.573496490967465888e+01 2.586330029519386997e+01 5.394708983995891316e+01
1.549883627036844587e+02 -1.102768632685393158e+01 2.844195154391527325e+01
1.554789038473037692e+02 7.522755614089556175e+00 3.394695721099579799e+01
1.501514651814080707e+02 -5.875389312824900401e+01 -4.972001653385042630e+00
1.459191094340041843e+02 9.270265069153718684e+01 -9.710744438356583075e+00
1.553141002845223113e+02 -9.011336660940187926e+00 3.077375784094453692e+01
1.263959606227300156e+02 9.642659704012751831e+01 -1.203896845143264294e+01
1.533494198576211431e+02 -4.007847246203053970e+01 -9.121524414089149602e+00
1.510742333375889643e+02 5.490687287106379699e+01 6.108792033847858249e+01
1.739894169805909030e+02 6.644284723646088686e+00 -3.023398938528027102e+01
1.214267255436541006e+02 7.738099537806346007e+01 3.292067644934436998e+01
1.512177375833316830e+02 6.582328878516285009e+00 3.398814003088335056e+01
1.556815038113331013e+02 -7.186504581971182581e+00 2.829007022983885378e+01
1.975959883635409824e+02 -2.065730246039696638e+01 1.212115686350320232e+01
1.597852700119262579e+02 -1.944526244589260600e+01 2.458495989567722972e+01
1.228579572900712265e+02 4.274584147659865607e+01 4.523922472477124757e+01
1.870163130742024293e+02 -2.892236785063773752e+01 -5.094832007455475065e+01
1.663937666048908852e+02 5.902698994399624155e+01 3.554333576764561187e+00
1.095969283594605770e+02 2.340351309771398647e+01 6.031708360004525105e+01
1.047319546790737377e+02 4.539658129788472962e+01 2.180285549489407160e+01
1.383453594055164899e+02 5.027852975961432946e+01 9.636020825926252087e+00
1.507190978932853227e+02 3.058546462189071136e+01 5.965961575326181077e+01
1.023515230725496394e+02 5.990872796758449681e+01 5.359913439235514687e+01
1.881341091394724572e+02 -2.728528178021979045e+01 -5.308805214794157479e+01
1.696947347064482869e+02 2.468721583963011668e+01 -1.367614209170856654e+01
1.290224186395930133e+02 9.836099971763428584e+01 -1.981933264503107495e+01
1.486708110352095105e+02 -7.493321535201259564e+01 -5.005437574531537592e+00
1.803430380656637055e+02 6.889099796915290952e+00 -1.636844212909213425e+01
1.502995831912083418e+02 -2.977021982170374415e+01 2.321918555050717359e+01
1.707448773159192399e+02 6.125887373837603889e+01 3.446552781412697897e+01
1.791856882305136480e+02 -2.961759186807790556e+01 -3.980824691396751547e+01
9.110240825868770287e+01 1.092617470002607938e+01 6.133792112903559257e+01
1.666787046938430592e+02 -1.165102514257845279e+00 -7.841430005030321837e+00
1.526174201651339786e+02 5.092531804226469561e+00 3.124452716646729300e+01
1.739968265841214077e+02 2.088012210340610864e+01 -5.906273047826982037e-02
1.592400022721239168e+02 6.534898299656322251e+01 1.716424907813842182e+01
1.227485172933740643e+02 2.518504067544880698e+01 3.314000456010870721e+01
1.641647536128324703e+02 1.039802935027833719e-01 2.594513263879520082e+01
1.900033425034322647e+02 -3.357828074069582414e+01 -4.450876361922937718e+01
1.320157481890779820e+02 1.031575272693394112e+02 -4.649576319424788551e+00
1.999953781347204540e+02 -1.895395433950975672e+01 1.138795453333880658e+01
1.746609463392410646e+02 -3.702764750497112622e+00 -4.270282879775875529e+01
1.121688686905769430e+02 5.794263053830746912e+01 4.207884994370494525e+01
1.700376662951475453e+02 4.864314837849725848e+01 1.631364408522014386e+01
1.471308784897561850e+02 8.464207304578410529e+00 3.065784018470213113e+01
1.477130875917818003e+02 1.029414088346265821e+01 2.802720407727041518e+01
7.548953973940945161e+01 1.534379880932070428e+01 5.661525468653102422e+01
1.104069688988347337e+02 5.012840534706581508e+01 9.123724210019140912e+00
7.617402548775706350e+01 1.546187825887841427e+01 5.766047211223002478e+01
1.981500147288240328e+02 -1.717320409846941232e+01 1.512152049753375138e+01
7.985396144262605844e+01 2.252405760167349413e+01 5.405579040539597457e+01
1.411211419374441789e+02 -1.982205753826130490e+01 2.537089970072744904e+01
1.216974333600724805e+02 2.593307389890730263e+01 3.033422801651608225e+01
1.707524191282709296e+02 -2.431947625670124680e+01 -5.753348077573995312e+01
1.112209899913065669e+02 6.440191001458812536e+01 4.323735171123720988e+01
1.751653534100225897e+02 -1.748834989809493834e+01 -5.494849216825742388e+01
7.895655260411632526e+01 2.840401349253227536e+01 5.658540247287061220e+01
1.814337618671479788e+02 3.076846072344067373e+00 -3.413504299864817426e+01
7.706008911405758965e+01 2.929828312236761079e+01 5.976420062481825823e+01
7.675175944492858093e+01 3.058637788935725865e+01 6.290709118271126954e+01
1.226374860855996047e+02 8.000629751135279832e+01 3.268487859491312975e+01
1.514521623798931671e+02 -3.203254030506457894e+01 2.140890740914366575e+01
1.763781803781948838e+02 2.324335653860720718e+00 7.168306371826352219e+00
1.206866015182128535e+02 9.972770922689583983e+01 -9.670877175896796629e+00
1.669615888739403431e+02 -2.390708637932333502e+01 -5.500811800206138003e+01
1.645271937779689324e+02 2.995775531207593545e+01 2.497935093728839817e+00
1.422393937378044768e+02 7.896303083696818703e+01 1.608711042227593424e+00
1.013598690152545032e+02 2.001481175090347975e+01 4.884039663737276271e+01
1.492515021288641606e+02 6.678736009686296882e+01 5.963279344432644180e+00
1.668019394516869340e+02 -6.549203371809781515e+01 -1.194637561624766064e+01
1.528396775093169424e+02 -5.773406605676101311e-01 2.861831840227240065e+01
1.203893252021682656e+02 4.059265903699807154e+01 4.257649775144513882e+01
1.744035622591570416e+02 4.000928481375444434e+00 4.554467395919926886e+00
1.404712875674616157e+02 9.422338274145143089e+01 6.986907401115090011e-01
1.386521382497436150e+02 3.773636102047871077e+01 6.014909217435636890e+01
1.796671658885891247e+02 -1.698477208840160912e+01 -6.506547034650577643e+01
9.012968073113952983e+01 2.636031261725269204e+01 5.891068755171725968e+01
8.125121152722512363e+01 2.245271241305575316e+01 5.351306121746417688e+01
1.689713369588731098e+02 1.167134535775024684e+00 -7.231446841932990033e+00
1.154638919696455730e+02 4.190364691262561792e+01 1.943315786404595613e+01
1.807363934828267986e+02 -1.226206078841790870e+01 6.391416369823069488e+00
1.582116802638288107e+02 -3.471787449121143965e+01 6.007565829596670071e+00
1.019027746533728873e+02 6.489620325432291281e+01 5.048012350179006091e+01
1.231877852562399056e+02 9.917845498787610836e+01 -1.501229619067997056e+01
1.668609500757901856e+02 5.731195821657669143e+01 4.921874951220855721e+00
1.737640514511896299e+02 5.416454421756388626e+01 2.479307514703722148e+01
1.185278954960951694e+02 9.927307170974742689e+01 -7.648904918208642378e+00
1.702502715062505274e+02 1.610512780425703117e+00 3.051043890951739002e-01
1.698852546242092956e+02 2.761097672168984118e+01 5.098859114009841420e+01
1.209848469187757587e+02 1.010372375512665855e+02 -8.656307557771985017e+00
1.525420685629805746e+02 -1.066919368026892201e+01 2.877963712641469129e+01
1.377717789500540562e+02 1.525441201972885352e+01 1.078076412487321178e+01
1.282103689269652023e+02 1.020380218940489812e+02 -1.106615571890833927e+01
1.045091135648806926e+02 6.140874902983556183e+01 4.282943947474860380e+01
1.019620406829160970e+02 1.820535552445759819e+01 4.787907169346168246e+01
1.635823836913639866e+02 4.104198961299732495e+00 3.033944619022051370e+01
1.381369789819335381e+02 5.808789410921992413e+01 1.578610274324542928e+01
1.670691714727857118e+02 3.571093127464222761e+01 9.214674754131369383e+00
1.903966238225748953e+02 -1.354219856908771469e+01 6.618334098251397180e+00
1.799112596690522139e+02 -2.798524177864736284e+00 4.653524682526240852e+00
9.183164039859991590e+01 8.129258874900013865e+00 6.054469378362115606e+01
1.719777909935014009e+02 4.240500626659193983e+01 5.283541823787928848e+01
1.322595740558449506e+02 9.102245067863971428e+01 -1.855331070728699672e+01
1.299325171146087143e+02 4.326818880846256121e+01 5.394639461798152524e+01
1.288747967486019661e+02 9.421418800835468232e+01 -1.517149386618201845e+01
1.629658031927268382e+02 6.337465718440536477e+01 1.671614353514432594e+01
1.220359480741503688e+02 8.127456693957709888e+01 3.236622457636252648e+01
1.061290128285502021e+02 5.401418121487831314e+01 7.772867439091061925e+00
1.796769980841230847e+02 -2.023637674168361933e+00 -3.923483823703446660e+01
1.684798299993831279e+02 4.929253716926019990e+01 1.491182847710971870e+01
1.612032692671809286e+02 1.441729479753484711e+01 -3.027250662558049044e+01
1.724901335109047693e+02 8.093623899532470745e+00 -3.417799048930753969e+01
1.882188574786967763e+02 -2.570328548737809626e+01 -5.477614203542117366e+01
1.706691003130086415e+02 2.383329840345530926e+01 4.721684028954529566e+01
1.628583142200310192e+02 6.533339877238127258e+00 3.356613728817288944e+01
1.698479766338201671e+02 6.150319787593338816e+01 4.300345580476528085e+01
1.597863186485915890e+02 -6.819159915360205559e+01 -6.643379972314249038e+00
1.221014376769675209e+02 1.018910871237460753e+02 -9.310301072408853074e+00
1.252636021495089409e+02 7.262917677382147019e+01 2.410963596848271351e+01
1.044440389801638247e+02 4.741917547108553066e+01 2.122294677616124403e+01
1.586314956288446467e+02 6.211952420370040784e+01 5.441444291223501040e+01
1.083560884456023956e+02 5.270055005297082573e+01 7.753573928026135320e+00
1.795295246068843653e+02 4.812380804609714957e+00 -1.902168944940873274e+01
1.816957776960132946e+02 -3.540889357031420559e+01 -4.127379929186815133e+01
1.098605111798505334e+02 5.628902646529402176e+01 1.743565946621314211e+01
1.877164762444296287e+02 -2.541116834705264083e+01 -5.441697430282876979e+01
1.618642221413304867e+02 1.273064415456350851e+01 3.780684495905251907e+01
1.909007442300462003e+02 -1.810741054381247039e+01 1.162129584293000484e+01
1.716765297957385314e+02 -7.276806424307573629e+00 -4.231627870630916988e+01
1.798145715956895003e+02 -2.740884678812399855e+01 -3.861052864799063400e+01
1.264479618937859300e+02 9.923331851158579298e+01 -1.679969728200286028e+01
1.357924836320186444e+02 -7.105063033116098836e+01 -6.587443892166804815e+00
1.545152689841033009e+02 7.207388575970959721e+01 -1.460919042822824210e+01
1.708822820267099871e+02 5.574149476893123278e+01 2.648302044978017733e+01
1.120844374327660660e+02 5.395902271314158583e+01 4.447028309329950702e+01
1.250763839416355836e+02 9.927847486970634350e+01 -1.206360148023957279e+01
7.938848336409516548e+01 2.898907566252927381e+01 6.372124966884365449e+01
1.242090737785583912e+02 9.849427615121598478e+01 -1.050382013209709164e+01
7.962811096306646164e+01 2.873990701971918327e+01 6.281568554106578972e+01
8.049645058390018448e+01 3.280114808604967180e+01 6.101260838118110996e+01
1.188043430529701823e+02 8.596946682168407960e+01 2.744996156202352466e+01
1.269578501885282691e+02 1.021863163945694168e+02 -2.141337397125020914e+00
1.228950262537532865e+02 1.012508358179475039e+02 -8.414173562778875848e+00
1.241550763768332359e+02 1.021236347519966046e+02 -9.053067163785367910e+00
1.588721898681500875e+02 -6.402327679724785980e+01 -3.131695737818780856e+00
1.376277864908339836e+02 -7.157061517329370304e+01 -1.310710128113323236e+01
1.552587289339077756e+02 -6.183566796059837856e+01 -1.756756326265002599e+01
1.604603518484741187e+02 -4.021328323952198502e+01 7.500769048497907932e+00
1.073582076980769102e+02 6.465748510571036434e+01 4.368218226997965559e+01
1.620094008961092982e+02 5.482184677435880360e+01 5.853022007036989294e+01
1.743203850753365032e+02 2.262457827839623015e+00 -5.420684151601307121e+00
1.338489032378626291e+02 6.595159041913241538e+01 2.939809037658085344e+01
1.048604721621836120e+02 5.306926833680509503e+01 1.732439482503507833e+01
1.269429964686489996e+02 9.575517927482884772e+01 -1.622411078612895352e+01
1.584176902429921370e+02 -5.551166201357929708e+01 4.585742806506885039e+00
1.584036812803082057e+02 7.688766906520756450e+00 3.440243603943683581e+01
1.249683222085472778e+02 1.098501157345345725e+01 5.610629131132057523e+01
1.458251616340185990e+02 9.196688988776162432e+01 -2.124324354825742667e+00
1.567011904179377098e+02 -6.025811437799375625e+01 -1.718902458405477063e+01
1.474040206779348807e+02 -7.579328441861524368e+01 -2.084047950894806878e+00
1.712497019685154385e+02 -2.941974839922613771e+00 4.840231952525885006e+00
1.134631494816427306e+02 5.876745203787301364e+01 1.740182542134050436e+01
1.546363442199784402e+02 2.261019637687942563e+01 -3.582451151292785241e+00
1.165128240630019292e+02 4.166850735672871053e+01 2.184136211567120966e+01
1.013688328835834795e+02 6.174328749986359810e+01 5.514241827330556589e+01
1.325473435996081832e+02 1.524982048878846186e+01 5.694875725476556738e+01
1.595384592610681125e+02 -4.097120281898736494e+01 9.758001781569692668e+00
1.786116315896250057e+02 -1.167258877091033575e+01 -2.353464077349631012e+01
1.754894164299137458e+02 -2.711562106545377659e+01 -4.456493402733195808e+01
1.064565226918878551e+02 5.361645674069797707e+01 1.483068940252575452e+01
1.741578114164514943e+02 2.084054185505051748e+01 2.894217653700582815e+00
1.664936910564114214e+02 -7.107700737858588802e+00 1.629996373391437103e+01
1.204334249376910009e+02 7.056370860617373353e+01 2.761998040250498931e+01
1.265505159170107703e+02 9.955023311246033302e+01 -1.176324908338963837e+01
1.768063454288239313e+02 3.040871250871846598e+01 3.989015167336637546e+01
1.602294175940523928e+02 1.024859075006948395e+01 3.575975137403549553e+01
1.463053426902648084e+02 6.895615998050338646e+01 3.898008686126465960e+01
1.764913100902038536e+02 -2.199429045496041368e+01 -4.603887902646597041e+01
1.583378947495586431e+02 1.645072441363409244e+00 -4.252099656200138966e+00
1.503207746470524739e+02 -6.066062205364389825e+01 -3.663600605580962899e+00
1.684324360680765267e+02 6.312163657497038116e+01 3.098007875482570483e+01
9.060069240665355039e+01 1.109197199842203574e+01 4.925150149526540133e+01
1.445517060097613751e+02 5.711922097848569280e+01 9.476040009655658736e+00
1.179378349034241751e+02 8.579958712900912587e+01 2.919143931173157114e+01
1.323716908764233153e+02 1.514197125985585402e+01 4.050124892569954227e+01
1.502846276779417281e+02 -5.823643766128606813e+01 -2.010545088456093588e+00
1.349227898008259388e+02 -6.948450845265183773e+01 -7.787687362788918044e+00
1.318364849430034553e+02 1.088335372974532334e+01 5.209305823585865625e+01
1.645337920337410935e+02 3.531985492400188775e+01 9.106333535715384286e+00
1.728977186098312302e+02 -2.552725183100323747e+01 -4.693975036105913290e+01
1.766036144450729921e+02 5.851218535698422762e+00 -3.140575721257579644e+01
1.515046213331346507e+02 5.573891177162546029e+01 -5.461849519055095747e+00
1.080628036247366879e+02 5.466398896409179997e+01 1.466223335404967187e+01
1.141284690146184033e+02 7.057315106626599288e+01 2.791578579818740735e+01
1.314606615365673292e+02 1.007475107960891023e+02 -1.582172132244822116e+00
1.503560916988206486e+02 3.115391482832296788e+01 6.120556869580299519e+01
1.699631700989658896e+02 2.284715335211938125e+01 4.706238490055585544e+01
1.291202333966001561e+02 9.903784196668969741e+01 -1.462544832957886598e+01
1.138112526595055698e+02 6.239605462417137005e+01 3.158187255768455515e+01
8.169826213602934217e+01 2.665312887304983391e+01 6.456288042039810193e+01
1.273526493520787852e+02 9.805069191663022821e+01 -1.183066015372302360e+01
1.272315310276223670e+02 9.747409804508886566e+01 -9.692383049160678610e+00
8.752666418562307626e+01 2.413125659112757759e+01 5.448303052803650104e+01
1.834124028531989552e+02 4.310270622001319829e-01 -3.307414567446049602e+01
8.077961908178511408e+01 2.888040949244847511e+01 6.426056189262787655e+01
1.384802346378044717e+02 2.375592983162805893e+01 5.821246339007478454e+00
1.273198465032212710e+02 1.015737395521731230e+02 -8.630308866132729406e+00
1.262374232118643107e+02 1.019980994679105066e+02 -8.706652824893795994e+00
1.755393350238942958e+02 5.345130036280895069e+01 3.190943172409014039e+01
1.667396303507068467e+02 2.637731260400569155e+01 8.718180496802183654e-01
1.362274906425349741e+02 1.630048541046700805e+01 1.414288703413368609e+01
1.680734185753814813e+02 4.679640206435770011e+01 1.473870357066990699e+01
1.748788450507962580e+02 -2.223357881053873797e+01 -4.489586981179365210e+01
1.533667882689763076e+02 3.129664730152757812e+01 6.126693392373385905e+01
1.118949657494777341e+02 6.000829367179330376e+01 4.927028453695422883e+01
1.305235297555318539e+02 9.315209592605488353e+01 -1.670886524050587241e+01
1.164415422167326710e+02 6.432813234238761879e+01 3.092995106272780959e+01
1.829620122558700359e+02 -1.191436449220546301e+01 3.998863974714350178e+00
1.641907192189519833e+02 2.455788162005827857e+01 -9.335764113426419541e+00
1.048363260629315761e+02 4.436859787131636068e+01 2.092778335734238482e+01
1.656717088467792678e+02 2.488088019057452982e+01 -1.308279784526776091e+01
1.758843668594447536e+02 4.138878123724233582e+00 9.619884844843230809e+00
1.355863253453984214e+02 2.849904098301738742e+01 5.583564601167675789e+01
1.303617659220598171e+02 9.265330047984872408e+01 -1.664094429468040204e+01
1.546517125180896528e+02 2.325414482801673444e+01 5.741321403397309098e+01
1.810645216607246653e+02 -1.735045043353843042e+01 -6.273450009999746158e+01
1.715182139409844240e+02 -4.036119833243676958e+00 -4.395827618897295253e+01
1.551434698780306576e+02 8.716813377654581529e+01 -2.771156278289333752e+00
1.359396518668741578e+02 1.720313107440949452e+01 1.209825002201133159e+01
1.076652513424231472e+02 5.501031933247164574e+01 2.026723553546161938e+01
1.082289113361289310e+02 5.567301289886691507e+01 1.925426611416122924e+01
1.283857722496225051e+02 9.589727609968190336e+01 -1.075163258497260443e+01
1.999942022743050529e+02 -1.654098693867491576e+01 1.121411236184529514e+01
1.679644552433016997e+02 -5.501023317909941035e+00 -3.997974378394971495e+01
1.275238495544542872e+02 9.964806804293912990e+01 -2.786302979973779514e+00
9.515511893219554906e+01 1.936533252212367628e+01 4.928861317423255883e+01
1.710790244630739778e+02 2.329300750305332457e+01 -8.145414350380052682e+00
1.126487923733671437e+02 2.435239540863629770e+01 5.404975275768337184e+01
1.315051136803568852e+02 9.278984960213888655e+01 -1.573604936034216450e+01
8.852566243558740666e+01 2.636068649666946939e+01 5.708900888259709916e+01
8.856237776691017416e+01 2.652265120597646941e+01 5.650448129854368062e+01
1.652778862367721899e+02 2.437215549814798621e+01 5.379557340698721646e+01
8.795791873947851514e+01 2.791950572508816109e+01 5.770219497310556278e+01
1.287550364274154617e+02 9.846911799017595968e+01 -6.374950028133271829e+00
1.322058903171345889e+02 9.992778784640145773e+01 -7.157965305315093119e+00
1.276074735588454843e+02 1.000294918267478295e+02 -5.233820785498341621e+00
1.292412922547346454e+02 1.021608397496909930e+02 -5.879493662491138473e+00
1.327980970236341989e+02 -6.826064382991660295e+01 -1.674611921397358572e+01
1.044206201957425293e+02 6.345551698017553122e+01 4.468001921488768602e+01
8.893243143865916522e+01 1.210274144832164644e+01 5.030656755583206774e+01
9.443647332239476100e+01 1.318221028376388837e+01 4.642199612949427490e+01
1.885413505579303433e+02 -1.131238150507089557e+01 4.913405253162453690e+00
1.446774392155406872e+02 8.713926134816489366e+00 2.918993639212534674e+01
8.932703514440811432e+01 2.461603286981200611e+01 5.446149599335623037e+01
1.149040313242180389e+02 4.513413835638563398e+01 1.080324003717394987e+01
1.288580673150155746e+02 1.033708549288371188e+02 -4.275155336345333623e+00
1.793073965469579889e+02 3.360718694000328632e-01 -3.739057605703068532e+01
1.939861239657971339e+02 -1.345322533289457567e+01 7.032695038091941520e+00
1.594131896614991035e+02 4.152118959531568976e+01 6.088883338268717083e+00
1.603876507332145138e+02 4.329089865644390045e+01 6.285501017568593696e+00
1.959265634553268569e+02 -1.652074611377614488e+01 1.514612058484668111e+01
1.549561604741768122e+02 3.908938958058875812e+01 6.250350065203612360e+01
1.049401486658312592e+02 5.796738726094518768e+01 5.233448998309289379e+01
1.062727982029732914e+02 6.067195814540315268e+01 4.058296273514802266e+01
1.737958450273604001e+02 -3.097415717979285787e+01 -5.197010920198770378e+01
1.292546939981396861e+02 1.006528747849589536e+02 4.182092754730692974e-01
1.653278949476412549e+02 -6.706231801670952564e+01 -1.017127267764996290e+01
1.820275889221520345e+02 -1.743157792008286933e+01 -5.971044532462138932e+01
1.306402093236759470e+02 1.028152695012718709e+02 1.173712542615795940e+00
1.562806677800179500e+02 -6.742241087011611000e+01 -1.119789741350592394e+01
1.907905577921310112e+02 -1.670880607870193302e+01 1.215746660889893960e+01
9.051631233672090104e+01 1.719189356731056506e+01 5.150515701128700385e+01
1.396488876810039699e+02 -8.835124958285685892e+00 1.169605561586166331e+01
1.770749400217591187e+02 1.226683232343814112e+01 1.036999889454293111e-01
1.280686115107509977e+02 1.803773870686572778e+01 2.492540089298304906e+01
1.411328650181577018e+02 6.918974512002476729e+01 3.704486402054439509e+01
1.601206218691765173e+02 -6.578043288799679544e+01 -1.226799660221615795e+01
1.208228906990402152e+02 6.879477046082359948e+01 2.705390669591214703e+01
1.377479575804638046e+02 -6.822953620731441049e+01 -1.533066712536869503e+01
1.343435455427955105e+02 -7.079007347775075232e+01 -7.061387584859395439e+00
1.604082195715485284e+02 4.463112242041360922e+00 2.906378689218367839e+01
1.118732225547999519e+02 6.057731606925803192e+01 1.964539774898783264e+01
1.640350593585341130e+02 -2.475443886514033576e+00 -2.918358090564376539e+01
1.170782222958545020e+02 4.226533196333129894e+01 3.626829688104433558e+01
1.681035543869627986e+02 -5.916268870711832051e+01 -8.460508693714137607e+00
1.305192945003581428e+02 2.960856224732722808e+01 1.548405317390985303e+01
1.092700169446474945e+02 4.491467987254375061e+01 2.494784673406763176e+01
1.705655725383520576e+02 5.423036815360547536e+01 5.133887040706156313e+01
1.910138733196388330e+02 -3.025060259011894459e+01 -4.827019148534822790e+01
1.159066711867900494e+02 5.588952731710020316e+01 1.355839376815491804e+01
1.091576689446432766e+02 4.626964554104714722e+01 2.434510683346142201e+01
1.115828535653819813e+02 5.839459942009815308e+01 2.096993067433200864e+01
1.656953551997030161e+02 -2.234607436809617198e+01 -5.811752467120129495e+01
1.697657339848803701e+02 -1.019963068375983184e+01 -3.980833847480292320e+01
1.152575516840339844e+02 5.895070821781792603e+01 4.769475609048882347e+01
1.146566937706351865e+02 6.239886934064587365e+01 1.934042738241241111e+01
1.457921420352591326e+02 -2.402206236283420182e+01 2.621714777846051447e+01
1.777896937873482841e+02 1.750429936447553558e+01 2.136774884545082998e+01
9.001739827691822882e+01 2.626196781651325551e+01 6.052791484776653874e+01
1.752126420629466281e+02 -1.698763245705461244e+01 -2.331918875244532430e+01
1.337684398320878358e+02 1.012679850114872266e+02 -8.827295009337602139e+00
1.679339092790366408e+02 1.706924969782921409e-01 2.247683281342178674e+01
1.509013132254468701e+02 6.844385090885428724e+01 3.655914949822535220e+01
1.426912239522092989e+02 9.739331987114611877e+01 -2.493743367008048217e+00
1.389448288774257492e+02 4.695110965817411852e+01 6.130394845643312607e+00
9.318308829847561015e+01 2.803859616398308674e+01 5.497700256003727759e+01
1.192040283868027615e+02 7.355242564158182006e+00 5.446179498251055406e+01
1.959634435538093271e+02 -1.475604466453128261e+01 9.033896177669824112e+00
1.727025662999984945e+02 1.956367815132054844e+01 1.726323864468451319e+00
1.173296742405574662e+02 5.632924559141842025e+01 1.587861488351168404e+01
1.225785746506859226e+02 2.701774107279061354e+01 2.888805654601802786e+01
1.445641429290723750e+02 -7.488926847174485601e+01 -2.740647439106154160e+00
1.797985390836041688e+02 -3.123747475609420121e+00 7.580959129935723517e+00
1.820895264187755629e+02 -1.272330295165500758e+01 9.805156366223078734e+00
1.757931088894202674e+02 1.648313552621268840e+01 4.007162254428175530e+00
1.002602083630564209e+02 6.370733216257126230e+01 5.233419911068666863e+01
1.727375879784837309e+02 -1.666865398157046840e+01 -2.389162600319797392e+01
1.761881677560290882e+02 -2.708939147674593073e+01 -5.579832785969479403e+01
1.786975240491073293e+02 -2.360460985394728795e+01 -5.963299019649137733e+01
1.749183517831916390e+02 1.944503130619900944e+01 -1.334236081380643313e+00
1.459149807728288977e+02 -7.435387964185768794e+01 -6.018423162986476171e+00
1.549525888246529348e+02 3.993746127803186852e+01 6.303405237342710166e+01
1.152511385015532994e+02 4.074849368623385004e+01 1.691195649105477372e+01
1.019902501634419991e+02 6.343908505084678495e+01 4.845696961458566676e+01
9.692134137388615045e+01 1.263372634068063505e+01 4.634245743248450111e+01
1.150571521916787390e+02 4.077614312699387966e+01 1.463814017524416400e+01
1.038078784381142725e+02 6.298770597924327319e+01 4.465512886914628154e+01
1.035986587433255579e+02 6.455509725848479263e+01 4.674904887600797565e+01
1.804112647163150314e+02 -1.673356753821461496e+01 -6.080665163358865755e+01
1.056541192971496343e+02 6.218170253262969993e+01 4.155776262203466587e+01
1.404856549688364282e+02 -6.622576569338380637e+01 -1.100584797660031633e+01
1.526670046670541012e+02 -5.924481732488854391e+01 -4.536220589693362726e-01
1.577425748381991184e+02 8.160186106029181374e+00 -2.247378776296499936e+01
9.481989216061427328e+01 2.855244406487404873e+01 5.365257223344135440e+01
1.254494584299771986e+02 8.009287199544536406e+01 2.926669257238435762e+01
1.616127243425340794e+02 3.768898596981947513e+00 3.084484277185929102e+01
1.611470574291654145e+02 5.838153339674161835e+00 3.232222469294361389e+01
1.112584625174851567e+02 4.445542982822272648e+01 2.424560689813159087e+01
1.187688511216698117e+02 5.539266788597604574e+01 1.453480790536725920e+01
1.438441436762166745e+02 7.442431365267806598e+01 -2.446988556043686813e+00
9.665567180101020028e+01 2.885396826690907091e+01 5.458862083605399107e+01
1.473327437498470260e+02 7.210219066595846016e+01 1.751889661160692668e+00
1.172692870615791492e+02 6.381098280422796165e+01 1.891854754294220697e+01
1.438786436112308422e+02 5.347433985441620408e+00 5.553236139663368931e-01
1.389687664014899156e+02 -7.396175824674259047e+01 -2.214172093902599947e+00
9.398931911268897466e+01 2.790751780622399636e+01 5.819960727813077028e+01
1.486163997540476771e+02 9.254715101816725564e+01 -8.520178624805252454e+00
1.067988342027976643e+02 5.965386477991252434e+01 4.002828698114641526e+01
1.556289555059710494e+02 3.696329193010235059e+01 6.159749675137800295e+01
1.062243414471108451e+02 5.835365329680281121e+01 5.106048390775463020e+01
1.318113640599805478e+02 9.979372036958864101e+01 2.612816216885427423e+00
1.319706350601674103e+02 1.431009555151259782e+01 3.834629033874225001e+01
1.189337887964615561e+02 8.764767465468895580e+01 2.755689852179381205e+01
1.135131560776944468e+02 5.472141922395856284e+01 4.515372475081668568e+01
1.057888008144151968e+02 6.144620803424287203e+01 4.562791755275279826e+01
1.314709097662587283e+02 1.025981985851882143e+02 1.359775506602201034e+00
1.051590684718044884e+02 6.150390436314054909e+01 4.783649259722399449e+01
1.174643931664223686e+02 8.396024089448498273e+01 2.776500790615381220e+01
1.031876972753359212e+02 6.101835780688487887e+01 5.152326597764754723e+01
1.594750320052456232e+02 5.915987009160949839e+01 5.676990075250488132e+01
1.124525179255489888e+02 4.306129008269657987e+01 2.443422066952102512e+01
9.349795763468006271e+01 7.957821259994718233e+00 5.996550029810039462e+01
1.609176777147964685e+02 6.931375058876228401e+00 3.636282109312771382e+01
1.855263403353427520e+02 -2.658903295827806090e+01 -5.416859561863195438e+01
1.867503999733012279e+02 -2.499475660401493826e+01 -5.636475767369064016e+01
1.587960502750035516e+02 -4.432411892190032177e+01 1.145971859336079035e+01
1.169035442899429142e+02 8.192130657038011066e+01 2.715519640535645607e+01
1.575971504199151525e+02 -6.997513117780397351e+01 -8.509694184891388957e+00
1.235830349000853374e+02 7.987410996621596837e+01 2.671915686968229053e+01
1.686310050211214957e+02 -6.520707796163026160e+01 -1.140486885036342457e+01
1.172760595443593701e+02 7.079331835035142717e+01 2.497705979339166049e+01
1.172188197357214108e+02 6.974209703843209240e+01 2.593088233391624442e+01
1.578230381812788892e+02 -6.913765235424118316e+01 -6.364816286604435547e+00
9.146357561666877700e+01 9.129105310160682052e+00 6.057345869518455572e+01
1.096943558862256793e+02 5.808490018508921082e+01 3.881793068817599845e+01
1.099781563545507765e+02 6.129277960456226282e+01 3.932892560600900822e+01
9.778994356041992830e+01 1.187863543908423480e+01 4.743361169587680592e+01
1.752082441759677351e+02 2.748225155199462932e+01 2.254050101264809314e+01
1.246354304138110649e+02 6.954383964940622320e+01 2.429634537967042718e+01
1.789535625833926531e+02 5.266391834004942929e+00 -2.473250898384474183e+01
1.212596869657955949e+02 6.802708487706721030e+01 2.596954476932782541e+01
1.522810406668876340e+02 -7.335258443951830998e+01 -5.959929841003939188e+00
1.678482435582695871e+02 -6.183414689257682539e+01 -8.128593435324685146e+00
1.170400381534996654e+02 7.994467424013370760e+01 3.035188768492803746e+01
1.202173522149054605e+02 5.805907217654628028e+01 1.564226136275761903e+01
1.757164490427748262e+02 1.510198063261930201e+01 2.012402409784986546e+01
1.062723614518076829e+02 5.845743528332458538e+01 5.121576014300932655e+01
1.002336988947962197e+02 1.014256282203303527e+01 4.641902337709851878e+01
1.015459466264293837e+02 1.214963073586490339e+01 4.501742886069235539e+01
9.616622601478850640e+01 6.616308480494591748e+00 5.424221312241232340e+01
9.445024939371492678e+01 4.136744343904558363e+00 5.571451106438230028e+01
9.775845250817064880e+01 1.403840677713195895e+01 4.922512118768641187e+01
1.139795739347399319e+02 4.054273550946415128e+01 2.176695845663149598e+01
9.401017446575612269e+01 8.332782775315518364e+00 5.916983404426765958e+01
1.007606436640971026e+02 1.647139178313550190e+01 4.759613207258389167e+01
9.325447802804708886e+01 8.429698828808078304e+00 6.161411820612612189e+01
9.276806350762210229e+01 1.146468030721185904e+01 6.451879239144400913e+01
1.607842030710893653e+02 3.396859234496691471e+01 6.002491415700660582e+01
1.511973078377290847e+02 8.657414284146835826e+01 7.046336798776700050e-01
1.182763900962595187e+02 6.681670978412365969e+01 2.520527058309972546e+01
1.344991418466212565e+02 -6.690169975089372656e+01 -1.475822872091504578e+01
1.694786641208085314e+02 4.095777746939678821e+01 5.498255460296507380e+01
1.120195837155547451e+02 5.933854051010021635e+01 3.706756276897508684e+01
1.797597961078168396e+02 6.449431417978079839e-01 9.696368209808897021e+00
1.179762406072276804e+02 7.062300854015356322e+01 2.952519791912043701e+01
1.176896441376073028e+02 7.322790227905522897e+01 3.105811471039463356e+01
1.445678701101259378e+02 9.458810273122701062e+01 -7.502081763833585271e+00
1.669268870107646592e+02 -2.580842714370110258e+01 -5.646451548677830345e+01
1.101803666785612279e+02 6.495721574727254222e+01 4.457159616098409316e+01
1.753621638463520753e+02 2.829811515549701539e+01 1.632156170660656258e+01
1.071373573179537573e+02 6.000345826425578366e+01 4.847390827624204945e+01
1.203785228055318726e+02 8.322095835285635701e+01 2.811166274662027575e+01
1.043285533916739780e+02 5.972260948741119080e+01 5.376905732044880892e+01
1.827717372836748950e+02 -3.692733173781480360e+01 -4.033945869440957921e+01
1.086263534257690253e+02 6.587010267544401643e+01 4.865038162279547862e+01
1.220566414719796313e+02 8.555044439444891680e+01 2.721338171519908400e+01
1.193046253096377285e+02 8.349370124089547573e+01 3.154823219767407494e+01
1.766749584237712440e+02 1.706028652084074082e+01 1.802820547610809498e+01
1.124997029414439282e+02 5.997660404015920932e+01 5.008119100088553921e+01
1.184992772248691040e+02 7.543324317584087169e+01 3.158537087234908824e+01
1.529820807604916695e+02 9.020853600021374064e+01 -3.838414197381515791e+00
1.647931159274334618e+02 5.554976195761059898e+01 5.644825116734031667e+01
1.222749181612393272e+02 8.330212371524564219e+01 3.027734582854406042e+01
1.399925571111519389e+02 -6.954260470621763091e+01 -5.992583199594278653e+00
1.726335989756738627e+02 -2.028284901295680065e+00 -1.675183106609495809e+01
1.687327359913178384e+02 -5.727233338180499089e+01 -1.309430800801004757e+01
1.444778978092297734e+02 -7.210819945806396447e+01 -9.281079394293044516e+00
1.047131233652051208e+02 1.574816324847844129e+01 4.471219348167676344e+01
1.746488419885153291e+02 5.446403806237319856e+01 2.740627623793461964e+01
1.026700971034111376e+02 1.840748765862868552e+01 4.589655352734906302e+01
1.421947801370867808e+02 -6.944956087500963804e+01 -1.050160234116894564e+01
1.340232990797849197e+02 -3.343023205987080360e+01 1.505808268470283195e+01
1.786915481383085194e+02 -2.084415274347318814e+01 -4.178190398631919322e+01
1.812654719218214723e+02 -1.183030270036655374e+01 -2.539106875282403308e+01
1.692257280949330038e+02 2.461666735031896280e+01 5.059391309744972887e+01
9.626202489691988262e+01 2.326988021031819898e+01 6.518266812215627226e+01
1.302058819053270895e+02 1.482604592911433272e+01 4.037046494133974051e+01
1.230679640055417394e+02 6.787831199547005667e+01 2.458144702331939868e+01
1.277082961874400837e+02 7.194069866978330197e+01 2.814692765173236211e+01
1.408684607877456756e+02 3.333154470019854898e+01 6.083169093775491376e+01
1.218258871821627451e+02 7.257945068310969816e+01 2.747978829201858986e+01
1.116748876936092216e+02 5.715490649575677651e+01 4.396803958870179230e+01
1.297007959447538497e+02 5.384877224639711812e+01 1.929432500314758059e+01
1.104743737379600503e+02 5.492426352688224256e+01 4.876325316900481255e+01
1.098032975262007938e+02 5.501474050081742462e+01 4.790791607916978734e+01
1.109473392212535288e+02 5.704789336173998748e+01 4.840369085388539361e+01
1.105656400192365538e+02 5.807271097225139300e+01 4.557349251776706467e+01
1.088436121550484188e+02 5.863233012448539938e+01 5.140694272795239783e+01
1.237821440152853256e+02 8.086056365928149603e+01 2.764204647039743890e+01
1.244791177322859426e+02 8.234658408678758690e+01 2.658357027980184739e+01
1.116423186726599113e+02 6.483656740698062038e+01 4.776309556185874072e+01
1.237598427142647353e+02 8.467380659798776321e+01 2.803248023574300873e+01
1.210686574504014885e+02 8.314837743582414475e+01 3.201678868197858208e+01
1.227270467306564967e+02 8.608897607495902093e+01 2.943780459766644952e+01
1.481481574226326074e+02 3.106523591560884512e+01 6.124144661754395713e+01
1.126980230905772231e+02 5.482952136001819810e+01 4.237820436125539203e+01
1.097885825932978179e+02 5.701525241317926174e+01 4.771958542427008609e+01
1.780983130458969583e+02 3.133846788389055149e+01 2.082624543076119750e+01
1.584900571015515425e+02 7.400871529283563177e+01 -1.050816214689209005e+01
1.237345558134366854e+02 7.422267849674129536e+01 2.657612877826340991e+01
1.774111686519508169e+02 3.364318376932942556e+01 2.176272973193676208e+01
1.704641309780576819e+02 5.905842950294333349e+01 4.130435633212254487e+01
1.437885143470732885e+02 9.270069837679193370e+01 -2.186529913168338446e+00
1.253852591151250522e+02 8.028881372772876546e+01 2.580587724407113370e+01
1.512560919900824103e+02 -3.159694711582074689e+01 1.859397239300949067e+01
1.699252683696318513e+02 -1.892149047886717383e+01 -6.539315020406316137e+01
1.252987515308732327e+02 7.590817147890297178e+01 2.542578281539798013e+01
1.754149163677759304e+02 3.901745487113909405e+01 4.833529966607856210e+01
1.788397380464625712e+02 1.974125868566272146e+01 -9.524279231407030366e+00
1.132274677668003022e+02 6.254055392901140920e+01 4.871855678310529214e+01
1.583942152346176613e+02 9.012725615908257382e+00 -2.839127618725115454e+01
1.492865076181783479e+02 8.150977830837879878e+01 -1.491755551626860488e+01
1.769357678345066915e+02 7.501460114179627325e+00 -2.834663056774876111e+01
1.523223419748035212e+02 2.566798769720199047e+01 1.317205941115432211e+00
1.182803396708964101e+02 1.541332024918490262e+01 4.110700686330621778e+01
1.649658602630149176e+02 6.180140522223648958e+01 -6.587327690335717634e+00
1.434055905286284371e+02 7.698182546549453775e+01 -2.128990688056662250e-01
1.367221953583692766e+02 4.773629246311011798e+01 9.304765257809592072e+00
1.269551879742947875e+02 5.633364588818931651e+01 1.896046997439095705e+01
1.262308441746542798e+02 6.754701350690928052e+01 2.517629811933905160e+01
1.329550847686305417e+02 -6.688964925340309264e+01 -1.617621654554748289e+01
1.749142549135466425e+02 2.239788528022154779e+00 -8.950441361757075498e+00
1.263341808760783778e+02 7.347438477295389703e+01 2.465914037543820569e+01
1.402965156636487336e+02 9.665033268748227613e+01 7.572291328955760292e-01
1.134684780232828700e+02 5.569181819141948608e+01 4.658340912895413766e+01
1.264348203539688313e+02 7.564043080556869825e+01 2.579361682342844375e+01
1.501591753829666800e+02 7.938602834060590396e+01 -1.740388272837173034e+01
1.666760989405562725e+02 5.797430778730485201e+01 1.680504451040778946e+01
1.777054950160413398e+02 1.747168067850921247e+01 -2.060701197451231437e+01
1.766283936920939652e+02 6.906424682432227513e+00 9.313983199023263992e+00
1.586243790601795070e+02 -6.398155575113872118e+01 -1.556553856448626405e+01
1.783123689488845969e+02 -3.340205582443500987e+01 -4.765940189396868476e+01
1.845429181874717415e+02 -1.854831484488129689e+01 -5.614531687697607509e+01
1.301837874921128275e+02 5.611213737366833954e+01 2.028119040201644196e+01
1.747292624160720038e+02 -2.501761072587237322e+01 -4.465954651962366029e+01
1.801312777134148746e+02 -1.991650860058292238e+01 -4.645033995538589267e+01
1.782693595732926610e+02 -2.116295714868353173e+01 -4.436954681744477114e+01
1.141319464769952958e+02 5.752274018073299544e+01 4.508064006024213199e+01
1.776993326958072714e+02 -1.926996467878609565e+01 -4.281024198284329429e+01
1.793927754232612983e+02 -1.734471913567454493e+01 -4.467997909882160457e+01
1.786817838007943351e+02 -1.504454064376271560e+01 -4.412284078910898444e+01
1.853219214317273043e+02 -7.691976191752477376e+00 -2.338761037318577607e+01
1.687439524969053650e+02 1.921042539826106843e+00 -4.952654993893082391e+00
1.436087778774379728e+02 9.378249830290539535e+01 -1.630594562507230449e+00
1.383637698523363611e+02 4.076164843506711577e+01 4.223507681928024837e+00
1.562618202324622985e+02 -3.252987114510106892e+01 2.457162055603596684e+00
1.756893683716399153e+02 6.990169425944248616e+00 -3.017546626484667271e+01
1.858047314135423562e+02 -7.332560892351066784e+00 -2.664427491689840366e+01
1.354518008846397663e+02 -6.489758788350532370e+01 -1.412160333570773219e+01
1.675811411237012862e+02 -5.198912955859229523e-01 -1.155076258144912771e+01
1.602653749128849370e+02 5.850549367401065837e+01 -5.412362846462260180e+00
1.661761679113283208e+02 9.537409070095388408e-01 -7.943453982942680014e+00
1.030255429111288663e+02 4.049224878244755743e+00 5.689656632105634770e+01
1.434953139413632357e+02 6.731986696955381433e+01 -6.502362777222034040e+00
1.643074133871903939e+02 2.113533359745818885e+01 5.051540909004300772e+01
1.507557584156760697e+02 8.115032229007201181e+01 -1.714414715490326913e+01
1.283430394234916605e+02 1.720507202808174796e+01 5.779448541214699020e+01
1.184336157525793851e+02 3.768307623028450593e+01 3.911644895305394698e+01
1.207923518832007090e+02 4.272235897572205232e+01 3.541758420676853802e+01
1.471331897811169824e+02 -2.338631344825829572e+01 2.666939028275591284e+01
1.510336727256734264e+02 2.257881055658331348e+01 3.151554646166818685e-01
1.658914552484031333e+02 -1.926215211351853540e+01 1.530770091657003107e+01
1.073107053285522454e+02 2.509615089935122967e+01 5.983405599100885297e+01
1.197532917709398248e+02 3.418569575399654781e+01 4.057705677863918226e+01
1.723255613865614748e+02 2.587569102094623830e+01 -1.291565974125989591e+01
1.434648129674240522e+02 7.666359281939965342e+01 2.751345772248047439e+00
1.699902976600641011e+02 2.260773158129147475e+01 -8.298100177602982797e+00
1.687803676743607468e+02 2.343712499015357764e+01 -4.852479876312360219e+00
1.669905347421479291e+02 2.591470733987894803e+01 -6.909601068728346007e-01
1.662281010794380336e+02 2.781567486397190692e+01 2.323501803960899892e+00
1.320212994638573036e+02 -7.280408334594561381e+01 -9.184582814690719132e+00
1.593426389089533188e+02 -5.415134640127160282e+01 4.477536737855922766e+00
1.675520090932736252e+02 5.883753814443767993e+01 8.350539272620945752e+00
1.267671671724776843e+02 4.401309150831253447e+01 5.246926481607255255e+01
1.414198993484431526e+02 3.727028969033363381e+01 6.128871645093033749e+01
1.956452204945659901e+02 -1.234705183477803025e+01 1.048460825202648294e+01
1.532524865839327788e+02 2.936146294318909256e+01 2.322773995138996739e+00
1.418244088374395062e+02 3.507848359103395808e+01 6.089571813008214463e+01
1.554019755219294723e+02 6.852090379131735176e+01 3.494577717636941827e+01
1.555371528929094040e+02 7.376712126652765278e+01 -1.346000207691057149e+01
1.864484547926267624e+02 -1.128493358187085072e+01 -4.059532304948243109e+01
1.194560698732053368e+02 3.673307294934205913e+01 3.920215802171255604e+01
1.286610562059025824e+02 2.777105476182909882e+01 1.628365301546196164e+01
1.483407929372006606e+02 8.587140622842761672e+01 2.309961691210261847e+00
1.297865239996986304e+02 3.804864128334246942e+01 1.271636183817974519e+01
1.229528546917835854e+02 2.464960858648506203e+01 2.904100961388539304e+01
1.324087895564880171e+02 3.971609790608046353e+01 1.163670923813206670e+01
1.564914435172928791e+02 -9.277725920097370960e+00 2.776345722630355795e+01
1.157236718779721372e+02 2.616425846234815111e+01 4.876331078658147078e+01
1.311282747468746095e+02 5.705950506990575377e+01 2.153936338678192897e+01
1.361428346881468769e+02 6.423921353855027405e+01 2.356499418304951021e+01
1.174701994808478389e+02 2.669052269005337763e+01 4.744376046054811269e+01
1.198366027776912404e+02 3.647855629489448859e+01 4.241046463473232819e+01
1.115611646349189812e+02 2.391917416652836792e+01 5.642621846843583455e+01
1.101425224077416374e+02 2.458542788404043833e+01 5.809987947324782454e+01
1.761374760827040120e+02 3.438109854657637499e+01 1.731994509162644746e+01
1.372668654142344167e+02 4.322771608627490281e+01 7.570206059851630975e+00
1.649558607513113770e+02 5.996760327571018934e+01 1.966791084859577410e+01
1.450536869251691314e+02 8.482474525709814372e+01 2.814418519344307867e+00
1.800814636745306814e+02 -1.218172606992617268e+01 -2.339840727044683533e+01
1.719951059416763144e+02 -2.063184063645153898e+01 -5.745913319344433035e+01
1.401731103183968514e+02 -6.729561932581216865e+01 -1.234342878411441902e+01
1.491921902330266221e+02 6.929539375509259003e+01 2.330413000520680455e+00
1.395791193511822712e+02 2.279802053988868238e+01 4.954293387043698260e+00
1.318364065125432774e+02 4.015694450431955431e+01 1.597388312995379245e+01
1.161031410062142584e+02 2.425591548603656022e+01 4.695234673512401002e+01
1.494663397411494259e+02 2.795954466969292085e+01 2.559291291071243535e+00
1.894640861953246258e+02 -2.962766174708315248e+01 -4.980040512982547085e+01
1.637181962783281222e+02 -6.808986542051361823e+01 -9.031450844812303203e+00
1.909100752639025984e+02 -2.832473259965290069e+01 -5.148295998674596774e+01
1.635745925744581655e+02 -6.682348066445582901e+01 -7.461498661928371412e+00
1.787763267677264025e+02 9.582677891348868826e+00 -5.832642776677700702e+00
1.674236547899071468e+02 -5.624409633993521851e+01 -1.100939903020274713e+01
1.834167810321689558e+02 -2.832947215551099518e+01 -3.521221635072849665e+01
1.713325438089206614e+02 -1.882648205444816725e+01 -6.696304794648432335e+01
1.825763621929494036e+02 -2.645753437081871340e+01 -3.277673448338994433e+01
1.596645303287025115e+02 -6.964404833097849234e+01 -8.147330578366663190e+00
1.610765763074794563e+02 -5.544508404224925613e+01 1.929113764298293177e+00
1.657518606656940960e+02 5.994874433250122792e+01 1.602092394149996579e+01
1.600941250240748275e+02 -5.218783643456995947e+01 5.263106077041824982e+00
1.619525523934059095e+02 -4.210064530137426431e+01 4.403361067563501763e+00
1.588042003916753515e+02 4.223101322101516786e+01 4.111807985472897720e+00
1.724595361849377753e+02 -2.244225763980043453e+01 -5.398376421124102365e+01
1.391650870764870547e+02 4.836849300721445388e+01 7.702337891543058035e+00
1.818709357912727000e+02 -6.605445021447160947e+00 -2.403861666832349897e+01
1.780199323926406123e+02 2.387534787752257692e+00 -1.457962106108641365e+01
1.516522772348484693e+02 2.738761657381547820e+01 2.005974499636922204e+00
1.780486618249455546e+02 5.682761565342243415e+00 -1.500287611585896919e+01
1.776144519292602126e+02 2.584660345910668955e+00 -1.311839653430486941e+01
1.579665370305280589e+02 6.332575300399966522e+00 -2.605852114172684608e+01
1.207711250957679709e+02 3.068790245648661141e+01 4.071667031343724119e+01
1.765278650691336964e+02 3.577234677028317655e+00 -8.526792226307001954e+00
1.757999008838921497e+02 1.274805842272890288e+00 -6.374414023257291895e+00
1.804529948109000657e+02 1.348864623667966711e+01 -1.661634044111209363e+01
1.747411938466517825e+02 4.361764490047510989e+00 -4.818321269691415054e+00
1.543496798341487306e+02 -1.489169371236642725e-01 2.614178367784579038e+01
1.722059469911863516e+02 2.620645239998724563e+00 1.489357189281751204e+00
1.575401704752019043e+02 -3.249570952283905001e+01 6.168499159366840345e+00
1.410927116360535649e+02 4.483365200655946126e+01 4.081050499373523266e+00
1.404241081107820435e+02 4.755394964497315868e+01 5.435093043864588580e+00
1.506684828946497134e+02 6.263691001459824292e+01 -8.923909634370943422e+00
1.474548386322034617e+02 7.086412843384898963e+01 2.886988894055145138e+00
1.193159072179648064e+02 2.777591699113665413e+01 4.803505749575966632e+01
1.467239074582830654e+02 7.425160149740619886e+01 2.467965111818864798e+00
1.109940480829476570e+02 2.193441714541186016e+01 6.105165314868956727e+01
1.102999890244587249e+02 2.060270680920616826e+01 6.234873636724042001e+01
1.485329221950598821e+02 5.332057942485522517e+01 3.726871294402052115e+00
1.353332568907237601e+02 6.499886851285697276e+01 2.569576737697361324e+01
1.495734441936916994e+02 8.776736250716706422e+01 8.724534241371362242e-01
1.705845874567155818e+02 5.772764602810087098e+01 2.335094521373241605e+01
1.679455263651609300e+02 6.066902780642636372e+01 3.421752239353216396e+01
1.703743227449500353e+02 4.276052211120023117e+01 5.480905979809144668e+01
1.219454012017597933e+02 2.310106154538937062e+01 4.038483677777650627e+01
1.548671257187401409e+02 5.602349551426460295e+01 5.984079323240035819e+01
1.402591598273233160e+02 -7.405064498398137118e+01 -1.542080190459990341e+00
1.183687702455297597e+02 2.717781717453725321e+01 5.179519136901006249e+01
1.416478293524417040e+02 5.564817316731893015e+01 1.107062459195726944e+01
1.476327787138270082e+02 6.707240209365063777e+01 1.702078563562892555e+00
1.793467779037399907e+02 4.963619564982066024e+00 -1.442667280767859239e+01
1.423261487712428277e+02 5.747578280721526767e+01 1.047943912537403577e+01
1.637677324803422891e+02 -1.743050227411176678e+01 1.364601182071031360e+01
1.348635257168974135e+02 2.166666657423641951e+01 1.521889572893068987e+01
1.519022685888289743e+02 5.889231786829040516e+01 -7.086689777828605763e+00
1.532900574495145065e+02 6.143206850356968118e+01 -8.333831567405452390e+00
1.577028416323617535e+02 4.598066697582966356e+01 5.212380756364821011e+00
1.202534595217560991e+02 4.898934768828998365e+00 5.102988578013254539e+01
1.192878719742657125e+02 8.946381494537025247e+00 4.787592671530825328e+01
1.555458227037969152e+02 8.873843147869659731e+01 -3.605907989278277270e+00
1.165306931740999801e+02 7.738065240928099442e+00 5.131875026524743788e+01
1.179069964806589610e+02 9.953757597238272581e+00 5.165640288587311346e+01
1.582538228201604227e+02 7.243148740153380061e+01 -1.400763847777363047e+01
1.544598125428826734e+02 6.745349793610519384e+01 1.098421998093060736e+01
1.573874780177413299e+02 7.369216003161207595e+01 -1.232723250302493767e+01
1.414173109018636580e+02 5.419351151788774956e+01 1.218399308872805875e+01
1.572102656297627448e+02 8.873014665814865509e+01 -6.747595058606915330e+00
1.214849620627378357e+02 3.730619577880258930e+01 4.848791086958098617e+01
1.663580195931818082e+02 -5.302767820902391627e+00 1.276605478375260816e+01
1.360233085496476235e+02 -6.696230432448983549e+01 -1.706653365806853628e+01
1.434551837844240936e+02 6.277460057724564990e+01 1.557526157693087043e+01
1.544488099853140568e+02 5.259511096666759755e+01 6.124905620170534348e+01
1.359614232466092290e+02 -6.414505755861611647e+01 -1.470694111057137832e+01
1.901613125327359910e+02 -2.770895713346322609e+01 -4.862250452966619463e+01
1.321425975869142917e+02 -7.400534724544883147e+01 -9.936328184999494439e+00
1.809013980929425429e+02 -1.555816213960065220e+01 -4.525035479162617946e+01
1.329207448830044598e+02 -7.193618616183113090e+01 -9.984544687065929125e+00
1.644570793051197484e+02 -2.368993852404428679e+01 -6.229064553629755352e+01
1.497045346461272288e+02 6.747185307138194332e+01 5.466900984332811575e+00
1.352721775901936780e+02 -7.311104591719198709e+01 -1.100092232439564377e+01
1.652889949585702425e+02 -2.421904524259312552e+01 -6.137369101119019632e+01
1.653346512632553242e+02 -2.368026743830390757e+01 -6.194640217391204118e+01
1.336781677511880559e+02 -7.277547495184673210e+01 -7.788842391301702861e+00
1.659517012720685614e+02 -2.263762154721624853e+01 -6.098191196024750838e+01
1.343634389012207464e+02 -7.068728449091844368e+01 -9.863288738334571093e+00
1.371693614168946738e+02 -6.504260325854582447e+01 -1.328194758158375777e+01
1.380700349258591757e+02 -6.349582230344613976e+01 -1.405029085816222612e+01
1.417478147728815543e+02 1.000453974774656629e+01 3.749281339068174290e+00
1.586289636703716326e+02 8.944174740097718512e+00 -2.640215066728565674e+01
1.526856462136860841e+02 6.699855900657520635e+01 1.014532825316091902e+01
1.309634794416852515e+02 1.633527101116682800e+01 3.208058029151248292e+01
1.311137525596978719e+02 1.585662288520907737e+01 3.111875974241917930e+01
1.218776402121864493e+02 8.961523370668270871e+00 4.907560256587371583e+01
1.200479633462321516e+02 6.201818451263683585e+00 4.927253468885625409e+01
1.206834733895878600e+02 7.896157339876239689e+00 5.258701930454390805e+01
1.187700917804126419e+02 8.773159675442641969e+00 5.668243660105903814e+01
1.724849880251246077e+02 -2.485174428414462611e+01 -5.724599130101262290e+01
1.598442684540385130e+02 7.775466555829369497e+01 -1.093990038239344997e+01
1.596154174033181334e+02 8.149441996298003232e+01 -1.049910567598836586e+01
1.420507229699764480e+02 6.669084217840732265e+01 2.598152606954835875e+01
1.503227564709746673e+02 8.913084508092600444e+00 3.265574643615966721e+01
1.629221680621395763e+02 1.916083098026315312e+01 -2.551123068193183485e+01
1.594019889026922101e+02 1.028560471925722730e+01 -3.048077310744689683e+01
1.858959381095015715e+02 -2.004682877922812168e+01 -5.512193056528686697e+01
1.700595754949435445e+02 -1.979472125676263516e+01 -6.655744014196918101e+01
1.423972963826127796e+02 3.113840482407691290e+00 3.194078863227037601e+00
1.786244557263855199e+02 -2.618340050441369016e+01 -3.720789721472998224e+01
1.440577208890112502e+02 6.718368101002452875e+01 2.482075664338557885e+01
1.707736219548075098e+02 -1.876603441179674192e+01 -6.710753995524970605e+01
1.520877234723529909e+02 4.481146584269234978e+01 4.406236047573139913e+00
1.570944663636108487e+02 3.979766553744680380e+01 4.742426426459648070e+00
1.567899632656751123e+02 1.100564815226385917e+01 -2.752529974495591958e+01
1.364685814837699809e+02 -1.936488673204488720e+01 9.800940434413721647e+00
1.874418458112863846e+02 -2.378923535824981883e+01 -5.025272130803719506e+01
1.717683572224846102e+02 -2.031990875166881949e+01 -6.586459665086800896e+01
1.415037137002326517e+02 -6.758995530050587774e+01 -1.582788778579125832e+01
1.403953609426750404e+02 -6.970548150087978456e+01 -1.663098205024316201e+01
1.680286311394422114e+02 -2.453590774722316326e+01 -5.874899595354231252e+01
1.673659159659870852e+02 -2.236323094192387018e+01 -5.658145022182263517e+01
1.570432714495594553e+02 9.477294776336218973e+00 -2.518418877755131291e+01
1.447013078033858733e+02 2.787891869112492316e+00 3.325439899178014969e+00
1.499671040110418403e+02 7.941508327621299657e+00 -3.948360109057000855e-01
1.434125452089388375e+02 4.787535733591196774e+00 5.331575462880763894e+00
1.480498060892932699e+02 1.520531234685012478e+01 -1.281759650042960885e+00
1.344253989818699324e+02 1.377206554480789791e+01 3.037138175446379051e+01
1.321921926119032378e+02 1.610589946339198164e+01 3.625614606612530366e+01
1.306403146202384562e+02 1.580821197445871817e+01 3.945604265909338437e+01
1.247022552647011651e+02 1.037195337215895208e+01 5.280865262027281659e+01
1.579807521486611961e+02 7.571171367556907228e+01 -7.496526668578677999e-01
1.590861210248088753e+02 7.983536900132355640e+01 -2.066847685089389763e+00
1.449829049490614068e+02 6.337445446947236860e+01 2.271333314950001991e+01
1.458608919777938411e+02 6.401319120092526305e+01 2.438012598973740808e+01
1.298149132904930241e+02 4.560105416885181029e+01 5.318586639612953348e+01
1.272076386379889072e+02 3.733864482955865327e+01 5.401937554330645241e+01
1.465129944003544722e+02 6.586582328219202509e+01 2.323175513779425572e+01
1.458031678770099973e+02 6.709414054985259668e+01 2.521982441754381910e+01
1.304683619236135428e+02 5.000543118474123361e+01 5.322364218332948127e+01
1.713069335725167832e+02 -2.162978414873342103e+01 -6.376785430368577323e+01
1.627431617873887433e+02 7.441518232961710666e+00 -3.571777412888640413e+01
1.326889945724782081e+02 -3.610553468110764186e+01 1.420002936201434807e+01
1.660399204408882383e+02 -1.830399121219001390e+00 -3.796293433271615214e+01
1.480233910435942164e+02 -2.563808696856515468e+01 2.548087406534569510e+01
1.805328353062398890e+02 3.401938243415115082e+00 -1.052752455854178848e+01
1.799486813858419794e+02 7.073128294278115291e+00 -1.204107594471162379e+01
1.222426544616414219e+02 1.102759985913110086e+01 5.548868783548412154e+01
1.421878401258047688e+02 6.929526077254909922e+01 3.500783777896905491e+01
1.740522606040280209e+02 -2.090985376062865697e+01 -6.414712177872263510e+01
1.343059555199316719e+02 1.379300521275339264e+01 3.242019372600972815e+01
1.568567713234106975e+02 6.744244707114040338e+00 -2.194582110950185694e+01
1.719101886246683080e+02 -2.345444832884953712e+01 -5.806980692940084765e+01
1.713800749859642281e+02 -1.771937380004920115e+01 -6.213303740373572026e+01
1.618641167838533761e+02 5.411843011906869094e+01 -7.389539919821279668e-01
1.515710625532764197e+02 1.879259198326589697e+01 -4.507445396874406818e+00
1.388247161621770545e+02 -7.357458943790155104e+01 -7.731795923856442876e+00
1.709876746695948384e+02 -1.876022438250831925e+01 -6.077377611007715075e+01
1.778845326749713252e+02 -2.479079902495276144e+01 -4.076726646388553377e+01
1.789936652973998434e+02 2.185803040409186160e+00 -3.291897850102094480e+01
1.637561759676159454e+02 1.411599665164945616e+00 -3.661945008153274728e+01
1.757537641832976760e+02 -6.207195335469900321e+00 -4.330063112903675204e+01
1.551608148131919620e+02 -2.998613655064472638e+01 1.652232230231234666e+01
1.488330924225861054e+02 -2.903655203860711609e+01 2.268627743158022980e+01
1.756825222866493732e+02 1.242847962021628394e+00 -4.075074696079436620e+01
1.632048235082502003e+02 -1.954129120492474669e+01 1.582514812529681336e+01
1.602338506484940694e+02 -2.125615306009175498e+01 2.188790506264489366e+01
1.416900031045877313e+02 -7.162052891543031308e+01 -1.044918373389089084e+01
1.431444480055506574e+02 -6.977010398330575924e+01 -1.249242217947118760e+01
1.403535402746790908e+02 -7.217741669408491134e+01 -6.880480217135311882e+00
1.688557124337587254e+02 -2.835657015127780056e+01 -5.530555092107720583e+01
1.685773364079043972e+02 -2.496853572489583684e+01 -5.295775107729216558e+01
1.423232158482006469e+02 -6.371984329074306430e+01 -1.043327902464714896e+01
1.453134183173488623e+02 -5.916420643068008900e+01 -1.329938355293252350e+01
1.600301541268019889e+02 2.242736286177425242e+01 -1.028469906130644240e+01
1.602938896358643603e+02 1.490342614780625130e+00 -2.446035741719104095e+01
1.429049693795809333e+02 -8.298167520379168494e+00 7.073761252232054986e+00
1.432124450286665365e+02 -4.430974616974810232e+01 -1.681097213595044160e+00
1.550257157939508943e+02 2.097931026035199764e+01 -2.978161274613407627e+00
1.526563358328437232e+02 2.341644622847820401e+01 -2.609631743567186746e-01
1.540574917119936913e+02 3.988412362210774376e+01 4.025647017660340055e+00
1.355758900751549447e+02 1.394949103487978270e+01 3.557251657737334227e+01
1.540114405043396744e+02 4.271790854939058590e+01 4.552141935577045828e+00
1.636670559129193805e+02 5.833083470913822310e+01 -5.268111723132395063e+00
1.621892254709849794e+02 6.183172931633280456e+01 -5.965886652259096756e+00
1.267607967985147042e+02 9.967299466826995413e+00 5.297150389156592354e+01
1.575573376179080185e+02 -7.175751193791764138e+01 -7.792104224897381748e+00
1.460814907150221416e+02 6.722838213175447208e+01 3.232755100714108210e+01
1.329447786696012770e+02 4.738317285253349809e+01 5.473213048358714872e+01
1.452090538829932029e+02 6.796007685790499409e+01 3.438242491849405269e+01
1.432001412329639152e+02 6.932379299216421487e+01 4.015697486850616826e+01
1.420295596580848212e+02 6.938426007719374411e+01 4.213932538341845913e+01
1.579266627816347466e+02 -6.984827204406164469e+01 -1.077469171163578388e+01
1.423408410506309281e+02 -7.240757052650988612e+01 -5.941127991456221835e+00
1.848226924095270931e+02 -6.174486394629069785e+00 -2.616506769613565808e+01
1.611515646477013775e+02 6.257251121593300525e+01 5.112712816748091171e+01
1.564499063693895664e+02 -3.324700808998317569e+01 5.118403900847775745e+00
1.548985979679110301e+02 -3.117175758956050302e+01 9.592635232057833861e+00
1.832052771065464754e+02 -8.683321702378004048e+00 -2.429125208880081388e+01
1.386533481248317230e+02 -7.742799638191833367e+01 -3.576307572136662394e+00
1.641438808125556079e+02 -2.598375166664603775e+00 -3.218552088023214708e+01
1.540617529016019489e+02 2.661214920162890962e+01 1.348066143470187939e+00
1.693707856644929848e+02 -2.806526062637414753e+01 -5.286171285905167139e+01
1.533383009427136017e+02 4.856244964317433244e+00 -4.186614419188582126e+00
1.593732890571783400e+02 2.397151904912730913e+01 -8.933647410363366959e+00
1.456324206523543126e+02 -7.015552141070170933e+01 -1.122188568490660465e+01
1.757796907073018247e+02 -2.136771314239066299e+01 -6.249773183928380149e+01
1.405766524177364545e+02 -7.608836145719980948e+01 -2.414284182656453837e+00
1.395439374569917845e+02 -7.714971154624630856e+01 -3.469345071413489023e+00
1.726284486614499940e+02 -2.353021524915612872e+01 -5.715558787673026586e+01
1.406163479683594346e+02 -7.444500151193174986e+01 -5.266235556042965449e+00
1.732132938194336020e+02 -2.076809583882294064e+01 -5.542924330411509004e+01
1.496488839270629114e+02 -4.208156054878330110e+01 -8.775997216770209164e+00
1.570137187126461242e+02 3.842722664171825286e+00 -6.991443801032599659e+00
1.562004507194176881e+02 6.330207347087966063e+00 -7.189881020443300130e+00
1.398380166743893653e+02 -1.246686984567127965e+01 2.229913140922359815e+01
1.616299849577622751e+02 2.356061363857708457e+01 -1.217628409904454934e+01
1.603162547101414361e+02 2.365525400381880416e+01 -8.341886651995000790e+00
1.387995776659725777e+02 1.124582613626921734e+01 3.268593345937232897e+01
1.391785889625915047e+02 1.220367829541474158e+01 3.453292080351538829e+01
1.381363589100382399e+02 1.323492037018504419e+01 3.697248786018355560e+01
1.582498227019016213e+02 4.232950063750996605e+01 7.163087741878708670e+00
1.618097691127414350e+02 5.616222731343598440e+01 -2.173939554203813351e+00
1.630940832294364213e+02 5.766187135975484779e+01 -1.705245382341167293e+00
1.632996011864294132e+02 6.020771404399873461e+01 -2.941543063044771422e+00
1.310221610943384860e+02 1.069039311640602641e+01 5.249691805642151365e+01
1.291324827972725870e+02 1.205382455876741332e+01 5.571054823589783922e+01
1.634830159747664027e+02 2.417134374084332293e+01 -1.401657267777354221e+01
1.730766741561260460e+02 -2.181694503166938048e+01 -5.188843052780965337e+01
1.295938997269711876e+02 1.343705049319948763e+01 5.667764147364270855e+01
1.620354139537460867e+02 2.513465648738109337e+01 -1.099573932151665900e+01
1.675615174411870214e+02 -5.998124881084679316e+01 -7.612188154454405442e+00
1.304325433306671016e+02 1.495694715130833785e+01 5.739599877571282605e+01
1.478151253820969089e+02 -5.924900975425241967e+01 -8.586469610698415522e+00
1.507913874072128522e+02 -3.968158923618511125e+01 -1.032628456145209483e+01
