79
87
119
345
366
369
430
626
659
679
893
912
970
1131
1166
1189
1227
1325
1333
1335
1348
1359
1398
1399
1468
1471
1499
1537
1562
1567
1590
1848
2060
2061
2069
2071
2072
2121
2179
2253
2287
2372
2460
2494
2541
2595
2599
2639
2659
2660
2860
2918
2932
3099
3101
3260
3285
3290
3308
3444
3447
3489
3569
3686
3687
3976
3984
4097
4099
4197
4261
4338
4433
4597
4610
4647
4679
4681
4687
4716
4736
4826
4875
4880
4983
5242
5267
5276
5330
5349
5486
5529
5566
5577
5580
5623
5682
5730
5826
5903
5907
5913
5919
5942
6008
6013
6043
6053
6068
6137
6156
6166
6177
6264
6421
6537
6556
6612
6619
6623
6638
6641
6986
7024
7120
7169
7176
7245
7253
7379
7517
7608
7673
7770
7819
8172
8267
8273
8338
8350
8452
8778
8926
8930
8980
8994
8996
9101
9211
9255
9272
9427
9565
9605
9622
9682
9690
9766
9769
9791
9943
9989
9991
10004
10073
10092
10133
10175
10216
10261
10487
10490
10536
10539
10599
10637
10782
10805
10934
10971
11011
11039
11088
11093
11112
11257
11259
11266
11270
11314
11321
11335
11348
11350
11385
11436
11450
11472
11504
11505
11544
11562
11567
11572
11605
11661
11791
11816
11837
11845
11850
11960
11979
12004
12006
12007
12249
12478
12507
12589
12603
12604
12699
12790
12805
12816
12846
12853
12866
12870
12908
12995
13037
13043
13061
13093
13257
13258
13335
13491
13538
13621
13706
13859
13945
14004
14060
14141
14165
14234
14317
14361
14391
14413
14451
14465
14529
14556
14564
14709
14750
14799
14822
14883
14980
15197
15236
15240
15408
15455
15513
