337
340
1435
1437
1439
1441
1562
1564
1683
1689
1807
1813
1817
1940
2423
2548
2562
3684
3685
3686
3731
3732
3733
3734
3735
3736
3741
3742
3882
3887
3888
3889
3890
3891
3897
3898
3899
3900
3901
3904
3905
3906
3907
3908
3913
3914
3915
3916
3917
3918
3923
3924
3945
3946
3951
3952
3953
3954
3955
3961
3962
3963
3964
3965
3968
3969
3970
3971
3972
3977
3978
3979
3980
3981
3982
3987
3988
4071
4072
4077
4078
4079
4080
4081
4087
4088
4089
4090
4091
4094
4095
4096
4097
4098
4103
4104
4105
4106
4107
4108
4113
4114
4116
4117
4130
4131
4133
4134
4139
4140
4141
4142
4143
4149
4150
4151
4152
4153
4156
4157
4158
4159
4160
4165
4166
4167
4168
4169
4170
4175
4176
4178
4247
4248
4249
4251
4252
4253
4255
4256
4261
4262
4263
4264
4265
4271
4272
4273
4274
4275
4278
4279
4280
4281
4282
4287
4288
4289
4290
4291
4292
4297
4298
4300
4307
4308
4309
4310
4312
4313
4314
4316
4317
4322
4323
4324
4325
4326
4332
4333
4334
4335
4336
4339
4340
4341
4342
4343
4348
4349
4350
4351
4352
4353
4358
4359
4489
4490
4491
4493
4494
4495
4497
4498
4503
4504
4505
4506
4507
4513
4514
4515
4516
4517
4520
4521
4522
4523
4524
4529
4530
4531
4532
4533
4534
4539
4540
4550
4551
4553
4554
4555
4557
4558
4563
4564
4565
4566
4567
4573
4574
4575
4576
4577
4580
4581
4582
4583
4584
4589
4590
4591
4592
4593
4594
4599
4600
4669
4671
4672
4673
4675
4676
4681
4682
4683
4684
4685
4691
4692
4693
4694
4695
4698
4699
4700
4701
4702
4707
4708
4709
4710
4711
4712
4717
4718
4727
4728
4730
4731
4732
4734
4735
4740
4741
4742
4743
4744
4750
4751
4752
4753
4754
4757
4758
4759
4760
4761
4766
4767
4768
4769
4770
4771
4776
4777
4845
4846
4848
4849
4850
4852
4853
4858
4859
4860
4861
4862
4868
4869
4870
4871
4872
4875
4876
4877
4878
4879
4884
4885
4886
4887
4888
4889
4894
4895
4904
4905
4907
4908
4909
4911
4912
4917
4918
4919
4920
4921
4927
4928
4929
4930
4931
4934
4935
4936
4937
4938
4943
4944
4945
4946
4947
4948
4953
4954
5081
5082
5084
5085
5086
5088
5089
5094
5095
5096
5097
5098
5104
5105
5106
5107
5108
5111
5112
5113
5114
5115
5120
5121
5122
5123
5124
5125
5130
5131
5140
5141
5143
5144
5145
5147
5148
5153
5154
5155
5156
5157
5163
5164
5165
5166
5167
5170
5171
5172
5173
5174
5179
5180
5181
5182
5183
5184
5189
5190
5258
5259
5261
5262
5263
5265
5266
5271
5272
5273
5274
5275
5281
5282
5283
5284
5285
5288
5289
5290
5291
5292
5297
5298
5299
5300
5301
5302
5307
5308
5316
5317
5318
5320
5321
5322
5324
5325
5330
5331
5332
5333
5334
5340
5341
5342
5343
5344
5347
5348
5349
5350
5351
5356
5357
5358
5359
5360
5361
5366
5367
5438
5440
5441
5442
5444
5445
5450
5451
5452
5453
5454
5460
5461
5462
5463
5464
5467
5468
5469
5470
5471
5476
5477
5478
5479
5480
5481
5486
5487
5498
5500
5501
5502
5504
5505
5510
5511
5512
5513
5514
5520
5521
5522
5523
5524
5527
5528
5529
5530
5531
5536
5537
5538
5539
5540
5541
5546
5547
5679
5680
5682
5683
5684
5686
5687
5692
5693
5694
5695
5696
5702
5703
5704
5705
5706
5709
5710
5711
5712
5713
5718
5719
5720
5721
5722
5723
5728
5729
5740
5741
5743
5744
5745
5747
5748
5753
5754
5755
5756
5757
5763
5764
5765
5766
5767
5770
5771
5772
5773
5774
5779
5780
5781
5782
5783
5784
5789
5790
5862
5863
5864
5866
5867
5868
5870
5871
5876
5877
5878
5879
5880
5886
5887
5888
5889
5890
5893
5894
5895
5896
5897
5902
5903
5904
5905
5906
5907
5912
5913
5915
5916
5926
5927
5929
5930
5931
5933
5934
5939
5940
5941
5942
5943
5949
5950
5951
5952
5953
5956
5957
5958
5959
5960
5965
5966
5967
5968
5969
5970
5975
5976
6060
6062
6063
6068
6069
6070
6071
6072
6078
6079
6080
6081
6082
6085
6086
6087
6088
6089
6094
6095
6096
6097
6098
6099
6104
6105
6124
6126
6127
6132
6133
6134
6135
6136
6142
6143
6144
6145
6146
6149
6150
6151
6152
6153
6158
6159
6160
6161
6162
6163
6168
6169
6234
6326
6327
6328
6329
6330
6335
6336
6337
6338
6339
6340
6384
6385
6389
6390
6391
6392
6394
6449
6601
6622
6627
6792
7002
7004
7213
7215
7218
7219
7220
7221
7227
7229
7233
7236
7239
7241
7466
7474
7795
7796
7912
7915
7916
7917
7919
7920
7921
7922
7923
7925
7926
7927
7929
7930
7935
7936
7937
7938
7939
7945
7974
7976
7977
7978
7980
7981
7982
7983
7984
7986
7987
7988
7990
7991
7996
7997
7998
7999
8000
8006
8007
8035
8097
8099
8100
8101
8102
8104
8105
8106
8108
8109
8110
8111
8112
8114
8115
8116
8118
8119
8124
8125
8126
8127
8128
8134
8135
8161
8162
8163
8164
8165
8167
8168
8169
8171
8172
8173
8174
8175
8177
8178
8179
8181
8182
8187
8188
8189
8190
8191
8197
8198
8199
8200
8201
8213
8214
8285
8286
8287
8288
8289
8291
8292
8293
8295
8296
8297
8298
8299
8301
8302
8303
8305
8306
8311
8312
8313
8314
8315
8321
8322
8323
8324
8325
8327
8328
8329
8330
8331
8332
8347
8348
8349
8350
8351
8353
8354
8355
8357
8358
8359
8360
8361
8363
8364
8365
8367
8368
8373
8374
8375
8376
8377
8383
8384
8385
8386
8387
8389
8390
8391
8392
8393
8394
8532
8533
8534
8535
8537
8538
8539
8541
8542
8543
8544
8545
8547
8548
8549
8551
8552
8557
8558
8559
8560
8561
8567
8568
8569
8570
8571
8573
8574
8575
8576
8577
8578
8583
8584
8593
8594
8595
8596
8598
8599
8600
8602
8603
8604
8605
8606
8608
8609
8610
8612
8613
8618
8619
8620
8621
8622
8628
8629
8630
8631
8632
8634
8635
8636
8637
8638
8639
8644
8645
8711
8712
8713
8714
8715
8716
8718
8719
8720
8722
8723
8724
8725
8726
8728
8729
8730
8732
8733
8738
8739
8740
8741
8742
8748
8749
8750
8751
8752
8754
8755
8756
8757
8758
8759
8764
8765
8772
8773
8774
8775
8776
8778
8779
8780
8782
8783
8784
8785
8786
8788
8789
8790
8792
8793
8798
8799
8800
8801
8802
8808
8809
8810
8811
8812
8814
8815
8816
8817
8818
8819
8824
8825
8892
8893
8894
8895
8896
8898
8899
8900
8902
8903
8904
8905
8906
8908
8909
8910
8912
8913
8918
8919
8920
8921
8922
8928
8929
8930
8931
8932
8934
8935
8936
8937
8938
8939
8944
8945
8952
8953
8954
8955
8956
8958
8959
8960
8962
8963
8964
8965
8966
8968
8969
8970
8972
8973
8978
8979
8980
8981
8982
8988
8989
8990
8991
8992
8994
8995
8996
8997
8998
8999
9004
9005
9132
9133
9134
9135
9136
9138
9139
9140
9142
9143
9144
9145
9146
9148
9149
9150
9152
9153
9158
9159
9160
9161
9162
9168
9169
9170
9171
9172
9174
9175
9176
9177
9178
9179
9184
9185
9192
9193
9194
9195
9196
9198
9199
9200
9202
9203
9204
9205
9206
9208
9209
9210
9212
9213
9218
9219
9220
9221
9222
9228
9229
9230
9231
9232
9234
9235
9236
9237
9238
9239
9244
9245
9313
9314
9315
9316
9318
9319
9320
9322
9323
9324
9325
9326
9328
9329
9330
9332
9333
9338
9339
9340
9341
9342
9348
9349
9350
9351
9352
9354
9355
9356
9357
9358
9359
9364
9365
9369
9372
9373
9374
9375
9376
9378
9379
9380
9382
9383
9384
9385
9386
9388
9389
9390
9392
9393
9398
9399
9400
9401
9402
9408
9409
9410
9411
9412
9414
9415
9416
9417
9418
9419
9424
9425
9492
9493
9494
9495
9496
9497
9499
9500
9501
9503
9504
9505
9506
9507
9509
9510
9511
9513
9514
9519
9520
9521
9522
9523
9529
9530
9531
9532
9533
9535
9536
9537
9538
9539
9540
9545
9546
9553
9554
9555
9556
9557
9558
9560
9561
9562
9564
9565
9566
9567
9568
9570
9571
9572
9574
9575
9580
9581
9582
9583
9584
9590
9591
9592
9593
9594
9596
9597
9598
9599
9600
9601
9606
9607
9609
9610
9611
9614
9675
9736
9738
9739
9740
9741
9742
9744
9745
9746
9748
9749
9750
9751
9752
9754
9755
9756
9758
9759
9764
9765
9766
9767
9768
9774
9775
9776
9777
9778
9780
9781
9782
9783
9784
9785
9790
9799
9801
9802
9803
9804
9805
9807
9808
9809
9811
9812
9813
9814
9815
9817
9818
9819
9821
9822
9827
9828
9829
9830
9831
9837
9838
9839
9840
9841
9843
9844
9845
9846
9847
9848
9853
9854
9923
9924
9926
9927
9928
9929
9930
9932
9933
9934
9936
9937
9938
9939
9940
9942
9943
9944
9946
9947
9952
9953
9954
9955
9956
9962
9963
9964
9965
9966
9968
9969
9970
9971
9972
9977
9978
9991
9992
9993
9995
9996
9997
9999
10000
10001
10002
10003
10005
10006
10007
10009
10010
10015
10016
10017
10018
10019
10025
10026
10027
10028
10029
10031
10032
10033
10036
10097
10123
10124
10125
10127
10128
10129
10130
10131
10133
10134
10135
10137
10138
10143
10144
10145
10146
10147
10153
10154
10155
10156
10157
10189
10190
10191
10193
10194
10195
10196
10197
10199
10200
10201
10203
10204
10209
10210
10211
10212
10213
10219
10220
10221
10222
10223
10373
10374
10380
10381
10382
10383
10384
11163
11239
11864
11937
13102
13839
