3
7
8
9
10
11
12
22
24
26
28
29
31
32
33
36
48
52
56
60
66
67
68
69
70
71
72
73
86
88
94
97
98
100
103
104
114
118
119
121
124
126
132
136
141
142
143
145
146
152
153
155
156
157
158
160
165
169
170
177
181
193
198
199
202
206
214
217
231
232
244
252
256
260
268
271
286
287
288
290
292
293
295
297
308
310
324
328
337
340
341
342
343
344
347
350
352
353
356
367
368
369
373
377
379
382
383
389
391
395
402
403
410
412
413
426
428
429
430
432
435
437
442
444
446
453
454
458
466
468
473
482
492
502
509
514
516
517
518
523
525
526
527
528
529
537
538
539
540
541
543
550
551
553
557
566
571
575
578
582
584
596
601
607
614
615
619
620
621
623
625
627
628
630
632
633
636
640
650
657
665
672
673
674
677
679
685
686
690
707
711
712
714
715
716
717
720
722
723
727
728
738
741
750
753
760
770
776
783
788
809
810
811
813
815
817
821
824
827
838
839
840
857
868
897
903
905
906
907
911
915
917
923
933
946
956
961
965
972
976
984
1025
1030
1033
1035
1036
1039
1047
1059
1062
1074
1079
1105
1114
1118
1119
1124
1134
1135
1137
1145
1154
1155
1156
1162
1181
1187
1210
1212
1213
1226
1238
1248
1251
1270
1301
1306
1310
1317
1335
1337
1338
1339
1369
1380
1383
1384
1385
1390
1393
1443
1459
1460
1462
1464
1469
1473
1484
1485
1486
1490
1495
1497
1501
1502
1510
1511
1535
1550
1551
1561
1563
1566
1567
1568
1570
1573
1576
1583
1584
1585
1586
1596
1604
1606
1609
1619
1646
1657
1659
1660
1662
1663
1664
1665
1666
1668
1669
1672
1675
1694
1726
1756
1757
1758
1759
1765
1766
1768
1771
1773
1774
1775
1781
1797
1805
1807
1810
1852
1854
1855
1858
1860
1862
1865
1866
1868
1870
1873
1877
1920
1927
1940
1941
1949
1951
1955
1957
1959
1960
1961
1962
1965
1969
1981
2003
2023
2033
2043
2045
2047
2049
2054
2056
2057
2062
2122
2138
2139
2140
2142
2145
2146
2152
2154
2156
2157
2171
2172
2177
2182
2193
2202
2219
2229
2230
2231
2235
2237
2267
2272
2308
2310
2324
2325
2333
2345
2347
2363
2370
2381
2413
2428
2434
2435
2442
2443
2444
2459
2481
2493
2494
2499
2511
2517
2519
2520
2533
2535
2585
2587
2593
2619
2620
2644
2647
2673
2675
2689
2696
2699
2701
2751
2753
2754
2759
2775
2777
2780
2781
2786
2848
2849
2852
2860
2884
2898
2922
2924
2925
2927
2939
2948
2957
2958
2988
2990
2992
2995
2999
3011
3012
3014
3016
3023
3029
3030
3031
3038
3043
3050
3051
3052
3054
3077
3079
3098
3103
3113
3115
3118
3119
3122
3124
3134
3137
3160
3167
3173
3177
3180
3189
3190
3193
3194
3196
3211
3212
3221
3225
3227
3228
3230
3238
3243
3254
3258
3266
3268
3274
3283
3284
3288
3289
3292
3299
3310
3312
3314
3329
3332
3361
3364
3379
3384
3386
3387
3389
3397
3406
3407
3412
3440
3452
3461
3462
3475
3477
3478
3479
3483
3493
3496
3510
3520
3523
3532
3536
3538
3546
3547
3549
3551
3554
3577
3589
3618
3619
3621
3623
3631
3632
3656
3663
3678
3682
3687
3692
3717
3747
3763
3764
3766
3815
3828
3830
3831
3834
3838
3843
3846
3856
3877
3882
3909
3912
3913
3914
3916
3929
3947
3989
3991
3993
3997
3998
4021
4032
4056
4057
4062
4070
4075
4077
4079
4080
4084
4085
4086
4088
4124
4126
4134
4141
4148
4161
4164
4165
4167
4168
4170
4171
4172
4173
4201
4233
4236
4240
4241
4245
4253
4256
4260
4261
4264
4266
4279
4288
4298
4311
4322
4323
4328
4331
4332
4333
4334
4335
4340
4341
4345
4347
4348
4381
4384
4401
4411
4412
4416
4417
4418
4420
4421
4422
4423
4425
4426
4435
4461
4471
4478
4486
4493
4496
4497
4498
4509
4510
4511
4514
4515
4517
4524
4525
4532
4542
4543
4563
4566
4569
4577
4581
4583
4584
4585
4587
4593
4594
4595
4598
4600
4601
4603
4605
4629
4636
4657
4660
4661
4664
4672
4680
4681
4682
4683
4689
4691
4692
4693
4695
4697
4700
4704
4763
4770
4771
4772
4773
4775
4776
4779
4784
4787
4788
4793
4796
4806
4848
4850
4851
4856
4857
4858
4859
4860
4861
4863
4868
4869
4870
4871
4874
4876
4880
4905
4909
4934
4935
4937
4941
4944
4945
4946
4947
4950
4951
4957
4959
4970
5019
5021
5022
5023
5025
5031
5033
5040
5041
5043
5047
5052
5053
5063
5072
5076
5111
5113
5114
5115
5120
5121
5126
5127
5144
5158
5172
5210
5212
5213
5214
5215
5219
5222
5255
5271
5274
5295
5337
5338
5339
5341
5345
5352
5358
5367
5369
5393
5395
5423
5424
5431
5435
5440
5451
5460
5491
5526
5534
5536
5540
5544
5548
5596
5597
5598
5617
5622
5625
5629
5632
5636
5645
5647
5649
5667
5669
5671
5673
5679
5683
5713
5714
5715
5716
5717
5730
5731
5732
5734
5735
5737
5739
5743
5746
5750
5766
5807
5810
5811
5813
5821
5823
5825
5826
5827
5828
5829
5831
5834
5836
5837
5838
5852
5855
5859
5862
5869
5879
5895
5898
5899
5902
5905
5909
5912
5913
5916
5919
5928
5937
5944
5951
5954
5962
5970
5973
5991
5992
5995
6000
6005
6010
6011
6020
6021
6022
6024
6028
6030
6031
6033
6034
6037
6040
6044
6049
6053
6054
6076
6079
6081
6082
6087
6088
6089
6091
6092
6097
6098
6104
6106
6108
6109
6110
6111
6112
6113
6114
6116
6117
6118
6119
6122
6158
6159
6161
6163
6164
6172
6176
6178
6183
6184
6189
6190
6205
6213
6215
6216
6217
6220
6223
6229
6248
6252
6253
6254
6272
6277
6280
6289
6303
6307
6310
6319
6320
6321
6341
6342
6344
6346
6347
6354
6369
6372
6374
6376
6378
6386
6388
6389
6390
6391
6392
6393
6395
6408
6411
6415
6417
6420
6425
6440
6441
6442
6445
6448
6455
6474
6475
6476
6478
6479
6486
6508
6510
6514
6516
6517
6523
6542
6544
6545
6556
6586
6587
6591
6593
6594
6606
6617
6618
6620
6622
6675
6683
6709
6724
6755
6822
6835
6875
6895
6919
6968
6978
7001
7004
7005
7012
7041
7092
7117
7127
7161
7175
7188
7195
7247
7251
7252
7255
7287
7300
7302
7303
7304
7337
7352
7403
7413
7445
7505
7514
7532
7561
7608
7643
7646
7668
7670
7680
7689
7714
7729
7753
7802
7827
7836
7837
7877
7899
7931
7937
7939
7981
7983
7994
8157
8159
8226
8243
8262
8281
8306
8334
8366
8372
8420
8455
8516
8526
8569
8573
8580
8599
8610
8614
8616
8617
8667
8683
8688
8708
8712
8719
8725
8768
8778
8779
8780
8787
8803
8806
8820
8821
8822
8824
8825
8827
8828
8835
8836
8837
8838
8839
8840
8841
8845
8859
8860
8861
8862
8863
8864
8865
8866
8867
8868
8881
8882
8884
8885
8886
8887
8888
8889
8890
8891
8892
8893
8894
8896
8902
8907
8908
8910
8911
8912
8917
8918
8920
8930
8931
8932
8933
8934
8935
8938
8941
8942
8943
8950
8951
8952
8954
8955
8956
8958
8960
8961
8967
8968
8969
8970
8971
8974
8976
8977
8981
8990
8999
9006
9007
9008
9009
9011
9017
9019
9020
9028
9029
9033
9035
9054
9057
9058
9060
9061
9077
9078
9084
9086
9087
9088
9117
9128
9129
9142
9154
9165
9167
9172
9196
9201
9202
9213
9214
9217
9218
9220
9228
9242
9244
9245
9257
9258
9275
9278
9280
9287
9288
9297
9302
9305
9310
9322
9332
9335
9336
9337
9338
9339
9346
9356
9362
9372
9373
9376
9377
9378
9383
9388
9389
9397
9398
9399
9400
9401
9405
9406
9407
9408
9409
9412
9413
9414
9415
9416
9419
9421
9422
9423
9424
9426
9427
9428
9430
9431
9432
9433
9434
9435
9436
9438
9440
9441
9442
9443
9444
9445
9446
9447
9448
9449
9450
9451
9452
9453
9454
9455
9456
9457
9458
9459
9460
9461
9462
9463
9464
9465
9466
9469
9470
9471
9472
9473
9474
9475
9476
9478
9479
9484
9485
9487
9489
