0
1
2
3
4
5
6
7
8
9
10
11
12
13
15
16
18
19
21
22
23
24
25
26
27
28
29
30
31
32
33
35
36
37
38
39
40
43
44
45
48
49
50
51
52
53
54
55
56
57
58
68
69
70
71
72
73
74
75
76
77
78
79
80
81
82
83
84
85
86
87
88
89
90
95
96
99
100
102
105
106
107
108
110
111
112
113
114
115
130
131
132
133
134
135
137
138
139
140
141
142
143
144
145
146
147
148
153
154
155
158
159
160
162
164
165
166
167
168
169
170
171
172
173
174
175
176
187
188
189
190
191
192
193
194
195
196
198
199
200
201
202
203
204
205
206
207
208
212
213
214
217
219
220
222
223
224
225
226
227
228
229
230
231
232
233
234
235
236
237
238
239
243
244
245
246
247
248
249
250
251
252
253
254
255
256
257
258
259
260
261
262
263
264
265
266
267
268
269
272
273
276
277
278
280
281
282
283
284
285
290
292
293
294
295
296
297
298
299
300
301
302
303
304
307
308
309
311
312
313
314
315
323
324
325
326
327
329
331
332
333
335
337
338
339
343
344
345
349
350
351
352
353
354
356
357
358
359
360
364
366
368
369
370
371
372
373
374
375
376
377
378
379
382
383
387
388
389
390
391
392
398
399
401
405
406
407
408
409
410
411
412
413
414
415
416
417
418
419
420
421
422
423
424
425
426
427
428
429
430
431
432
433
440
441
442
443
445
449
451
453
455
457
458
459
460
461
462
463
464
465
467
468
469
470
471
472
475
476
477
478
479
481
482
483
484
485
486
492
493
494
495
496
498
499
500
501
502
503
504
505
506
507
509
510
511
512
513
514
515
516
517
518
519
520
521
522
523
525
527
529
530
531
532
533
534
535
537
538
539
540
541
544
545
546
547
548
549
550
551
552
553
554
555
556
559
560
561
562
564
565
566
567
568
569
570
571
572
573
574
575
576
577
578
579
580
581
582
583
584
585
586
589
590
591
592
594
595
596
598
599
601
602
604
605
607
611
612
613
614
615
616
617
618
619
620
621
622
623
624
625
626
627
628
629
630
633
634
635
640
641
643
648
649
650
651
656
657
660
662
671
673
675
676
677
678
679
681
682
683
688
689
690
691
692
693
694
695
696
700
701
702
703
704
705
706
707
708
709
713
714
715
717
725
726
731
733
734
735
736
747
748
749
750
751
753
754
755
756
757
758
759
760
763
764
765
766
767
768
769
770
771
773
783
784
785
786
791
792
793
795
797
798
799
800
801
802
803
804
805
806
810
812
814
815
816
817
818
819
820
821
822
824
828
829
830
831
832
833
834
835
836
838
840
842
847
851
856
858
859
860
861
862
863
864
865
866
867
870
871
872
873
874
875
876
877
878
879
882
883
884
887
888
889
891
895
899
906
907
908
910
911
912
913
914
915
916
918
921
922
923
924
925
926
928
929
930
931
933
934
935
936
937
938
940
941
942
943
947
949
951
953
955
956
958
959
960
963
964
966
967
968
969
970
971
972
973
974
975
976
977
978
979
980
982
983
984
985
986
987
988
989
990
991
992
995
997
998
1000
1001
1002
1003
1004
1005
1009
1010
1011
1012
1013
1014
1015
1016
1017
1020
1021
1022
1023
1024
1025
1026
1027
1030
1031
1032
1034
1035
1036
1038
1041
1042
1043
1044
1045
1046
1048
1050
1053
1054
1055
1056
1057
1058
1059
1060
1061
1063
1064
1067
1068
1069
1074
1075
1076
1077
1079
1084
1089
1091
1093
1094
1095
1096
1097
1099
1100
1101
1102
1106
1107
1108
1110
1112
1113
1114
1115
1116
1117
1118
1122
1123
1124
1126
1129
1131
1132
1133
1134
1135
1136
1137
1138
1139
1140
1141
1142
1150
1152
1156
1158
1160
1165
1166
1167
1168
1169
1170
1171
1172
1175
1176
1177
1178
1179
1180
1181
1182
1183
1184
1188
1189
1190
1192
1193
1194
1195
1196
1197
1198
1199
1200
1209
1210
1212
1213
1214
1215
1216
1217
1218
1223
1224
1225
1226
1227
1228
1230
1231
1233
1235
1236
1237
1241
1242
1243
1244
1245
1246
1247
1249
1250
1252
1253
1254
1256
1258
1259
1260
1262
1263
1267
1272
1273
1274
1275
1276
1277
1278
1279
1280
1282
1283
1284
1285
1286
1288
1291
1296
1297
1298
1299
1300
1301
1302
1303
1304
1305
1307
1308
1313
1314
1315
1317
1319
1324
1325
1327
1328
1329
1330
1331
1332
1333
1335
1336
1337
1338
1339
1340
1341
1342
1343
1344
1345
1346
1347
1348
1349
1350
1351
1352
1353
1354
1356
1357
1358
1359
1360
1361
1362
1363
1364
1365
1367
1368
1369
1370
1371
1375
1376
1377
1378
1379
1380
1381
1384
1385
1386
1387
1388
1389
1390
1393
1395
1397
1398
1399
1401
1402
1403
1404
1405
1407
1408
1409
1410
1412
1413
1414
1418
1419
1420
1421
1422
1423
1424
1425
1426
1427
1429
1430
1433
1434
1435
1436
1437
1438
1439
1440
1441
1442
1443
1446
1447
1448
1450
1452
1454
1455
1456
1457
1458
1459
1460
1464
1465
1466
1467
1468
1470
1471
1472
1473
1474
1475
1479
1487
1488
1489
1490
1491
1492
1493
1497
1498
1499
1500
1501
1503
1504
1505
1506
1510
1511
1512
1515
1517
1518
1519
1520
1521
1522
1524
1526
1527
1528
1529
1530
1531
1533
1535
1536
1537
1538
1539
1541
1542
1543
1544
1549
1552
1553
1555
1559
1568
1569
1570
1571
1572
1573
1574
1575
1577
1578
1579
1581
1582
1583
1584
1585
1586
1590
1591
1592
1593
1594
1595
1596
1597
1598
1599
1600
1602
1603
1604
1605
1606
1607
1608
1611
1613
1614
1618
1620
1621
1622
1623
1625
1627
1628
1629
1630
1631
1632
1633
1634
1635
1636
1637
1638
1639
1640
1641
1643
1647
1648
1649
1650
1651
1652
1653
1654
1655
1656
1657
1659
1660
1661
1662
1663
1664
1665
1666
1667
1669
1671
1672
1674
1675
1676
1677
1679
1680
1681
1682
1683
1684
1685
1686
1687
1688
1690
1691
1692
1693
1694
1695
1696
1698
1700
1701
1702
1703
1708
1709
1710
1711
1712
1713
1714
1715
1716
1717
1718
1719
1720
1721
1722
1723
1724
1725
1726
1727
1728
1730
1732
1734
1735
1738
1739
1740
1742
1746
1750
1751
1752
1754
1758
1759
1760
1761
1762
1763
1764
1765
1766
1768
1771
1773
1774
1775
1780
1782
1783
1784
1788
1789
1790
1791
1796
1798
1799
1800
1801
1803
1804
1806
1807
1809
1811
1812
1814
1815
1817
1818
1819
1820
1821
1822
1823
1824
1825
1827
1828
1829
1830
1831
1833
1835
1836
1837
1838
1839
1840
1844
1845
1846
1847
1849
1851
1852
1853
1854
1855
1857
1859
1860
1861
1862
1863
1864
1865
1867
1871
1872
1873
1874
1875
1876
1879
1880
1881
1882
1883
1884
1885
1886
1887
1888
1889
1890
1892
1894
1895
1896
1898
1899
1903
1910
1911
1912
1913
1914
1915
1916
1917
1918
1919
1920
1921
1922
1923
1924
1925
1926
1927
1928
1929
1930
1932
1933
1934
1935
1936
1938
1939
1940
1941
1942
1943
1944
1945
1946
1947
1948
1949
1950
1951
1952
1953
1957
1958
1959
1960
1961
1962
1963
1964
1965
1966
1967
1968
1969
1970
1973
1974
1978
1979
1980
1982
1984
1985
1987
1988
1989
1990
1991
1992
1993
1994
1995
1996
1998
1999
2000
2001
2002
2003
2004
2006
2008
2010
2012
2014
2015
2016
2017
2018
2019
2020
2021
2022
2023
2024
2025
2028
2029
2030
2031
2035
2036
2037
2038
2039
2040
2041
2042
2043
2044
2045
2046
2047
2048
2050
2051
2052
2053
2054
2055
2056
2057
2058
2059
2060
2061
2062
2063
2064
2065
2069
2070
2071
2072
2073
2075
2076
2077
2078
2084
2085
2086
2087
2088
2089
2091
2092
2093
2094
2102
2103
2104
2105
2106
2107
2108
2109
2120
2121
2122
2123
2124
2125
2126
2127
2128
2139
2140
2141
2142
2143
2144
2158
2159
2160
2162
2163
2164
2178
2179
2180
2181
2183
2184
2199
2200
2201
2202
2203
2204
2205
2219
2220
2221
2222
2223
2224
2225
2241
2242
2244
2245
2246
2247
2263
2264
2265
2266
2267
2268
2269
2285
2286
2287
2288
2289
2291
2292
2293
2309
2310
2311
2312
2314
2315
2333
2334
2335
2336
2337
2338
2339
2357
2358
2359
2360
2361
2362
2363
2364
2382
2383
2384
2385
2386
2387
2388
2389
2401
2402
2403
2404
2405
2406
2407
2408
2409
2410
2411
2413
2414
2416
2417
2418
2420
2421
2423
2424
2426
2427
2428
2429
2430
2431
2432
2433
2434
2435
2436
2437
2438
2439
2440
2441
2442
2443
2445
2446
2447
2448
2449
2450
2451
2452
2453
2454
2455
2456
2457
2458
2459
2463
2464
2465
2466
2467
2468
2469
2470
2471
2473
2474
2475
2476
2477
2478
2479
2480
2481
2482
2483
2484
2485
2486
2487
2488
2489
2490
2491
2492
2493
2494
2495
2496
2497
2498
2499
2500
2501
2502
2506
2507
2508
2509
2511
2512
2513
2515
2516
2517
2518
2519
2520
2521
2522
2523
2524
2525
2526
2527
2528
2531
2532
2533
2534
2535
2536
2537
2538
2539
2540
2541
2542
2543
2544
2545
2547
2548
2549
2550
2551
2553
2554
2555
2561
2562
2563
2564
2565
2567
2568
2569
2570
2571
2572
2573
2574
2575
2576
2577
2578
2579
2580
2581
2582
2583
2584
2586
2587
2588
2589
2590
2591
2592
2593
2594
2596
2597
2599
2600
2601
2602
2605
2606
2607
2608
2609
2611
2612
2613
2614
2615
2616
2617
2618
2621
2622
2624
2625
2626
2627
2628
2629
2630
2631
2632
2633
2634
2635
2636
2637
2638
2643
2645
2646
2647
2648
2649
2650
2651
2652
2653
2654
2656
2657
2658
2659
2660
2661
2662
2664
2668
2670
2671
2672
2678
2679
2680
2682
2683
2684
2685
2686
2687
2688
2689
2690
2691
2692
2693
2694
2695
2696
2697
2699
2701
2702
2703
2704
2705
2706
2707
2708
2709
2710
2712
2714
2716
2718
2721
2722
2723
2724
2725
2727
2728
2729
2730
2732
2733
2734
2735
2736
2737
2738
2739
2740
2741
2742
2744
2745
2746
2747
2748
2749
2750
2751
2752
2753
2754
2755
2756
2759
2762
2763
2764
2765
2766
2767
2768
2769
2770
2771
2772
2774
2775
2776
2777
2778
2779
2780
2781
2782
2783
2784
2786
2787
2788
2789
2791
2792
2793
2794
2795
2796
2797
2798
2799
2800
2801
2802
2803
2804
2805
2806
2807
2808
2809
2819
2820
2821
2822
2823
2824
2825
2826
2828
2829
2830
2831
2832
2833
2834
2835
2854
2855
2856
2857
2858
2859
2877
2878
2879
2880
2881
2882
2883
2900
2901
2902
2903
2905
2906
2907
2922
2923
2924
2925
2926
2927
2928
2929
2944
2945
2946
2947
2948
2949
2950
2967
2968
2969
2970
2971
2972
2988
2989
2990
2991
2992
2993
2994
2995
3008
3009
3011
3012
3013
3014
3028
3029
3030
3031
3045
3046
3047
3048
3049
3050
3051
3052
3065
3066
3067
3068
3070
3071
3072
3073
3084
3085
3086
3087
3088
3089
3090
3091
3092
3101
3102
3103
3104
3105
3107
3108
3109
3110
3115
3116
3117
3118
3119
3120
3121
3122
3123
3124
3125
3126
3128
3129
3130
3131
3132
3133
3134
3135
3136
3137
3138
3139
3140
3141
3142
3143
3144
3145
3146
3147
3148
3149
3150
3151
3152
3153
3154
3155
3156
3157
3159
3160
3161
3162
3163
3164
3165
3166
3167
3169
3170
3171
3172
3173
3174
3175
3176
3177
3178
3179
3180
3181
3182
3183
3184
3185
3186
3187
3188
3189
3190
3191
3193
3194
3195
3196
3201
3202
3203
3204
3205
3206
3207
3209
3210
3211
3212
3213
3214
3215
3216
3231
3232
3233
3234
3235
3236
3237
3238
3254
3255
3256
3257
3258
3260
3277
3278
3279
3280
3281
3300
3301
3302
3303
3304
3322
3323
3324
3325
3327
3328
3346
3347
3349
3350
3351
3352
3371
3372
3373
3374
3375
3376
3377
3378
3396
3397
3398
3399
3400
3401
3402
3422
3423
3424
3425
3426
3427
3448
3449
3450
3452
3453
3475
3476
3477
3478
3479
3480
3501
3502
3503
3504
3505
3506
3507
3528
3529
3530
3531
3532
3533
3534
3555
3556
3558
3559
3560
3561
3583
3584
3585
3586
3587
3588
3589
3611
3612
3613
3614
3615
3616
3617
3640
3641
3643
3645
3646
3647
3648
3649
3650
3669
3670
3672
3673
3675
3676
3677
3678
3679
3680
3681
3682
3683
3684
3700
3701
3703
3704
3705
3706
3707
3708
3709
3710
3711
3712
3713
3714
3715
3716
3717
3730
3731
3732
3733
3734
3735
3736
3737
3738
3739
3740
3741
3743
3744
3745
3757
3758
3759
3760
3761
3762
3763
3764
3765
3766
3767
3768
3769
3770
3771
3772
3773
3784
3785
3786
3787
3788
3789
3790
3791
3792
3793
3794
3795
3796
3797
3798
3807
3808
3809
3811
3812
3813
3814
3815
3818
3819
3829
3830
3831
3832
3833
3834
3835
3836
3837
3839
3840
3841
3850
3851
3853
3854
3855
3856
3857
3858
3859
3860
3869
3870
3872
3873
3875
3876
3887
3888
3889
3890
3891
3892
3893
3894
3897
3898
3899
3900
3903
3904
3913
3914
3915
3916
3917
3918
3919
3920
3921
3922
3923
3924
3925
3926
3927
3928
3929
3931
3932
3933
3941
3942
3943
3944
3945
3946
3950
3951
3952
3953
3954
3955
3956
3957
3958
3959
3961
3962
3963
3964
3973
3974
3975
3976
3977
3978
3984
3985
3986
3987
3988
3989
3990
3991
3993
3994
4001
4002
4003
4004
4005
4006
4013
4014
4015
4016
4018
4019
4020
4021
4022
4023
4024
4031
4032
4034
4035
4036
4037
4044
4045
4046
4047
4049
4050
4051
4052
4053
4054
4064
4065
4066
4067
4075
4076
4077
4078
4079
4080
4081
4082
4083
4084
4085
4092
4093
4094
4095
4096
4097
4105
4106
4108
4109
4110
4111
4113
4114
4115
4116
4117
4124
4125
4127
4129
4130
4138
4139
4140
4141
4142
4143
4144
4145
4146
4147
4154
4155
4156
4157
4158
4159
4160
4161
4169
4170
4172
4173
4174
4175
4176
4177
4178
4186
4187
4189
4190
4191
4192
4201
4202
4204
4205
4206
4207
4208
4209
4210
4218
4219
4220
4221
4223
4224
4225
4234
4235
4237
4238
4239
4241
4242
4243
4244
4245
4246
4247
4248
4249
4251
4252
4253
4254
4255
4256
4257
4267
4268
4270
4271
4273
4274
4275
4276
4277
4278
4279
4280
4281
4282
4283
4284
4285
4286
4287
4288
4289
4290
4291
4292
4300
4301
4302
4303
4304
4305
4306
4307
4308
4310
4313
4315
4316
4317
4318
4319
4320
4321
4322
4324
4325
4326
4327
4328
4329
4336
4337
4338
4339
4340
4341
4342
4343
4344
4348
4349
4350
4351
4352
4353
4354
4355
4356
4357
4358
4359
4360
4361
4362
4363
4364
4365
4366
4367
4368
4370
4372
4373
4374
4375
4376
4377
4378
4379
4380
4381
4382
4384
4385
4386
4387
4388
4389
4390
4391
4392
4393
4394
4395
4396
4397
4398
4399
4401
4402
4403
4404
4406
4407
4408
4409
4410
4411
4412
4413
4414
4415
4416
4417
4418
4419
4421
4422
4423
4424
4426
4427
4428
4429
4430
4432
4433
4434
4435
4436
4437
4438
4439
4440
4441
4442
4443
4444
4445
4446
4447
4448
4449
4450
4451
4452
4453
4454
4456
4457
4458
4459
4460
4461
4462
4463
4464
4465
4466
4467
4468
4469
4470
4471
4472
4473
4474
4475
4476
4477
4478
4479
4480
4481
4482
4483
4484
4485
4486
4487
4488
4489
4490
4491
4492
4495
4496
4497
4498
4501
4502
4503
4504
4505
4506
4507
4508
4509
4510
4512
4513
4514
4515
4516
4517
4518
4519
4520
4521
4522
4523
4524
4525
4526
4527
4528
4529
4530
4532
4533
4534
4535
4536
4537
4538
4539
4540
4542
4543
4545
4546
4547
4548
4549
4550
4551
4552
4553
4554
4562
4563
4564
4566
4567
4568
4569
4570
4571
4572
4573
4574
4575
4576
4577
4578
4579
4580
4581
4582
4583
4584
4585
4586
4587
4594
4595
4596
4597
4598
4600
4601
4602
4603
4604
4605
4606
4607
4609
4610
4611
4612
4613
4614
4615
4616
4617
4618
4628
4629
4630
4631
4632
4633
4634
4635
4636
4637
4638
4646
4647
4648
4649
4650
4651
4662
4663
4664
4665
4666
4667
4668
4669
4670
4671
4678
4679
4680
4681
4682
4683
4693
4694
4695
4696
4697
4698
4699
4700
4701
4702
4703
4710
4711
4712
4713
4714
4715
4716
4725
4726
4727
4728
4729
4730
4731
4733
4734
4735
4736
4737
4744
4745
4746
4747
4748
4749
4750
4758
4759
4760
4761
4763
4764
4765
4766
4767
4768
4769
4776
4777
4778
4779
4780
4781
4782
4789
4790
4791
4792
4793
4794
4795
4797
4799
4800
4807
4808
4809
4810
4811
4812
4813
4821
4822
4823
4824
4825
4826
4827
4828
4830
4831
4839
4840
4841
4842
4843
4844
4845
4852
4853
4854
4855
4856
4857
4858
4859
4860
4862
4863
4864
4871
4872
4873
4874
4875
4876
4884
4885
4886
4887
4888
4889
4890
4891
4892
4893
4894
4895
4902
4903
4904
4905
4906
4907
4908
4909
4915
4916
4917
4918
4919
4920
4921
4922
4924
4925
4926
4934
4935
4936
4937
4939
4940
4941
4942
4943
4944
4945
4946
4947
4948
4949
4950
4951
4952
4953
4954
4955
4964
4965
4966
4967
4968
4969
4970
4971
4972
4973
4974
4975
4976
4977
4978
4979
4980
4981
4982
4991
4992
4994
4995
4997
4998
4999
5000
5001
5003
5004
5005
5006
5007
5008
5009
5010
5019
5020
5021
5022
5023
5024
5025
5026
5027
5028
5029
5030
5031
5032
5041
5042
5044
5045
5046
5047
5048
5049
5050
5051
5052
5053
5054
5055
5065
5066
5067
5068
5069
5070
5071
5072
5073
5074
5075
5076
5077
5079
5080
5092
5093
5094
5095
5096
5097
5098
5099
5100
5101
5102
5103
5104
5105
5106
5107
5108
5121
5122
5123
5124
5125
5127
5128
5129
5130
5131
5132
5133
5134
5135
5136
5150
5151
5152
5154
5155
5156
5159
5160
5161
5162
5163
5164
5165
5180
5181
5182
5183
5184
5185
5186
5187
5188
5189
5190
5191
5192
5193
5211
5212
5213
5214
5216
5217
5218
5240
5241
5243
5245
5246
5247
5270
5271
5273
5274
5275
5276
5298
5299
5300
5301
5302
5303
5304
5325
5326
5328
5329
5330
5331
5352
5353
5354
5356
5357
5358
5380
5381
5382
5383
5384
5385
5406
5407
5408
5409
5410
5411
5412
5413
5432
5433
5434
5435
5436
5437
5438
5439
5458
5459
5460
5461
5462
5463
5464
5465
5485
5486
5487
5488
5490
5491
5492
5510
5511
5512
5513
5515
5516
5534
5535
5537
5538
5539
5540
5541
5559
5560
5562
5563
5564
5582
5583
5585
5586
5587
5605
5606
5607
5608
5609
5610
5627
5628
5629
5630
5631
5632
5633
5649
5650
5651
5652
5653
5654
5655
5656
5671
5672
5673
5674
5675
5676
5677
5678
5691
5692
5693
5694
5695
5696
5697
5698
5699
5703
5711
5712
5713
5714
5715
5716
5717
5718
5719
5720
5721
5722
5723
5725
5726
5727
5728
5729
5730
5731
5732
5733
5734
5736
5737
5738
5740
5741
5742
5743
5744
5745
5746
5747
5749
5750
5751
5765
5766
5768
5770
5771
5778
5779
5785
5787
5788
5789
5790
5791
5792
5793
5794
5795
5796
5797
5798
5799
5800
5801
5802
5803
5804
5805
5807
5808
5809
5810
5812
5813
5814
5815
5816
5818
5819
5820
5821
5822
5823
5824
5825
5826
5827
5828
5829
5830
5831
5833
5834
5835
5836
5837
5838
5840
5841
5842
5843
5844
5845
5846
5847
5848
5849
5850
5851
5852
5853
5855
5856
5857
5858
5859
5860
5861
5863
5864
5865
5866
5867
5868
5869
5870
5871
5872
5873
5874
5875
5876
5877
5879
5880
5881
5882
5883
5884
5885
5886
5887
5888
5889
5890
5891
5892
5893
5894
5895
5896
5897
5898
5900
5902
5903
5904
5905
5906
5907
5908
5909
5910
5911
5913
5914
5915
5916
5917
5918
5919
5920
5921
5922
5923
5924
5925
5926
5927
5928
5929
5930
5931
5933
5935
5936
5938
5939
5940
5941
5942
5943
5944
5945
5946
5947
5948
5949
5950
5951
5953
5955
5956
5957
5958
5959
5961
5962
5963
5964
5966
5968
5970
5971
5972
5973
5974
5975
5978
5979
5980
5981
5982
5987
5989
5990
5991
5992
5994
5995
5996
5997
5998
6000
6001
6002
6003
6004
6005
6006
6007
6008
6009
6011
6012
6013
6014
6015
6017
6018
6020
6021
6022
6023
6024
6025
6026
6027
6028
6029
6030
6031
6032
6033
6034
6035
6036
6037
6039
6040
6041
6042
6044
6045
6046
6048
6049
6050
6051
6052
6053
6055
6056
6057
6059
6061
6062
6063
6064
6065
6066
6067
6068
6069
6070
6071
6072
6073
6075
6077
6078
6080
6081
6083
6084
6086
6087
6090
6091
6092
6096
6097
6098
6099
6100
6101
6102
6103
6104
6105
6108
6109
6110
6111
6114
6115
6116
6119
6120
6121
6122
6125
6126
6127
6128
6130
6131
6133
6135
6136
6137
6138
6139
6140
6141
6142
6143
6144
6145
6146
6147
6149
6150
6152
6154
6155
6156
6157
6158
6159
6160
6161
6162
6170
6171
6172
6173
6174
6175
6176
6177
6178
6179
6180
6181
6182
6183
6184
6185
6186
6187
6188
6189
6190
6191
6192
6193
6194
6195
6196
6197
6198
6199
6200
6201
6203
6205
6206
6207
6208
6209
6210
6212
6213
6214
6215
6216
6219
6221
6223
6224
6225
6226
6227
6229
6230
6231
6232
6233
6234
6235
6236
6237
6238
6239
6240
6242
6243
6244
6245
6246
6247
6248
6249
6250
6251
6252
6253
6254
6255
6256
6257
6258
6259
6260
6261
6262
6263
6264
6265
6266
6267
6277
6278
6279
6280
6281
6282
6283
6284
6285
6286
6287
6288
6289
6291
6292
6293
6295
6296
6297
6298
6299
6300
6301
6302
6303
6304
6305
6306
6307
6308
6309
6310
6311
6312
6313
6314
6315
6316
6317
6318
6320
6321
6322
6323
6324
6325
6326
6327
6328
6330
6331
6332
6333
6334
6335
6337
6339
6340
6341
6342
6343
6344
6345
6346
6347
6348
6349
6350
6351
6353
6354
6356
6357
6358
6359
6361
6362
6364
6365
6366
6367
6369
6370
6371
6372
6373
6374
6375
6377
6378
6379
6380
6381
6382
6383
6384
6385
6387
6388
6389
6390
6392
6393
6395
6396
6397
6398
6400
6401
6402
6403
6404
6405
6408
6409
6410
6411
6412
6413
6415
6416
6419
6420
6421
6422
6423
6424
6425
6427
6428
6429
6430
6431
6432
6433
6434
6435
6436
6437
6438
6439
6440
6441
6442
6443
6444
6445
6446
6447
6448
6449
6451
6452
6453
6455
6456
6457
6458
6459
6460
6461
6462
6463
6464
6465
6466
6467
6469
6471
6473
6474
6475
6476
6477
6478
6479
6480
6481
6482
6483
6484
6485
6486
6487
6488
6489
6490
6491
6492
6493
6494
6495
6496
6497
6498
6499
6501
6502
6503
6504
6507
6508
6509
6510
6512
6513
6514
6515
6516
6517
6518
6519
6520
6521
6522
6523
6524
6526
6527
6528
6529
6530
6531
6532
6533
6534
6535
6536
6537
6538
6539
6540
6541
6543
6544
6545
6546
6547
6548
6549
6550
6551
6552
6554
6555
6557
6558
6559
6560
6561
6563
6564
6565
6567
6568
6569
6570
6571
6572
6573
6574
6575
6576
6577
6578
6579
6581
6582
6583
6584
6585
6586
6587
6588
6590
6591
6592
6593
6595
6596
6597
6598
6599
6600
6601
6602
6603
6605
6606
6607
6608
6609
6610
6612
6613
6614
6615
6617
6618
6619
6620
6622
6623
6624
6626
6627
6628
6630
6631
6632
6633
6634
6635
6636
6637
6638
6639
6640
6642
6643
6645
6646
6647
6648
6649
6650
6651
6652
6653
6654
6655
6656
6657
6659
6660
6661
6663
6664
6665
6667
6671
6674
6681
6683
6684
6685
6688
6690
6700
6701
6702
6705
6706
6709
6710
6717
6718
6719
6720
6723
6727
6734
6735
6736
6737
6738
6739
6740
6742
6743
6744
6745
6746
6747
6748
6749
6750
6751
6752
6753
6754
6755
6756
6757
6758
6759
6760
6761
6762
6763
6764
6765
6766
6767
6770
6771
6772
6774
6775
6776
6777
6778
6779
6780
6781
6782
6784
6786
6787
6788
6789
6790
6791
6792
6793
6794
6795
6797
6798
6799
6801
6802
6803
6805
6806
6807
6808
6809
6810
6811
6812
6813
6814
6815
6816
6817
6818
6819
6820
6821
6822
6823
6824
6826
6827
6828
6829
6830
6832
6833
6835
6836
6837
6839
6840
6841
6842
6843
6844
6845
6846
6847
6848
6849
6851
6852
6853
6854
6856
6857
6858
6860
6861
6862
6863
6864
6865
6867
6869
6870
6871
6873
6875
6876
6877
6878
6879
6880
6881
6882
6883
6885
6886
6887
6888
6889
6892
6893
6894
6896
6898
6899
6900
6901
6902
6904
6905
6906
6907
6908
6909
6910
6911
6912
6913
6914
6915
6916
6917
6918
6919
6920
6924
6925
6926
6928
6930
6931
6933
6934
6935
6936
6937
6938
6939
6940
6941
6942
6943
6945
6948
6950
6951
6953
6954
6955
6956
6957
6958
6959
6961
6963
6965
6966
6967
6968
6969
6970
6971
6972
6973
6974
6975
6977
6978
6979
6980
6981
6982
6983
6984
6987
6988
6991
6992
6993
6994
6995
6997
6998
6999
7001
7002
7003
7004
7005
7006
7013
7014
7015
7016
7017
7019
7020
7022
7023
7024
7025
7026
7027
7028
7029
7030
7031
7032
7033
7034
7035
7036
7037
7038
7039
7040
7041
7043
7044
7045
7046
7047
7048
7050
7051
7052
7053
7054
7055
7056
7057
7058
7059
7060
7061
7062
7063
7064
7065
7066
7067
7068
7069
7070
7071
7072
7073
7074
7075
7076
7077
7078
7079
7080
7081
7082
7084
7085
7086
7087
7088
7089
7090
7092
7093
7094
7095
7096
7097
7098
7099
7101
7102
7103
7104
7106
7107
7108
7109
7118
7119
7120
7121
7122
7123
7124
7125
7126
7127
7128
7129
7130
7131
7132
7133
7134
7138
7139
7140
7141
7142
7143
7144
7146
7147
7148
7149
7150
7151
7152
7153
7154
7155
7157
7158
7159
7160
7161
7162
7163
7164
7165
7166
7168
7169
7170
7171
7172
7173
7174
7175
7177
7178
7180
7181
7182
7183
7184
7185
7186
7188
7190
7191
7192
7193
7194
7195
7196
7197
7198
7199
7200
7202
7204
7208
7209
7210
7213
7215
7216
7217
7218
7219
7220
7221
7223
7224
7226
7227
7228
7229
7230
7231
7232
7233
7234
7235
7236
7237
7239
7240
7241
7243
7244
7245
7246
7248
7249
7251
7252
7253
7254
7255
7256
7257
7259
7260
7261
7262
7264
7266
7267
7268
7269
7270
7271
7272
7273
7274
7275
7276
7279
7280
7281
7282
7283
7284
7285
7287
7288
7289
7290
7291
7292
7294
7296
7297
7298
7299
7301
7303
7304
7305
7306
7307
7308
7309
7310
7311
7312
7313
7314
7315
7316
7317
7318
7319
7320
7321
7324
7325
7326
7327
7328
7329
7330
7331
7332
7333
7334
7335
7336
7337
7338
7339
7340
7341
7342
7343
7345
7346
7347
7348
7349
7350
7351
7352
7353
7354
7355
7357
7358
7359
7360
7361
7362
7363
7364
7365
7366
7368
7369
7370
7371
7372
7373
7374
7375
7376
7377
7378
7379
7380
7381
7382
7383
7384
7385
7386
7387
7388
7390
7391
7392
7393
7394
7395
7396
7397
7399
7402
7411
7412
7414
7415
7419
7421
7422
7429
7430
7431
7432
7434
7435
7436
7437
7438
7439
7440
7446
7447
7448
7449
7450
7451
7452
7453
7454
7456
7458
7459
7460
7461
7463
7464
7465
7466
7468
7469
7470
7471
7472
7473
7474
7475
7476
7477
7478
7479
7480
7482
7483
7484
7485
7486
7487
7488
7490
7492
7494
7495
7496
7497
7498
7499
7500
7501
7502
7504
7505
7506
7507
7508
7510
7512
7513
7514
7515
7516
7517
7518
7519
7520
7521
7522
7523
7524
7525
7526
7527
7529
7530
7531
7532
7533
7534
7535
7536
7537
7538
7539
7541
7542
7544
7545
7546
7547
7548
7549
7551
7552
7553
7554
7556
7557
7558
7560
7561
7562
7564
7567
7569
7570
7571
7572
7573
7574
7575
7576
7577
7578
7579
7580
7581
7583
7584
7585
7586
7587
7589
7590
7591
7592
7593
7594
7596
7597
7598
7599
7600
7602
7603
7604
7605
7606
7607
7608
7609
7610
7611
7613
7615
7616
7617
7618
7620
7621
7622
7623
7624
7625
7626
7627
7628
7629
7630
7631
7632
7633
7634
7635
7636
7638
7639
7640
7641
7642
7643
7644
7645
7646
7647
7648
7650
7652
7653
7655
7656
7657
7658
7659
7660
7661
7662
7663
7664
7665
7666
7667
7668
7669
7670
7671
7672
7673
7674
7675
7676
7677
7678
7679
7680
7682
7683
7684
7685
7686
7687
7688
7689
7690
7691
7692
7693
7699
7700
7701
7702
7703
7704
7705
7706
7707
7708
7709
7710
7711
7712
7713
7714
7715
7716
7717
7718
7719
7720
7721
7722
7723
7724
7725
7726
7727
7729
7731
7732
7733
7734
7735
7736
7737
7738
7739
7740
7741
7742
7743
7744
7745
7746
7747
7748
7749
7750
7752
7753
7754
7755
7756
7757
7758
7759
7761
7763
7764
7765
7766
7768
7769
7770
7771
7772
7773
7775
7776
7777
7778
7779
7780
7782
7783
7784
7785
7786
7787
7788
7789
7790
7792
7793
7794
7795
7797
7798
7799
7801
7802
7804
7806
7807
7808
7809
7810
7812
7814
7815
7817
7818
7819
7820
7821
7822
7823
7824
7825
7826
7827
7828
7830
7832
7834
7836
7838
7839
7840
7841
7842
7843
7844
7845
7846
7847
7848
7850
7851
7852
7853
7854
7855
7856
7857
7858
7860
7861
7862
7863
7864
7866
7867
7869
7870
7871
7872
7874
7875
7876
7877
7878
7880
7881
7882
7883
7884
7885
7886
7887
7888
7889
7890
7891
7892
7893
7894
7895
7896
7897
7898
7900
7902
7904
7905
7906
7907
7908
7909
7910
7911
7912
7913
7914
7915
7917
7918
7919
7920
7921
7923
7924
7925
7926
7928
7929
7930
7931
7932
7933
7934
7935
7936
7937
7938
7939
7941
7942
7943
7944
7945
7947
7948
7949
7950
7952
7954
7956
7957
7958
7959
7960
7961
7962
7963
7964
7965
7966
7967
7969
7970
7971
7972
7973
7974
7976
7977
7978
7979
7981
7982
7983
7985
7987
7988
7989
7990
7992
7993
7994
7995
7999
8000
8002
8003
8005
8006
8007
8008
8009
8010
8011
8012
8013
8014
8015
8016
8017
8018
8019
8020
8021
8022
8023
8025
8026
8027
8028
8029
8030
8031
8032
8033
8034
8035
8036
8037
8039
8040
8041
8042
8043
8044
8045
8046
8047
8049
8050
8051
8052
8054
8055
8056
8057
8058
8059
8060
8061
8064
8066
8067
8068
8069
8075
8076
8077
8079
8082
8083
8085
8086
8087
8088
8089
8090
8093
8094
8096
8097
8098
8099
8101
8102
8103
8104
8105
8107
8109
8110
8111
8112
8114
8115
8116
8117
8118
8119
8120
8121
8122
8123
8124
8125
8126
8127
8128
8129
8131
8132
8133
8134
8135
8137
8138
8139
8142
8143
8144
8145
8146
8148
8149
8150
8152
8153
8154
8155
8156
8157
8158
8159
8160
8161
8162
8163
8164
8165
8166
8167
8169
8170
8172
8174
8175
8176
8177
8178
8179
8180
8181
8182
8183
8184
8185
8186
8187
8188
8189
8190
8192
8193
8195
8196
8197
8198
8199
8200
8201
8202
8203
8204
8205
8206
8207
8208
8209
8210
8211
8212
8214
8215
8216
8217
8218
8219
8221
8222
8223
8224
8226
8227
8228
8229
8230
8231
8232
8233
8234
8236
8237
8239
8240
8241
8243
8245
8246
8247
8248
8249
8250
8252
8253
8255
8256
8257
8258
8259
8260
8262
8263
8264
8265
8266
8269
8271
8272
8273
8274
8275
8276
8277
8279
8280
8281
8282
8283
8284
8285
8286
8287
8288
8289
8290
8291
8292
8293
8294
8295
8296
8297
8299
8300
8301
8302
8303
8304
8305
8306
8307
8308
8309
8310
8312
8313
8315
8316
8317
8318
8320
8321
8323
8324
8325
8326
8327
8328
8329
8330
8331
8332
8333
8334
8335
8336
8337
8340
8341
8342
8343
8344
8345
8348
8349
8350
8351
8352
8353
8354
8355
8356
8357
8358
8359
8360
8361
8362
8363
8365
8366
8367
8368
8370
8371
8373
8374
8375
8376
8377
8378
8379
8380
8381
8382
8383
8384
8385
8386
8387
8389
8390
8391
8392
8393
8394
8395
8396
8397
8398
8399
8400
8401
8402
8403
8404
8405
8406
8407
8408
8409
8410
8411
8412
8413
8414
8415
8416
8417
8419
8420
8421
8422
8423
8424
8425
8426
8427
8428
8429
8430
8431
8433
8434
8435
8436
8439
8440
8441
8442
8443
8445
8446
8448
8449
8451
8452
8453
8454
8455
8456
8457
8458
8459
8461
8462
8463
8464
8466
8467
8468
8469
8470
8471
8472
8475
8476
8477
8478
8479
8480
8481
8483
8484
8485
8486
8489
8490
8492
8493
8494
8495
8496
8497
8498
8499
8500
8501
8502
8503
8504
8505
8506
8507
8508
8509
8511
8514
8516
8517
8518
8519
8521
8523
8525
8526
8527
8528
8529
8530
8531
8532
8533
8534
8535
8536
8537
8538
8539
8540
8541
8542
8543
8546
8547
8548
8549
8550
8551
8553
8554
8555
8556
8557
8559
8561
8563
8564
8566
8567
8569
8570
8571
8572
8573
8574
8575
8576
8577
8578
8579
8580
8581
8582
8583
8584
8585
8588
8589
8590
8591
8592
8593
8594
8595
8596
8597
8598
8599
8600
8602
8603
8604
8605
8606
8607
8608
8609
8610
8612
8613
8615
8616
8617
8618
8619
8620
8621
8622
8623
8624
8625
8626
8628
8629
8630
8631
8632
8633
8634
8635
8636
8637
8638
8640
8641
8642
8643
8644
8646
8647
8649
8650
8651
8652
8654
8655
8656
8657
8658
8659
8660
8661
8662
8663
8665
8667
8668
8669
8670
8671
8672
8673
8674
8675
8676
8677
8678
8679
8680
8681
8682
8683
8684
8686
8687
8688
8689
8691
8692
8693
8694
8695
8696
8697
8698
8699
8701
8702
8703
8704
8705
8706
8707
8708
8709
8710
8712
8715
8717
8718
8719
8720
8721
8722
8724
8725
8727
8728
8729
8730
8731
8732
8733
8734
8737
8739
8740
8741
8742
8743
8744
8745
8746
8747
8748
8749
8750
8751
8752
8753
8754
8755
8756
8757
8758
8759
8760
8761
8762
8763
8764
8765
8766
8767
8768
8769
8770
8771
8772
8773
8774
8775
8776
8777
8778
8779
8780
8781
8782
8783
8784
8785
8786
8787
8788
8790
8793
8794
8797
8804
8806
8807
8809
8811
8813
8814
8815
8821
8827
8829
8830
8831
8832
8834
8835
8843
8844
8846
8848
8850
8851
8852
8853
8855
8856
8858
8860
8861
8862
8864
8865
8866
8867
8868
8869
8870
8872
8873
8876
8877
8878
8880
8882
8884
8886
8887
8888
8890
8891
8892
8893
8894
8896
8898
8899
8900
8902
8905
8907
8910
8912
8913
8914
8916
8917
8919
8920
8921
8922
8923
8924
8925
8927
8928
8930
8931
8934
8935
8936
8937
8938
8939
8940
8941
8942
8943
8944
8945
8946
8947
8948
8949
8950
8951
8952
8953
8954
8955
8956
8957
8958
8959
8960
8962
8963
8964
8966
8970
8971
8972
8973
8974
8975
8976
8977
8978
8979
8981
8982
8983
8984
8986
8987
8988
8989
8990
8991
8992
8994
8995
8996
8998
8999
9001
9002
9003
9004
9005
9006
9007
9009
9010
9011
9013
9016
9017
9020
9022
9023
9024
9025
9027
9028
9029
9031
9032
9034
9039
9040
9041
9042
9043
9046
9047
9048
9049
9051
9052
9053
9054
9055
9056
9057
9059
9060
9062
9063
9064
9065
9066
9067
9068
9069
9072
9074
9075
9076
9077
9078
9079
9080
9082
9084
9085
9086
9087
9088
9089
9091
9093
9094
9095
9096
9097
9098
9099
9101
9102
9103
9104
9105
9106
9107
9108
9109
9110
9111
9112
9113
9114
9115
9116
9117
9118
9119
9120
9121
9122
9123
9125
9127
9128
9129
9130
9131
9132
9133
9134
9135
9136
9137
9138
9139
9141
9142
9143
9144
9145
9146
9147
9148
9149
9150
9151
9152
9154
9156
9157
9158
9159
9160
9161
9162
9163
9164
9166
9167
9168
9169
9170
9171
9172
9175
9177
9178
9179
9180
9181
9182
9183
9184
9185
9186
9187
9189
9190
9191
9192
9193
9195
9196
9197
9198
9199
9200
9201
9202
9203
9204
9205
9206
9207
9208
9209
9211
9212
9213
9214
9215
9216
9217
9218
9219
9224
9226
9228
9229
9230
9231
9232
9234
9235
9236
9237
9238
9239
9240
9241
9242
9243
9246
9247
9249
9250
9251
9252
9253
9254
9256
9257
9264
9265
9266
9267
9268
9269
9270
9271
9272
9273
9274
9275
9276
9278
9279
9280
9281
9282
9283
9284
9285
9287
9288
9289
9290
9291
9293
9294
9296
9299
9300
9303
9304
9305
9306
9307
9308
9309
9310
9311
9312
9313
9314
9315
9317
9318
9319
9320
9322
9323
9324
9325
9326
9327
9328
9330
9331
9332
9333
9335
9337
9338
9339
9340
9341
9342
9343
9344
9345
9346
9347
9348
9349
9350
9351
9352
9353
9354
9355
9356
9357
9358
9359
9360
9363
9364
9365
9366
9368
9369
9370
9371
9373
9374
9376
9377
9378
9380
9382
9383
9384
9385
9386
9387
9388
9389
9390
9392
9394
9395
9396
9397
9398
9399
9400
9401
9402
9403
9405
9406
9408
9409
9410
9411
9412
9413
9414
9415
9416
9417
9418
9419
9420
9421
9422
9423
9424
9425
9427
9428
9430
9431
9432
9433
9434
9436
9437
9438
9439
9440
9442
9443
9444
9445
9446
9447
9449
9450
9451
9452
9453
9454
9455
9457
9458
9459
9460
9461
9463
9465
9466
9467
9468
9469
9470
9472
9473
9474
9475
9476
9477
9478
9480
9481
9482
9483
9484
9486
9487
9488
9489
9491
9492
9493
9495
9497
9498
9499
9500
9501
9502
9503
9504
9505
9507
9508
9510
9511
9512
9514
9515
9516
9517
9519
9520
9521
9522
9523
9524
9526
9527
9529
9530
9531
9532
9533
9534
9535
9536
9537
9539
9541
9542
9543
9544
9545
9547
9548
9550
9552
9554
9555
9556
9557
9558
9559
9560
9561
9562
9563
9564
9565
9566
9568
9569
9570
9571
9573
9574
9575
9576
9577
9579
9580
9581
9582
9583
9585
9586
9587
9588
9589
9590
9591
9592
9594
9596
9597
9598
9600
9601
9602
9603
9605
9606
9607
9608
9609
9611
9612
9614
9615
9617
9618
9621
9622
9623
9624
9625
9626
9627
9628
9629
9630
9632
9634
9635
9636
9638
9639
9640
9642
9643
9644
9646
9647
9648
9649
9650
9651
9652
9653
9654
9655
9656
9657
9658
9659
9661
9662
9664
9665
9666
9667
9669
9671
9672
9673
9675
9676
9677
9678
9679
9680
9681
9682
9683
9685
9686
9687
9688
9689
9690
9691
9692
9693
9694
9695
9696
9697
9698
9699
9700
9701
9702
9704
9705
9706
9708
9709
9710
9711
9713
9716
9717
9720
9721
9722
9728
9729
9730
9731
9734
9745
9746
9747
9748
9751
9758
9759
9760
9761
9762
9763
9765
9766
9769
9772
9774
9775
9776
9777
9778
9779
9780
9781
9782
9784
9785
9786
9787
9788
9789
9790
9791
9792
9793
9794
9795
9796
9797
9798
9800
9801
9802
9803
9804
9805
9806
9807
9808
9809
9810
9811
9812
9814
9815
9816
9817
9818
9819
9820
9821
9822
9823
9824
9826
9827
9829
9830
9831
9832
9833
9834
9835
9836
9837
9838
9839
9840
9841
9842
9843
9844
9846
9847
9848
9849
9850
9851
9852
9853
9854
9855
9856
9857
9858
9859
9861
9862
9863
9864
9865
9866
9867
9868
9869
9870
9871
9872
9873
9874
9876
9877
9878
9879
9880
9882
9883
9884
9885
9886
9887
9888
9889
9890
9891
9892
9893
9894
9895
9896
9897
9898
9899
9900
9901
9902
9903
9904
9905
9906
9907
9908
9909
9910
9911
9912
9913
9914
9915
9916
9917
9918
9919
9922
9923
9924
9925
9926
9927
9928
9929
9930
9931
9932
9934
9935
9936
9937
9938
9939
9940
9941
9942
9943
9944
9945
9946
9948
9949
9950
9951
9952
9953
9954
9955
9956
9957
9958
9959
9960
9961
9962
9964
9965
9966
9967
9969
9970
9972
9973
9974
9975
9976
9978
9980
9981
9982
9983
9984
9985
9986
9987
9988
9989
9990
9991
9992
9993
9994
9995
9996
9997
9998
9999
10000
10001
10002
10003
10004
10005
10006
10007
10008
10009
10010
10011
10012
10013
10015
10016
10017
10018
10020
10021
10022
10023
10024
10025
10026
10027
10029
10030
10031
10032
10033
10034
10036
10037
10038
10039
10040
10041
10043
10044
10045
10046
10047
10048
10049
10052
10053
10055
10056
10058
10059
10062
10063
10064
10065
10066
10067
10068
10069
10071
10072
10073
10074
10075
10076
10077
10078
10079
10080
10081
10082
10083
10084
10085
10086
10087
10088
10089
10090
10091
10092
10093
10094
10095
10096
10097
10098
10099
10100
10102
10103
10104
10109
10110
10111
10112
10113
10114
10115
10116
10118
10119
10120
10121
10122
10123
10124
10125
10126
10132
10133
10134
10135
10136
10137
10138
10139
10140
10141
10142
10143
10144
10145
10146
10153
10154
10155
10156
10157
10158
10159
10160
10161
10162
10163
10164
10165
10166
10167
10168
10169
10178
10179
10180
10181
10182
10183
10184
10185
10186
10187
10188
10189
10190
10191
10199
10200
10201
10203
10204
10205
10206
10207
10208
10210
10211
10212
10214
10215
10222
10223
10224
10225
10226
10227
10229
10230
10231
10232
10233
10234
10235
10237
10238
10247
10248
10249
10250
10251
10252
10253
10254
10256
10257
10258
10259
10260
10261
10262
10270
10271
10272
10273
10274
10275
10276
10277
10280
10281
10282
10283
10284
10285
10294
10295
10296
10297
10298
10301
10302
10304
10305
10306
10307
10308
10309
10310
10320
10321
10323
10324
10325
10326
10327
10328
10329
10330
10331
10332
10333
10334
10335
10336
10337
10347
10348
10349
10350
10351
10352
10353
10355
10356
10357
10358
10359
10360
10361
10362
10363
10374
10375
10377
10378
10379
10380
10382
10383
10384
10385
10386
10387
10388
10389
10390
10402
10403
10404
10409
10410
10412
10413
10414
10415
10416
10417
10418
10419
10427
10428
10429
10430
10431
10432
10433
10434
10435
10436
10437
10438
10439
10441
10444
10445
10446
10448
10449
10450
10451
10452
10453
10454
10455
10456
10463
10464
10465
10466
10467
10468
10469
10470
10471
10472
10473
10474
10475
10477
10478
10479
10480
10482
10483
10484
10486
10488
10489
10490
10491
10492
10493
10495
10496
10497
10498
10499
10500
10503
10504
10505
10506
10507
10509
10510
10511
10512
10513
10515
10516
10517
10518
10522
10523
10524
10525
10526
10527
10528
10529
10530
10531
10532
10533
10534
10535
10536
10537
10538
10539
10540
10541
10542
10546
10547
10548
10550
10551
10552
10553
10554
10555
10556
10557
10558
10559
10561
10562
10563
10564
10565
10566
10567
10568
10571
10572
10573
10574
10575
10576
10577
10578
10580
10581
10582
10583
10584
10585
10586
10587
10588
10591
10592
10594
10595
10596
10597
10598
10599
10600
10601
10602
10604
10606
10608
10609
10610
10611
10612
10613
10614
10616
10617
10619
10620
10621
10622
10623
10624
10627
10628
10629
10630
10631
10632
10633
10634
10635
10636
10637
10638
10639
10640
10641
10642
10643
10644
10647
10648
10649
10650
10651
10652
10653
10655
10660
10661
10662
10663
10664
10667
10668
10669
10670
10671
10672
10679
10680
10681
10682
10683
10684
10685
10686
10687
10690
10691
10692
10693
10694
10695
10696
10697
10699
10700
10701
10702
10703
10704
10711
10713
10714
10715
10716
10717
10718
10719
10720
10723
10724
10726
10727
10728
10730
10731
10732
10744
10745
10746
10747
10749
10750
10752
10753
10754
10755
10756
10757
10758
10771
10772
10773
10774
10775
10776
10777
10779
10780
10781
10783
10784
10795
10796
10797
10798
10799
10800
10801
10802
10803
10806
10807
10808
10809
10810
10811
10821
10822
10823
10824
10825
10826
10827
10828
10831
10832
10833
10834
10835
10836
10846
10847
10848
10850
10851
10852
10853
10854
10855
10856
10857
10858
10859
10869
10870
10871
10872
10873
10874
10875
10876
10877
10878
10879
10880
10881
10882
10883
10891
10892
10893
10894
10895
10896
10897
10898
10899
10900
10901
10902
10903
10904
10905
10915
10916
10917
10918
10919
10922
10923
10924
10925
10926
10927
10928
10929
10930
10931
10938
10939
10941
10942
10943
10944
10945
10946
10947
10948
10949
10950
10951
10952
10953
10954
10961
10962
10963
10964
10965
10966
10967
10968
10969
10970
10971
10972
10973
10974
10975
10983
10984
10985
10987
10988
10989
10990
10991
10992
10993
10994
10996
10997
11003
11004
11005
11006
11007
11008
11010
11011
11012
11013
11015
11017
11018
11019
11020
11021
11023
11024
11025
11026
11027
11028
11030
11031
11032
11033
11034
11035
11037
11038
11039
11040
11041
11042
11043
11044
11046
11047
11048
11049
11050
11051
11052
11053
11054
11055
11056
11057
11058
11059
11060
11061
11062
11063
11064
11065
11067
11068
11069
11070
11071
11072
11073
11074
11075
11076
11077
11078
11079
11080
11081
11082
11083
11084
11085
11086
11087
11088
11089
11090
11091
11092
11093
11094
11095
11096
11097
11099
11100
11101
11102
11103
11104
11105
11106
11107
11108
11109
11110
11111
11112
11113
11114
11115
11116
11117
11118
11119
11120
11121
11122
11123
11124
11125
11126
11127
11128
11129
11130
11131
11132
11133
11135
11136
11137
11138
11139
11140
11141
11142
11143
11144
11145
11146
11147
11148
11149
11151
11152
11153
11154
11155
11156
11157
11158
11159
11160
11161
11162
11163
11164
11165
11166
11167
11168
11170
11171
11173
11174
11175
11176
11177
11178
11179
11181
11182
11183
11184
11185
11186
11187
11188
11189
11190
11191
11192
11194
11195
11196
11197
11198
11199
11200
11201
11203
11204
11205
11206
11207
11208
11209
11210
11211
11214
11215
11216
11217
11218
11219
11220
11223
11224
11225
11227
11228
11229
11230
11232
11233
11235
11236
11237
11238
11239
11240
11241
11242
11243
11244
11245
11246
11247
11248
11249
11250
11251
11252
11253
11254
11255
11256
11257
11258
11259
11260
11261
11263
11264
11265
11266
11267
11268
11269
11270
11271
11272
11273
11274
11276
11277
11278
11279
11281
11282
11283
11284
11285
11286
11287
11288
11289
11291
11292
11293
11294
11295
11296
11297
11298
11299
11300
11301
11302
11303
11304
11305
11306
11307
11309
11310
11311
11312
11313
11314
11315
11316
11317
11318
11319
11321
11322
11323
11324
11325
11327
11328
11330
11331
11332
11333
11334
11335
11336
11337
11338
11339
11340
11341
11342
11343
11344
11345
11346
11347
11349
11350
11351
11352
11353
11354
11355
11356
11357
11358
11359
11360
11362
11363
11364
11365
11366
11367
11368
11369
11372
11373
11375
11377
11378
11379
11380
11381
11382
11383
11384
11385
11386
11387
11388
11390
11391
11392
11393
11394
11395
11396
11397
11398
11399
11400
11401
11405
11406
11408
11409
11410
11412
11413
11414
11415
11423
11424
11425
11426
11427
11428
11429
11430
11439
11440
11441
11442
11444
11445
11455
11456
11457
11458
11459
11460
11461
11462
11471
11472
11473
11474
11475
11476
11477
11478
11489
11490
11491
11492
11493
11494
11495
11496
11507
11508
11509
11510
11511
11512
11513
11527
11528
11530
11531
11532
11546
11547
11548
11550
11551
11552
11565
11566
11567
11568
11569
11570
11585
11586
11587
11588
11589
11590
11591
11605
11606
11607
11608
11609
11610
11611
11612
11626
11627
11628
11629
11630
11631
11632
11647
11648
11649
11650
11651
11652
11653
11669
11670
11671
11672
11673
11674
11675
11691
11692
11694
11696
11697
11714
11715
11716
11719
11720
11738
11739
11740
11741
11742
11743
11744
11761
11762
11763
11764
11765
11766
11767
11785
11786
11787
11788
11790
11791
11810
11811
11813
11814
11815
11816
11834
11835
11836
11837
11838
11839
11840
11841
11860
11861
11862
11864
11865
11866
11867
11868
11887
11888
11889
11890
11891
11892
11893
11914
11915
11916
11917
11918
11919
11920
11921
11941
11942
11943
11944
11945
11946
11947
11948
11970
11971
11972
11973
11974
11975
11996
11997
11998
11999
12000
12001
12002
12003
12004
12025
12026
12027
12028
12029
12031
12032
12055
12057
12058
12060
12061
12085
12086
12087
12088
12089
12090
12091
12117
12118
12119
12120
12121
12146
12147
12148
12150
12151
12176
12177
12178
12179
12180
12181
12182
12208
12209
12210
12212
12213
12214
12215
12240
12241
12242
12243
12244
12245
12246
12272
12273
12275
12276
12277
12278
12305
12306
12307
12309
12310
12311
12338
12339
12340
12341
12343
12344
12345
12371
12372
12374
12375
12376
12377
12378
12379
12407
12408
12409
12410
12411
12412
12441
12442
12443
12444
12445
12446
12447
12448
12449
12478
12479
12480
12481
12483
12485
12486
12487
12488
12490
12491
12492
12495
12496
12520
12521
12523
12526
12527
12529
12530
12531
12532
12533
12534
12535
12538
12539
12540
12541
12542
12543
12544
12545
12546
12547
12548
12549
12550
12551
12553
12568
12569
12570
12571
12572
12573
12574
12575
12576
12577
12578
12585
12586
12588
12589
12590
12592
12593
12594
12596
12597
12599
12600
12601
12602
12603
12604
12605
12606
12607
12608
12609
12610
12611
12612
12613
12614
12623
12624
12625
12626
12627
12628
12630
12631
12632
12633
12634
12635
12636
12637
12638
12639
12640
12641
12642
12643
12644
12645
12646
12647
12648
12649
12650
12651
12652
12656
12657
12658
12659
12660
12661
12662
12663
12664
12665
12673
12674
12675
12676
12677
12678
12679
12680
12681
12682
12683
12684
12685
12686
12687
12688
12689
12690
12691
12692
12693
12694
12695
12696
12697
12698
12699
12700
12701
12703
12705
12706
12714
12715
12716
12717
12719
12720
12721
12722
12723
12724
12725
12726
12727
12728
12729
12730
12731
12733
12734
12735
12736
12737
12738
12739
12740
12748
12749
12750
12751
12752
12753
12754
12755
12756
12757
12758
12759
12760
12761
12762
12763
12764
12765
12766
12767
12768
12769
12770
12771
12781
12782
12783
12784
12785
12786
12787
12788
12789
12792
12793
12794
12796
12797
12798
12800
12804
12805
12806
12807
12808
12819
12820
12821
12822
12823
12824
12825
12826
12827
12828
12829
12830
12831
12832
12833
12836
12837
12838
12839
12840
12841
12844
12845
12846
12847
12848
12849
12850
12851
12852
12853
12854
12855
12864
12865
12866
12867
12868
12869
12871
12873
12874
12875
12876
12877
12878
12879
12880
12881
12884
12886
12887
12888
12889
12890
12891
12892
12893
12894
12895
12896
12897
12898
12899
12900
12901
12902
12903
12904
12905
12906
12907
12908
12909
12910
12911
12922
12923
12924
12925
12926
12927
12928
12929
12931
12932
12934
12935
12936
12937
12938
12939
12940
12941
12943
12944
12945
12946
12947
12948
12949
12950
12952
12954
12956
12957
12958
12959
12960
12961
12962
12963
12964
12965
12966
12967
12968
12969
12970
12971
12972
12989
12990
12992
12993
12994
12995
12996
12997
12998
12999
13000
13002
13006
13007
13008
13009
13013
13014
13015
13016
13017
13018
13019
13048
13049
13050
13051
13053
13054
13085
13086
13087
13088
13089
13090
13120
13121
13122
13123
13124
13125
13126
13153
13154
13155
13156
13157
13158
13159
13160
13188
13189
13190
13191
13192
13193
13194
13221
13222
13224
13225
13226
13253
13254
13255
13256
13257
13258
13259
13260
13286
13287
13288
13289
13290
13291
13292
13293
13294
13319
13320
13321
13322
13323
13324
13325
13350
13351
13353
13354
13356
13357
13358
13381
13382
13383
13385
13387
13388
13412
13413
13414
13415
13416
13417
13418
13441
13442
13444
13445
13447
13448
13471
13472
13473
13475
13477
13478
13479
13501
13502
13503
13504
13505
13506
13507
13508
13529
13530
13531
13532
13533
13534
13535
13536
13557
13558
13559
13560
13561
13562
13563
13564
13585
13586
13587
13588
13590
13591
13592
13612
13613
13614
13615
13616
13618
13619
13639
13640
13641
13642
13643
13644
13645
13646
13647
13667
13668
13669
13670
13672
13673
13693
13694
13695
13696
13697
13698
13699
13718
13719
13720
13722
13723
13724
13742
13743
13744
13745
13746
13747
13748
13749
13767
13768
13769
13771
13772
13773
13774
13775
13793
13794
13795
13797
13798
13816
13817
13818
13821
13822
13840
13841
13842
13843
13844
13861
13862
13863
13864
13865
13866
13867
13882
13883
13884
13885
13886
13887
13888
13889
13903
13904
13905
13906
13907
13908
13909
13910
13911
13925
13926
13927
13928
13929
13930
13931
13945
13946
13947
13948
13949
13950
13964
13965
13967
13968
13969
13970
13971
13984
13985
13986
13987
13988
13989
13990
13991
13992
14004
14005
14006
14007
14008
14009
14010
14023
14024
14025
14026
14027
14028
14041
14042
14043
14044
14045
14046
14047
14058
14059
14060
14061
14062
14063
14064
14065
14074
14075
14076
14077
14078
14079
14080
14081
14091
14092
14093
14094
14095
14096
14097
14098
14106
14107
14108
14109
14110
14112
14113
14122
14123
14127
14128
14129
14130
14131
14132
14133
14134
14135
14136
14138
14139
14140
14141
14142
14143
14144
14145
14146
14147
14148
14149
14150
14151
14152
14155
14156
14157
14158
14159
14160
14161
14162
14163
14164
14165
14166
14167
14168
14169
14173
14174
14175
14176
14177
14179
14180
14181
14182
14183
14184
14185
14189
14190
14196
14197
14198
14199
14200
14201
14202
14203
14204
14205
14206
14207
14208
14209
14210
14211
14212
14213
14214
14215
14216
14217
14218
14219
14220
14221
14222
14223
14229
14232
14234
14235
14236
14237
14238
14240
14241
14242
14243
14244
14245
14246
14247
14248
14249
14250
14251
14252
14256
14258
14259
14260
14261
14262
14263
14264
14265
14266
14267
14269
14270
14271
14272
14273
14274
14275
14276
14277
14278
14279
14280
14281
14282
14283
14284
14285
14286
14287
14288
14289
14290
14293
14295
14296
14297
14298
14299
14300
14301
14302
14303
14306
14307
14308
14309
14310
14311
14312
14313
14314
14315
14319
14320
14321
14322
14323
14324
14325
14326
14327
14328
14329
14330
14331
14332
14334
14335
14336
14337
14338
14339
14340
14341
14342
14343
14344
14348
14349
14350
14351
14353
14354
14355
14356
14358
14359
14361
14362
14363
14367
14368
14372
14373
14374
14375
14376
14378
14379
14381
14382
14384
14385
14386
14387
14388
14390
14392
14394
14396
14397
14399
14402
14403
14404
14407
14409
14410
14411
14412
14413
14414
14415
14416
14417
14418
14419
14420
14421
14422
14423
14424
14425
14426
14428
14429
14430
14431
14432
14433
14434
14435
14436
14438
14439
14440
14441
14442
14443
14444
14445
14446
14447
14448
14449
14450
14451
14452
14454
14455
14462
14463
14465
14466
14467
14468
14469
14470
14471
14472
14473
14475
14478
14480
14481
14482
14483
14484
14485
14486
14487
14488
14489
14490
14491
14492
14493
14494
14495
14496
14497
14498
14499
14500
14501
14504
14505
14506
14508
14509
14510
14511
14512
14513
14514
14515
14517
14518
14519
14520
14521
14522
14526
14527
14528
14529
14530
14531
14532
14533
14534
14535
14536
14537
14539
14540
14541
14542
14543
14546
14547
14548
14549
14550
14551
14552
14553
14554
14555
14556
14557
14558
14559
14560
14562
14563
14564
14565
14566
14567
14568
14571
14572
14573
14574
14575
14577
14579
14580
14581
14582
14583
14584
14586
14591
14592
14594
14595
14596
14598
14600
14601
14602
14603
14604
14605
14607
14608
14609
14610
14611
14618
14619
14620
14621
14622
14623
14624
14625
14626
14635
14636
14638
14639
14640
14642
14643
14644
14646
14649
14650
14651
14652
14653
14654
14655
14660
14661
14662
14663
14664
14666
14667
14668
14670
14672
14674
14675
14676
14678
14679
14680
14681
14682
14683
14684
14685
14686
14689
14690
14691
14692
14694
14696
14697
14707
14708
14709
14710
14711
14712
14713
14722
14724
14725
14726
14727
14728
14729
14730
14731
14732
14735
14736
14737
14739
14740
14741
14743
14744
14747
14748
14749
14750
14751
14752
14753
14754
14755
14766
14767
14768
14769
14770
14771
14779
14781
14782
14783
14784
14785
14786
14787
14788
14789
14790
14791
14792
14793
14794
14795
14796
14798
14799
14800
14802
14803
14804
14805
14807
14808
14809
14810
14820
14821
14822
14823
14824
14832
14833
14834
14835
14836
14837
14838
14839
14841
14842
14844
14845
14846
14847
14848
14849
14850
14851
14852
14853
14854
14856
14857
14859
14861
14862
14863
14864
14865
14866
14867
14868
14877
14878
14881
14882
14889
14890
14891
14893
14896
14897
14898
14899
14900
14901
14902
14903
14904
14905
14906
14907
14908
14910
14911
14912
14913
14914
14916
14917
14918
14920
14921
14922
14923
14924
14932
14933
14934
14935
14936
14937
14938
14943
14944
14945
14946
14947
14948
14949
14950
14953
14954
14955
14956
14957
14958
14959
14960
14961
14962
14963
14964
14965
14966
14968
14969
14971
14972
14973
14974
14975
14976
14977
14979
14981
14982
14983
14986
14987
14988
14989
14990
14991
14992
14993
14994
14995
14996
14997
14998
14999
15000
15002
15003
15004
15005
15006
15007
15008
15009
15010
15011
15012
15013
15015
15016
15017
15018
15020
15021
15022
15024
15025
15026
15027
15028
15029
15030
15031
15032
15033
15034
15036
15037
15038
15039
15040
15041
15042
15043
15044
15045
15046
15047
15048
15049
15050
15051
15052
15053
15054
15055
15056
15057
15058
15060
15061
15063
15065
15066
15067
15068
15069
15070
15071
15072
15073
15075
15076
15077
15078
15079
15080
15081
15082
15083
15084
15085
15086
15088
15089
15091
15092
15093
15095
15101
15103
15104
15105
15108
15109
15110
15113
15114
15115
15116
15117
15118
15119
15120
15121
15122
15123
15124
15125
15126
15127
15128
15129
15130
15131
15132
15133
15135
15136
15137
15138
15139
15140
15141
15142
15143
15144
15145
15146
15147
15148
15150
15151
15152
15153
15154
15155
15156
15160
15161
15162
15163
15164
15166
15173
15174
15175
15176
15177
15179
15180
15181
15182
15183
15184
15185
15186
15187
15188
15189
15190
15191
15192
15193
15194
15195
15199
15200
15201
15202
15203
15204
15205
15209
