49
68
74
83
92
101
112
122
142
153
165
541
542
588
589
682
819
831
874
879
880
920
929
1017
1023
1025
1115
2012
2154
2180
2326
2329
2367
2526
2714
2739
2748
2910
2922
3094
3422
3435
3441
3592
3619
3620
3621
3786
3787
3788
3841
3882
3991
4019
4092
4093
4094
4096
4097
4274
4286
4287
4289
4290
4291
4450
4454
4800
4812
4954
4955
4957
4958
5037
5038
5040
5041
5043
5044
5049
5095
5210
5306
5350
5390
5398
5400
5436
5437
5473
5524
5542
5635
5691
5784
5796
5809
5825
5830
5853
5873
5879
5891
5892
5895
5929
