13
21
27
29
37
52
53
57
58
62
65
85
123
159
161
170
211
215
216
220
222
259
261
263
265
269
279
312
317
320
328
332
338
352
356
360
366
369
382
405
407
421
427
435
438
442
466
472
492
497
501
502
504
527
533
541
572
576
584
589
591
599
609
612
613
617
628
644
646
648
649
652
665
669
686
687
690
691
693
694
695
698
699
710
729
735
747
771
775
776
778
781
786
803
804
809
828
831
840
850
851
888
895
896
897
902
922
943
962
990
1001
1009
1015
1035
1038
1040
1051
1107
1133
1151
1216
1223
1235
1264
1267
1276
1286
1288
1313
1319
1323
1324
1343
1353
1373
1374
1415
1417
1423
1425
1433
1462
1467
1469
1481
1540
1543
1554
1560
1561
1564
1587
1631
1645
1646
1647
1659
1661
1692
1696
1714
1751
1767
1809
1824
1830
1889
1892
1894
1914
1937
1958
1993
1996
2014
2015
2018
2025
2033
2077
2128
2134
2164
2207
2225
2233
2277
2280
2353
2355
2356
2371
2428
2443
2699
2703
2763
2770
2773
2785
2851
2853
2875
2884
2885
2891
2905
2913
2976
2979
3078
3086
3089
3090
3108
3110
3183
3191
3196
3294
3296
3375
3379
3441
3456
3475
3479
3485
3604
3624
3659
3684
3730
3747
3748
3790
3796
3876
4006
4016
4026
4036
4170
4173
4180
4183
4185
4187
4199
4202
4203
4209
4211
4214
4218
4357
4369
4384
4405
4411
4440
4446
4448
4449
4535
4536
4537
4548
4549
4550
4551
4552
4569
4570
4573
4574
4575
4583
4584
4585
4588
4591
4592
4598
4603
4606
4607
4618
4619
4620
4633
4634
4709
4727
4734
4803
4824
4835
4897
4989
5014
5024
5028
5036
5037
5038
5041
5048
5051
5084
5085
5086
5087
5093
5095
5099
5105
5137
5138
5139
5142
5143
5144
5147
5154
5191
5195
5198
5199
5201
5220
5253
5254
5255
5257
5264
5265
5277
5278
5282
5327
5334
5372
5384
5410
5416
5442
5470
5471
5502
5519
5541
5547
5553
5607
5626
5640
5670
5677
5687
5721
5737
5798
5841
5858
5879
5882
5890
5898
5901
5928
6015
6017
6030
6035
6037
6041
6046
6047
6056
6080
6084
6101
6102
6103
6126
6128
6144
6146
6158
6164
6177
6187
6207
6210
6227
6235
6237
6251
6258
6260
6268
6282
6284
6296
6298
6312
