95
113
184
223
247
336
485
494
629
655
673
890
902
916
990
1174
1235
1250
1304
1330
1333
1357
1449
1526
1599
1723
1730
1793
1983
2015
2023
2165
2237
2250
2338
2412
2519
2590
2614
2619
2692
2707
2717
2760
2794
3101
3118
3159
3263
3495
3546
3577
3583
3589
3653
3681
3703
4054
4075
4076
4110
4136
4303
4432
4492
4568
4600
4652
4689
5114
5342
5505
5551
5678
5845
6286
6449
6842
6924
7052
7128
7174
7299
7309
7313
7423
7476
7522
7525
7590
7593
7662
7717
7812
7828
7871
8029
8229
8288
8311
8444
8487
8497
8552
8723
8788
8953
8995
9273
9275
9384
9724
9754
9765
9911
9929
9932
9978
9979
9992
9995
10007
10190
10364
10389
10629
10683
10715
10751
10871
11061
11063
11443
11639
11776
11834
11874
11878
12026
12099
12193
12253
12396
12440
12568
12677
12685
12729
12742
12758
12765
12802
12825
12847
12864
12942
