277
491
618
1096
1162
1168
1580
1613
1647
1667
1844
1845
1858
1945
1957
1971
1979
2248
2249
2310
2361
2441
2449
2468
2476
2497
2578
2661
2670
2740
2743
2868
2993
3169
3243
3258
3439
3497
3703
3776
3808
3934
3994
4030
4059
4084
4144
4206
4230
4445
4466
4467
4525
4569
4719
4936
4988
4996
5092
5097
5239
5249
5252
5353
5664
5718
5722
5767
5795
5945
5996
6128
6142
6267
6290
6326
6358
6480
6531
6543
6672
6689
6727
6764
6808
7525
7684
7685
7687
7700
7972
8107
8232
8258
8450
8456
8463
8655
8861
8907
8958
9171
9179
9437
9760
9765
10207
10220
10294
10726
10927
10938
10961
10971
10976
11146
11351
11452
11490
11524
11563
11599
11630
11632
11700
11856
11875
11954
12097
12155
12196
12204
12205
12212
