0
1
2
3
5
22
24
54
55
56
71
72
76
90
91
134
135
142
149
153
178
180
182
185
191
205
216
255
257
258
269
275
282
288
294
295
338
339
351
352
353
354
356
390
393
405
407
408
412
421
430
440
441
442
443
456
463
466
478
481
485
497
507
512
519
528
537
550
551
553
558
560
561
572
575
606
610
639
642
644
655
662
666
671
684
691
695
701
703
711
715
719
722
739
752
754
758
760
762
765
796
805
816
824
826
835
844
905
912
942
944
947
965
971
972
974
977
979
988
1009
1018
1035
1041
1049
1052
1058
1059
1063
1064
1070
1073
1098
1105
1114
1119
1120
1122
1123
1142
1157
1161
1166
1174
1175
1177
1181
1183
1185
1191
1192
1196
1206
1210
1211
1212
1225
1246
1252
1257
1259
1260
1264
1271
1284
1289
1291
1296
1298
1307
1309
1321
1350
1354
1355
1356
1374
1384
1386
1396
1403
1409
1410
1411
1412
1423
1427
1428
1429
1431
1449
1453
1459
1461
1466
1473
1474
1483
1484
1485
1489
1491
1493
1497
1498
1502
1517
1521
1543
1571
1573
1579
1580
1581
1603
1604
1605
1606
1608
1620
1623
1624
1639
1651
1658
1660
1663
1673
1700
1705
1709
1720
1722
1723
1734
1752
1753
1755
1757
1765
1766
1778
1785
1787
1793
1804
1805
1815
1823
1826
1829
1830
1845
1850
1853
1854
1864
1880
1889
1891
1893
1896
1898
1917
1918
1919
1920
1921
1922
1927
1938
1944
1951
1960
1968
1972
1982
1995
2002
2020
2022
2036
2040
2051
2052
2055
2057
2065
2066
2067
2071
2074
2076
2078
2081
2083
2086
2089
2090
2091
2095
2096
2098
2099
2112
2115
2118
2122
2123
2125
2130
2136
2140
2147
2148
2150
2152
2166
2167
2179
2181
2185
2202
2210
2237
2238
2260
2269
2270
2272
2274
2283
2287
2291
2299
2313
2325
2332
2334
2336
2344
2363
2374
2400
2401
2403
2410
2411
2412
2413
2417
2418
2420
2424
2426
2427
2431
2432
2434
2435
2437
2439
2442
2443
2448
2451
2457
2460
2464
2471
2472
2474
2481
2482
2483
2490
2511
2516
2530
2536
2543
2546
2556
2557
2558
2568
2576
2583
2597
2600
2610
2611
2619
2625
2627
2636
2646
2647
2648
2671
2673
2680
2683
2684
2701
2716
2717
2737
2741
2743
2770
2771
2786
2806
2819
2821
2822
2824
2840
2857
2874
2877
2883
2928
2936
2937
2943
2950
2952
2960
2961
2974
2976
2977
3000
3005
3009
3025
3026
3027
3031
3057
3063
3076
3088
3101
3114
3128
3192
3209
3210
3214
3218
3228
3229
3232
3234
3267
3278
3285
3295
3317
3336
3338
3339
3342
3389
3406
3416
3442
3463
3476
3503
3508
3525
3526
3533
3537
3539
3553
3554
3562
3580
3582
3583
3587
3595
3602
3615
3629
3635
3636
3637
3640
3642
3643
3660
3720
3756
3757
3778
3780
3801
3808
3809
3816
3821
3840
3841
3848
3849
3855
3856
3870
3876
3884
3892
3894
3896
3905
3949
3951
3957
3958
4037
4049
4054
4059
4067
4099
4100
4113
4115
4117
4118
4128
4129
4132
4146
4150
4151
4163
4164
4168
4172
4179
4187
4211
4278
4316
4317
4319
4331
4337
4384
4394
4398
4411
4413
4419
4425
4434
4448
4449
4463
4498
4502
4506
4587
4588
4596
4624
4635
4643
4655
4667
4671
4697
4698
4699
4702
4705
4717
4720
4729
4866
4876
4894
4896
4897
4911
4913
4914
4915
4922
4924
4925
4927
4936
4940
4960
4962
4965
4969
4979
4984
4987
5027
5028
5031
5053
5119
5139
5151
5152
5155
5158
5169
5174
5178
5184
5188
5189
5200
5203
5217
5220
5223
5224
5233
5234
5291
5292
5300
5301
5313
5390
5408
5419
5420
5421
5423
5427
5429
5432
5434
5441
5444
5447
5455
5456
5461
5469
5471
5504
5506
5644
5646
5657
5658
5664
5672
5673
5683
5684
5699
5703
5746
5748
5750
5761
5762
5765
5852
5863
5864
5866
5867
5874
5875
5880
5888
5890
5895
5902
5906
5907
5923
5927
5928
5935
5936
5950
5953
5967
5972
5988
6037
6049
6051
6059
6060
6072
6077
6088
6090
6095
6098
6108
6115
6118
6125
6126
6127
6131
6136
6140
6141
6145
6162
6164
6168
6179
6202
6204
6208
6211
6216
6217
6224
6237
6245
6274
6285
6287
6288
6290
6292
6296
6297
6299
6300
6303
6309
6312
6314
6323
6329
6338
6341
6347
6362
6364
6365
6366
6369
6372
6374
6376
6382
6395
6400
6408
6430
6431
6432
6437
6444
6485
6487
6494
6496
6501
6509
6512
6515
6525
6528
6529
6540
6541
6543
6546
6549
6550
6552
6558
6561
6564
6570
6573
6574
6577
6580
6582
6586
6587
6589
6591
6595
6596
6610
6631
6632
6644
6646
6678
6679
6681
6685
6687
6698
6704
6706
6710
6720
6721
6724
6726
6728
6731
6732
6733
6739
6745
6749
6760
6761
6772
6806
6809
6823
6826
6827
6828
6831
6833
6834
6835
6837
6839
6840
6843
6846
6858
6861
6863
6865
6868
6878
6889
6890
6894
6902
6913
6914
6916
6917
6918
6919
6920
6923
6938
6953
6954
6961
6973
6974
6976
6978
6980
6983
6985
6986
6990
6995
6996
6999
7002
7003
7011
7012
7013
7014
7022
7025
7038
7039
7041
7059
7062
7073
7074
7090
7116
7123
7125
7136
7138
7139
7148
7156
7167
7169
7170
7175
7181
7184
7189
7191
7192
7196
7197
7198
7208
7210
7214
7216
7222
7223
7231
7237
7242
7260
7269
7271
7274
7276
7280
7298
7299
7305
7311
7313
7322
7330
7352
7355
7365
7366
7369
7384
7385
7390
7392
7393
7404
7420
7421
7427
7439
7440
7442
7446
7448
7452
7454
7455
7466
7471
7472
7476
7484
7485
7488
7503
7529
7534
7535
7546
7547
