8
12
24
109
136
172
175
224
236
239
273
423
475
479
538
554
571
579
638
665
670
866
951
1017
1023
1095
1105
1108
1118
1119
1152
1190
1203
1235
1319
1324
1399
1504
1526
1566
1599
1652
1664
1666
1769
1822
1898
1904
1923
2137
2147
2207
2216
2258
2311
2343
2365
2405
2409
2421
2424
2688
2690
2807
2854
2858
2859
2882
2901
2916
3051
3052
3056
3060
3061
3187
3189
3357
3362
3652
4954
5460
5592
5593
5597
5602
5669
5700
5703
5742
5784
5785
5854
6052
6132
6367
6374
6453
6539
6690
6697
6731
6804
6864
6868
7038
7095
7128
