63
119
131
140
146
151
191
251
317
387
408
428
438
504
570
584
587
599
604
672
757
777
789
854
882
944
949
1170
1173
1178
1182
1184
1192
1397
1477
1683
1686
1687
1732
1737
2043
2098
2103
2357
2494
2541
2594
2635
2638
2648
2947
2997
3035
3041
3087
3091
3094
3117
3143
3155
3331
3398
3423
3636
3638
3759
3778
3779
3803
3821
3877
3884
3888
3892
3898
3910
3921
3926
4033
4143
4148
4166
4298
4310
4313
4337
4343
4484
4486
4627
4633
4640
4646
4648
4804
4965
4974
5107
5120
5131
5240
5248
5265
5267
5268
5276
5278
5288
5412
5416
5561
5577
5600
5729
5733
5741
5883
6068
6076
6082
6198
6226
6227
6232
6356
6359
6846
7001
7008
7152
7154
7156
7297
7304
7441
7443
7465
7759
7763
7784
7912
7915
7927
7935
8094
8097
8219
8254
8416
8418
8482
8559
8575
8687
8860
8870
8883
8885
9026
9041
9047
9166
9167
9178
9181
9185
9207
9329
9420
9433
9440
9444
9446
9453
9463
9599
10017
10022
10219
10224
10621
10793
10849
10869
10879
11502
11539
11772
11903
11909
11928
11930
11938
11939
11954
12008
12020
12071
12082
12084
12103
12168
12240
12264
12279
12282
12289
12293
12307
12329
12374
12390
12399
12530
12542
12586
12637
12685
12714
12770
12772
12836
