31
154
184
216
217
272
302
320
362
423
425
548
554
573
579
607
643
684
690
696
714
728
795
835
915
920
955
956
1078
1259
1269
1304
1317
1331
1336
1341
1383
1420
1439
1509
1511
1573
1732
1814
1951
1957
1995
2090
2112
2121
2153
2193
2236
2317
2321
2333
2348
2387
2388
2419
2426
2571
2668
2694
2773
2778
2798
2826
2924
2950
2964
3109
3170
3231
3247
3258
3269
3270
3271
3357
3384
3423
3493
3571
3628
3668
3680
3748
3768
3830
3836
3853
3857
3871
3875
3882
3891
3973
4036
4045
4157
4158
4262
4305
4329
4333
4385
4386
4415
4459
4506
4557
4597
4613
4672
4678
4746
4811
4875
4991
5008
5078
5142
5159
5235
5295
5307
5599
5606
5611
5618
5649
5659
5667
5670
5681
5711
5905
6015
6019
6022
6041
6060
6087
6214
6232
6268
6315
6385
6436
6439
6442
6451
6468
6489
6502
6607
6629
6649
6672
6691
6707
6826
6857
6890
7014
7027
7149
7268
7306
7310
7379
7399
7468
7484
7772
7824
7857
7906
7982
8041
8079
8095
8103
8114
8136
8137
8150
8269
8344
8396
8422
8435
8481
8551
8574
8582
8586
8593
8628
8688
8695
8704
8725
8791
8799
8839
8866
8881
8957
8958
9070
9078
9102
9103
9145
9182
9228
9261
9319
9357
9466
9503
9541
9557
9705
9746
9889
9915
9947
9969
10108
10129
10279
10428
10562
10678
10721
10942
10982
11073
11373
11381
11432
11438
11472
