73
95
97
104
115
136
219
281
292
305
521
530
534
559
576
827
1037
1048
1354
1385
1401
1474
1589
1670
1674
1688
1755
1773
1820
1897
1907
1919
1944
2041
2135
2176
2255
2283
2303
2386
2402
2417
2419
2425
2536
2581
2670
2693
2799
2800
2829
2880
2909
3009
3047
3183
3288
3410
3514
3635
3666
3699
3701
3756
3782
3849
3857
3874
3985
4122
4157
4176
4256
4337
4342
4408
4444
4479
4587
4652
4703
4801
4821
4826
4865
4924
4933
4936
4953
4974
4976
5013
5026
5098
5121
5122
5139
5220
5223
5231
5254
5384
5439
5565
5591
5647
5727
5767
5822
5847
5848
5856
5887
5919
6010
6179
6189
6243
6277
6285
6470
6505
6590
6612
6693
6699
6701
6827
6864
6878
6980
7021
7148
7289
7298
7422
7520
7521
7535
7544
7611
7729
7739
7744
7747
7924
7937
7941
7946
8011
8031
8036
8070
8133
8157
8213
8333
8351
8375
8376
8385
8470
8630
8702
8772
8801
9162
9200
9263
9265
9302
9305
9365
9368
9393
9395
9500
9536
9541
9549
9589
9618
9707
9736
9925
10007
10152
10156
10207
10221
10262
10297
10419
10513
10519
10525
10580
10581
10593
10708
10861
10888
10958
11102
11107
11127
11137
11144
11145
11178
11185
11227
11235
11240
11242
11286
