66
112
196
282
315
375
419
462
474
511
519
558
618
716
723
736
765
789
792
819
820
853
952
968
1024
1158
1186
1246
1289
1293
1306
1360
1377
1387
1477
1489
1640
1672
1685
1729
1806
1833
1880
1998
2059
2063
2137
2141
2166
2546
2551
2554
2559
2639
2672
2727
2752
2761
2779
2849
2857
2860
2871
2884
2900
2908
2910
2919
2925
2930
2945
3039
3049
3057
3094
3104
3124
3178
3196
3199
3225
3295
3301
3303
3321
3389
3400
3416
3427
3439
3448
3465
3484
3500
3505
3513
3519
3691
3703
3731
3800
3809
3876
3906
3911
3932
3939
4007
4047
4106
4298
4308
4327
4338
4354
4419
4527
4552
4654
4679
4720
4780
4803
4871
4974
5148
5180
5316
5318
5356
5454
5505
5531
5550
5582
5594
5629
5687
5817
5899
5915
5925
6023
6125
6246
6320
6376
6531
6533
6656
6665
6767
6794
6820
6852
6874
6928
6929
6945
6970
6983
7034
7048
7058
7059
7150
7190
7213
