0
102
134
192
218
241
256
725
1053
1117
1146
1311
1329
1654
1764
1862
1863
1958
2010
2046
2114
2125
2129
2136
2144
2204
2471
2575
2581
2665
2669
2690
2709
3015
3117
3144
3181
3388
3419
3434
3553
3663
3679
3860
3889
3909
3937
3969
4097
4158
4209
4274
4281
4288
4416
4540
4635
4688
4699
4747
4748
4824
4949
4966
4987
4999
5106
5113
5180
5199
5216
5276
5328
5330
5338
5415
5486
5575
5642
5675
5769
5874
5919
5991
6049
6072
6108
6265
6328
6354
6409
6527
6603
6610
6624
6666
6837
7020
7064
7122
7155
7266
7443
7468
7509
7640
7650
7672
7676
8109
8411
8618
8682
8779
8846
8896
8948
8953
9492
9550
