0
1
2
3
4
5
6
7
8
9
11
13
14
15
17
18
19
29
30
31
40
41
49
51
52
53
54
61
62
63
64
70
71
73
74
75
79
80
82
83
84
86
87
90
91
92
93
94
95
96
99
100
103
104
105
106
107
108
109
111
116
117
119
120
121
122
129
130
131
141
142
143
151
153
154
155
162
164
165
166
170
171
172
174
175
176
177
178
179
180
181
182
185
188
191
198
199
200
201
203
204
205
206
207
208
210
211
214
216
217
218
220
221
223
224
225
227
228
230
231
233
234
235
237
238
239
240
241
242
245
246
247
248
256
258
259
260
261
270
271
272
273
274
275
285
286
287
296
297
298
299
301
306
307
308
311
312
313
319
322
324
325
326
338
339
342
344
348
349
350
353
354
355
356
357
358
359
360
361
362
363
364
365
366
367
368
369
371
372
373
374
375
376
377
378
379
380
382
383
384
385
386
387
388
389
391
392
393
395
396
397
398
436
437
438
439
440
441
442
444
487
490
491
492
544
546
547
548
598
601
651
652
653
654
702
703
705
706
707
753
756
757
759
760
761
762
795
800
801
803
804
805
806
810
811
812
814
815
816
817
818
819
820
821
822
824
825
827
828
829
830
832
833
834
835
836
837
838
839
840
841
842
844
845
847
848
849
850
859
860
862
866
868
869
871
872
873
874
875
876
878
880
881
883
884
885
886
888
889
890
892
897
898
899
901
902
910
912
913
914
915
923
925
926
927
936
937
938
939
942
943
944
945
946
947
948
950
951
954
955
956
959
961
962
963
965
967
968
971
972
973
975
977
978
980
981
983
985
987
988
991
993
994
995
997
998
999
1000
1002
1005
1007
1009
1010
1011
1012
1013
1014
1015
1017
1018
1019
1020
1021
1022
1024
1025
1026
1027
1029
1030
1031
1032
1035
1036
1037
1041
1042
1044
1047
1050
1053
1054
1056
1059
1061
1062
1063
1064
1065
1066
1069
1070
1072
1074
1076
1078
1079
1080
1081
1083
1084
1085
1086
1087
1090
1091
1093
1096
1097
1099
1100
1102
1103
1105
1106
1107
1108
1110
1112
1113
1114
1116
1117
1125
1126
1129
1130
1132
1142
1145
1146
1156
1158
1169
1170
1177
1178
1179
1180
1181
1182
1190
1191
1193
1194
1197
1198
1199
1200
1203
1214
1219
1224
1226
1227
1228
1229
1230
1231
1232
1233
1235
1236
1247
1248
1251
1253
1258
1259
1260
1261
1262
1263
1265
1266
1267
1268
1269
1271
1274
1275
1276
1277
1278
1279
1287
1288
1290
1291
1292
1293
1296
1297
1298
1299
1300
1303
1304
1306
1307
1308
1309
1310
1311
1312
1313
1315
1322
1323
1324
1325
1326
1328
1329
1331
1333
1334
1335
1337
1338
1339
1342
1345
1348
1349
1350
1351
1352
1361
1362
1363
1366
1367
1372
1373
1375
1380
1381
1382
1385
1397
1398
1400
1401
1408
1409
1410
1411
1435
1436
1437
1438
1445
1446
1447
1448
1471
1472
1473
1474
1483
1484
1485
1487
1511
1512
1513
1514
1520
1522
1523
1525
1526
1530
1532
1533
1536
1538
1539
1549
1550
1551
1552
1553
1554
1556
1558
1559
1561
1562
1565
1566
1567
1568
1570
1571
1572
1573
1576
1585
1587
1590
1594
1595
1596
1597
1598
1600
1601
1602
1603
1605
1606
1609
1610
1611
1612
1613
1622
1624
1625
1629
1631
1632
1634
1642
1649
1651
1653
1655
1658
1659
1660
1665
1667
1668
1669
1677
1678
1679
1680
1689
1690
1692
1696
1697
1698
1699
1701
1702
1703
1704
1705
1714
1715
1716
1717
1729
1730
1731
1732
1744
1745
1746
1754
1757
1758
1759
1760
1762
1763
1764
1765
1766
1767
1769
1770
1771
1773
1774
1776
1777
1778
1780
1782
1785
1787
1788
1789
1790
1791
1793
1795
1797
1798
1800
1801
1802
1803
1804
1806
1807
1808
1810
1812
1814
1816
1817
1818
1820
1821
1822
1825
1827
1829
1830
1831
1832
1834
1835
1836
1838
1839
1842
1845
1847
1851
1853
1854
1855
1858
1859
1860
1861
1862
1865
1866
1867
1868
1869
1870
1871
1872
1873
1874
1875
1876
1877
1878
1879
1883
1884
1885
1886
1887
1888
1889
1890
1892
1893
1897
1899
1902
1903
1904
1906
1908
1909
1913
1914
1916
1917
1919
1920
1921
1922
1923
1925
1926
1928
1929
1932
1933
1934
1935
1936
1939
1941
1942
1943
1944
1946
1947
1949
1952
1953
1954
1955
1956
1957
1959
1961
1962
1963
1965
1966
1967
1968
1969
1971
1973
1974
1977
1978
1979
1980
1981
1982
1983
1984
1985
1986
1987
1988
1989
1990
1992
1993
1994
1995
1996
1997
1998
2000
2001
2003
2004
2005
2006
2007
2008
2010
2011
2012
2013
2014
2019
2021
2023
2024
2026
2030
2031
2032
2037
2038
2039
2042
2043
2044
2045
2046
2047
2048
2049
2051
2052
2053
2054
2055
2058
2060
2061
2062
2063
2064
2065
2067
2068
2069
2073
2075
2077
2080
2081
2083
2084
2085
2086
2087
2088
2090
2094
2097
2099
2101
2102
2106
2107
2108
2109
2111
2113
2114
2115
2116
2119
2120
2121
2127
2129
2130
2131
2135
2136
2137
2138
2139
2143
2144
2145
2146
2147
2148
2149
2151
2152
2153
2154
2156
2157
2158
2162
2164
2165
2167
2168
2169
2170
2171
2172
2173
2174
2175
2176
2177
2178
2181
2182
2183
2184
2185
2188
2191
2192
2193
2195
2196
2198
2202
2205
2207
2208
2209
2213
2214
2215
2216
2217
2218
2219
2220
2222
2223
2225
2227
2229
2230
2231
2232
2233
2234
2235
2236
2239
2240
2242
2244
2246
2247
2248
2249
2250
2252
2255
2256
2257
2260
2261
2262
2263
2264
2265
2266
2267
2268
2269
2270
2271
2272
2274
2276
2277
2278
2279
2280
2281
2282
2283
2284
2285
2286
2288
2289
2291
2292
2293
2294
2296
2297
2298
2299
2300
2301
2302
2303
2304
2305
2306
2308
2309
2310
2312
2313
2314
2316
2317
2318
2319
2320
2322
2323
2325
2326
2328
2330
2331
2332
2333
2334
2335
2336
2338
2340
2343
2345
2346
2348
2351
2352
2355
2356
2358
2359
2361
2362
2363
2364
2365
2367
2368
2372
2375
2376
2378
2379
2385
2386
2388
2390
2391
2394
2395
2399
2401
2403
2404
2409
2410
2411
2412
2414
2415
2416
2417
2418
2419
2420
2421
2422
2423
2424
2425
2426
2427
2428
2429
2430
2431
2433
2434
2435
2436
2437
2438
2439
2440
2441
2442
2444
2449
2451
2452
2461
2463
2464
2465
2466
2471
2475
2476
2477
2480
2483
2485
2486
2489
2490
2492
2493
2494
2496
2499
2500
2502
2503
2505
2507
2508
2509
2510
2511
2512
2514
2515
2517
2519
2521
2522
2523
2525
2527
2528
2530
2531
2533
2534
2535
2537
2559
2560
2562
2563
2566
2567
2568
2569
2574
2575
2576
2577
2578
2587
2588
2589
2590
2591
2592
2593
2594
2595
2596
2600
2601
2603
2606
2610
2612
2614
2615
2616
2618
2619
2621
2622
2623
2625
2626
2627
2633
2634
2636
2638
2639
2640
2641
2642
2644
2645
2646
2647
2651
2652
2653
2654
2656
2657
2659
2661
2662
2665
2666
2667
2668
2669
2672
2673
2674
2675
2679
2680
2681
2682
2684
2686
2690
2691
2692
2694
2696
2700
2702
2704
2705
2707
2708
2709
2710
2711
2712
2717
2718
2719
2720
2721
2729
2731
2732
2733
2734
2736
2763
2764
2766
2767
2768
2769
2771
2772
2774
2775
2776
2778
2780
2782
2784
2785
2787
2788
2790
2791
2792
2793
2794
2795
2796
2798
2799
2801
2803
2805
2806
2807
2808
2809
2810
2813
2814
2819
2825
2826
2833
2837
2838
2839
2841
2848
2849
2850
2851
2859
2860
2861
2863
2864
2865
2866
2867
2868
2869
2874
2876
2878
2881
2883
2885
2887
2889
2890
2891
2893
2894
2895
2898
2899
2900
2902
2903
2904
2905
2916
2917
2919
2921
2929
2930
2932
2933
2934
2936
2943
2946
2948
2949
2950
2951
2952
2953
2954
2955
2956
2957
2958
2959
2960
2961
2962
2964
2968
2971
2972
2979
2980
2982
2983
2984
2993
2994
2995
2996
2997
2998
2999
3000
3001
3002
3006
3008
3009
3010
3012
3014
3017
3022
3023
3024
3026
3028
3029
3031
3034
3036
3037
3038
3040
3041
3042
3043
3045
3046
3048
3051
3052
3054
3081
3083
3085
3087
3088
3097
3098
3107
3108
3112
3113
3115
3119
3120
3121
3130
3132
3134
3135
3138
3141
3142
3143
3144
3149
3151
3152
3153
3156
3157
3158
3160
3161
3162
3164
3166
3167
3168
3170
3171
3172
3175
3178
3179
3184
3187
3188
3189
3194
3195
3197
3205
3207
3208
3212
3219
3223
3231
3233
3234
3235
3236
3238
3265
3267
3269
3270
3271
3274
3277
3278
3280
3281
3284
3285
3287
3293
3295
3297
3298
3302
3303
3304
3309
3310
3314
3315
3316
3318
3319
3320
3321
3322
3325
3327
3328
3329
3338
3339
3340
3342
3348
3349
3351
3352
3355
3358
3360
3361
3362
3363
3365
3366
3367
3368
3369
3370
3371
3372
3373
3374
3375
3376
3377
3379
3384
3387
3390
3391
3392
3401
3404
3405
3417
3419
3420
3423
3424
3425
3426
3427
3428
3429
3430
3431
3432
3433
3434
3435
3436
3437
3438
3440
3441
3443
3444
3446
3447
3448
3449
3450
3451
3455
3457
3459
3460
3462
3463
3464
3468
3471
3472
3473
3474
3475
3476
3478
3482
3483
3485
3486
3487
3489
3490
3492
3493
3494
3496
3497
3499
3500
3502
3504
3506
3507
3508
3509
3510
3511
3512
3515
3516
3518
3519
3520
3523
3524
3526
3527
3528
3529
3531
3533
3534
3537
3538
3539
3540
3545
3546
3547
3548
3551
3552
3553
3558
3559
3560
3561
3577
3579
3580
3582
3598
3599
3600
3601
3602
3618
3620
3621
3622
3638
3640
3641
3656
3657
3659
3660
3661
3677
3680
3695
3696
3698
3708
3709
3710
3711
3712
3714
3719
3723
3726
3728
3731
3733
3735
3736
3737
3739
3740
3741
3742
3744
3745
3746
3749
3750
3752
3753
3754
3755
3756
3758
3759
3760
3762
3769
3771
3772
3784
3785
3787
3798
3800
3815
3816
3817
3821
3826
3828
3830
3831
3833
3834
3838
3839
3840
3844
3845
3846
3847
3848
3854
3857
3865
3867
3868
3870
3872
3873
3875
3877
3878
3879
3881
3884
3885
3886
3896
3900
3901
3904
3905
3906
3909
3913
3917
3918
3919
3920
3921
3922
3923
3924
3926
3927
3928
3929
3930
3931
3933
3934
3936
3938
3939
3940
3941
3942
3943
3945
3946
3948
3949
3950
3952
3953
3954
3955
3956
3959
3960
3961
3962
3963
3967
3969
3971
3972
3973
3974
3976
3977
3980
3981
3990
3991
3993
3994
3995
3997
3998
4000
4006
4008
4010
4019
4020
4021
4023
4024
4025
4026
4028
4030
4031
4032
4033
4048
4049
4051
4053
4054
4055
4056
4057
4059
4060
4061
4062
4072
4073
4076
4077
4091
4092
4093
4095
4105
4106
4107
4109
4117
4118
4119
4120
4122
4124
4125
4127
4128
4129
4130
4132
4133
4134
4135
4136
4139
4140
4141
4142
4143
4144
4145
4146
4148
4151
4152
4154
4156
4157
4158
4159
4160
4166
4167
4168
4169
4171
4172
4174
4185
4186
4188
4189
4203
4205
4206
4207
4221
4223
4224
4226
4240
4241
4243
4244
4261
4262
4263
4264
4282
4283
4284
4286
4302
4304
4305
4306
4323
4325
4329
4330
4331
4332
4335
4336
4337
4338
4342
4343
4344
4345
4346
4348
4349
4351
4352
4353
4354
4355
4357
4359
4360
4363
4364
4366
4367
4369
4370
4372
4373
4376
4377
4379
4380
4382
4385
4386
4387
4388
4390
4391
4392
4393
4395
4396
4398
4401
4403
4405
4406
4407
4408
4409
4410
4411
4412
4413
4417
4418
4419
4420
4423
4425
4427
4428
4430
4431
4432
4433
4434
4436
4439
4441
4442
4444
4446
4448
4450
4452
4453
4454
4455
4456
4458
4459
4460
4461
4462
4463
4464
4466
4467
4468
4470
4471
4473
4474
4476
4477
4478
4480
4482
4483
4484
4485
4487
4488
4490
4492
4494
4495
4497
4498
4500
4501
4502
4503
4504
4505
4508
4509
4511
4512
4515
4518
4519
4520
4521
4523
4524
4525
4528
4529
4531
4533
4535
4536
4537
4538
4540
4541
4542
4544
4548
4549
4550
4553
4555
4556
4557
4558
4559
4561
4562
4566
4568
4569
4573
4575
4578
4582
4583
4588
4589
4590
4591
4593
4599
4600
4601
4602
4613
4614
4634
4635
4636
4638
4656
4657
4658
4659
4660
4677
4678
4680
4681
4682
4699
4700
4701
4702
4704
4719
4720
4722
4723
4724
4740
4741
4742
4743
4756
4758
4759
4761
4762
4769
4770
4771
4773
4774
4775
4776
4778
4782
4783
4785
4787
4788
4790
4791
4792
4793
4795
4796
4798
4799
4800
4802
4803
4804
4805
4806
4807
4808
4809
4810
4825
4827
4828
4829
4830
4831
4833
4834
4836
4838
4840
4841
4843
4849
4850
4856
4857
4858
4861
4863
4869
4870
4871
4872
4873
4874
4882
4883
4884
4886
4887
4888
4890
4891
4892
4898
4899
4901
4902
4904
4905
4914
4915
4916
4917
4918
4919
4923
4924
4925
4926
4929
4931
4932
4933
4944
4946
4947
4948
4949
4951
4953
4954
4955
4958
4960
4961
4963
4964
4965
4967
4968
4970
4971
4973
4975
4977
4978
4980
4981
4983
4985
4986
4988
4989
4990
4991
4992
4993
4995
4997
4998
5000
5003
5004
5005
5007
5010
5014
5025
5026
5027
5028
5029
5030
5033
5034
5035
5036
5037
5044
5047
5049
5050
5051
5058
5059
5061
5062
5064
5069
5071
5072
5082
5083
5094
5096
5111
5112
5113
5114
5115
5116
5118
5119
5121
5123
5126
5127
5129
5130
5131
5132
5133
5134
5135
5136
5137
5139
5140
5141
5142
5143
5145
5146
5147
5148
5149
5150
5151
5152
5154
5155
5156
5158
5159
5160
5162
5163
5164
5166
5171
5173
5174
5175
5176
5177
5178
5179
5180
5181
5195
5197
5211
5213
5214
5216
5231
5232
5234
5235
5236
5253
5255
5256
5257
5276
5277
5296
5298
5299
5318
5320
5321
5322
5323
5343
5345
5350
5351
5366
5367
5368
5372
5374
5375
5376
5377
5378
5379
5380
5389
5390
5393
5395
5396
5397
5398
5399
5400
5401
5402
5405
5406
5407
5408
5411
5412
5415
5417
5419
5420
5421
5422
5423
5424
5426
5428
5429
5430
5432
5433
5434
5435
5438
5439
5440
5442
5443
5444
5445
5447
5448
5449
5451
5452
5453
5454
5456
5457
5458
5459
5461
5462
5463
5465
5466
5468
5469
5471
5472
5474
5475
5478
5479
5480
5481
5482
5483
5485
5486
5488
5489
5490
5491
5492
5495
5497
5498
5499
5500
5501
5502
5504
5505
5507
5509
5511
5514
5515
5518
5520
5521
5522
5525
5526
5528
5530
5531
5532
5533
5535
5542
5544
5546
5548
5549
5550
5551
5553
5554
5555
5557
5559
5563
5564
5565
5567
5568
5570
5571
5574
5577
5578
5579
5582
5583
5585
5588
5589
5591
5592
5594
5595
5597
5598
5600
5602
5603
5604
5607
5608
5609
5610
5611
5612
5613
5614
5617
5618
5619
5620
5622
5624
5626
5627
5628
5629
5630
5631
5632
5633
5635
5636
5640
5641
5643
5644
5646
5647
5649
5650
5651
5652
5654
5655
5657
5662
5663
5664
5667
5668
5670
5671
5673
5674
5677
5679
5681
5682
5683
5684
5685
5686
5687
5690
5692
5693
5694
5696
5697
5698
5700
5705
5707
5708
5710
5711
5712
5713
5715
5716
5717
5718
5724
5725
5726
5727
5728
5732
5735
5737
5738
5739
5740
5741
5742
5743
5750
5751
5752
5758
5759
5760
5761
5762
5775
5776
5778
5798
5800
5802
5822
5824
5825
5826
5846
5847
5848
5850
5868
5869
5871
5873
5892
5893
5894
5895
5896
5911
5912
5914
5933
5934
5935
5936
5952
5953
5955
5956
5957
5970
5972
5974
5976
5978
5979
5992
5994
5995
5998
6005
6006
6007
6008
6009
6011
6014
6015
6016
6020
6021
6022
6023
6027
6029
6030
6032
6034
6035
6036
6038
6039
6040
6041
6043
6046
6047
6049
6051
6052
6055
6058
6061
6062
6063
6065
6068
6069
6070
6073
6074
6075
6076
6077
6078
6079
6080
6081
6082
6083
6084
6085
6090
6091
6093
6094
6096
6103
6105
6108
6109
6110
6113
6116
6117
6118
6119
6120
6124
6125
6127
6128
6129
6131
6132
6133
6134
6135
6136
6137
6138
6141
6142
6143
6144
6145
6147
6148
6150
6151
6153
6154
6155
6157
6158
6159
6160
6161
6165
6166
6168
6169
6170
6171
6172
6174
6175
6176
6178
6179
6181
6183
6184
6185
6186
6187
6189
6191
6192
6193
6194
6197
6199
6200
6201
6202
6203
6204
6205
6206
6207
6209
6214
6215
6220
6222
6223
6224
6226
6227
6228
6230
6233
6235
6236
6237
6238
6239
6240
6242
6243
6245
6253
6254
6255
6256
6257
6258
6259
6261
6265
6266
6268
6270
6273
6275
6277
6278
6291
6292
6293
6295
6296
6309
6310
6311
6312
6326
6328
6330
6347
6348
6349
6350
6366
6367
6368
6369
6371
6390
6391
6392
6410
6411
6412
6413
6414
6415
6435
6437
6439
6461
6462
6464
6484
6486
6487
6495
6509
6511
6512
6513
6514
6518
6519
6521
6523
6524
6525
6526
6527
6529
6535
6536
6538
6542
6543
6544
6545
6547
6549
6551
6552
6558
6559
6561
6562
6564
6568
6572
6574
6575
6577
6578
6579
6580
6583
6585
6588
6589
6591
6592
6595
6596
6597
6598
6599
6600
6602
6603
6605
6606
6608
6609
6610
6612
6613
6616
6617
6619
6621
6623
6624
6626
6628
6629
6631
6632
6634
6635
6636
6639
6641
6642
6644
6645
6647
6648
6649
6650
6651
6653
6656
6658
6660
6661
6662
6663
6664
6665
6666
6667
6671
6672
6673
6674
6676
6677
6680
6681
6682
6684
6685
6686
6687
6688
6689
6691
6693
6694
6695
6696
6697
6698
6700
6702
6705
6706
6707
6709
6713
6714
6716
6718
6722
6724
6728
6729
6735
6737
6741
6742
6745
6746
6747
6752
6753
6754
6755
6756
6758
6759
6763
6764
6765
6766
6767
6768
6770
6771
6772
6774
6775
6776
6777
6779
6781
6782
6783
6795
6797
6798
6799
6813
6814
6815
6816
6817
6818
6833
6834
6835
6852
6853
6854
6855
6858
6859
6860
6861
6874
6875
6877
6878
6880
6882
6883
6893
6894
6895
6897
6898
6900
6901
6902
6903
6904
6909
6910
6911
6914
6915
6916
6917
6918
6924
6926
6927
6928
6929
6932
6933
6934
6935
6936
6938
6939
6941
6944
6945
6946
6949
6951
6952
6954
6956
6957
6959
6960
6962
6964
6965
6967
6968
6969
6970
6971
6973
6974
6975
6976
6977
6979
6980
6981
6982
6985
6989
6990
6991
6992
6993
6998
6999
7000
7001
7003
7005
7007
7008
7009
7010
7011
7012
7014
7015
7017
7018
7019
7020
7021
7022
7024
7025
7027
7028
7029
7030
7031
7032
7033
7034
7036
7037
7039
7040
7043
7045
7048
7051
7054
7055
7056
7057
7058
7060
7061
7062
7064
7065
7069
7070
7071
7072
7073
7074
7075
7077
7081
7083
7085
7086
7087
7088
7089
7095
7096
7097
7101
7107
7108
7109
7112
7113
7115
7116
7117
7118
7119
7120
7121
7122
7123
7124
7127
7130
7131
7132
7135
7137
7139
7141
7142
7144
7145
7147
7148
7150
7151
7152
7153
7156
7157
7158
7159
7160
7161
7162
7163
7164
7165
7166
7167
7169
7170
7171
7172
7174
7176
7177
7179
7181
7182
7188
7189
7191
7192
7193
7195
7196
7199
7201
7204
7206
7207
7213
7214
7215
7217
7219
7221
7222
7224
7226
7227
7233
7237
7239
7240
7241
7243
7245
7248
7249
7250
7252
7254
7255
7256
7257
7259
7261
7263
7264
7266
7267
7268
7269
7270
7276
7277
7278
7280
7282
7283
7287
7290
7291
7294
7295
7296
7297
7299
7300
7301
7302
7304
7307
7308
7309
7310
7311
7313
7314
7319
7320
7321
7322
7323
7324
7325
7326
7327
7328
7331
7332
7333
7334
7336
7337
7340
7341
7342
7343
7345
7347
7349
7350
7356
7357
7358
7359
7360
7361
7363
7364
7365
7369
7370
7372
7374
7379
7380
7381
7382
7384
7391
7392
7393
7394
7396
7397
7398
7404
7405
7406
7409
7410
7412
7420
7421
7426
7427
7430
7431
7432
7433
7434
7435
7437
7439
7440
7442
7446
7448
7449
7451
7452
7453
7454
7455
7456
7458
7459
7461
7462
7463
7464
7465
7467
7469
7470
7472
7473
7474
7475
7476
7477
7479
7480
7482
7484
7486
7487
7488
7489
7490
7492
7493
7496
7497
7499
7501
7502
7504
7507
7508
7510
7511
7513
7515
7516
7518
7519
7520
7521
7523
7524
7525
7527
7528
7529
7530
7532
7533
7535
7536
7538
7539
7540
7541
7542
7544
7546
7547
7548
7550
7551
7555
7556
7558
7559
7560
7561
7563
7564
7565
7568
7573
7574
7577
7578
7579
7586
7588
7590
7591
7592
7593
7594
7595
7596
7598
7599
7600
7606
7608
7609
7610
7611
7613
7615
7626
7627
7628
7631
7632
7633
7647
7664
7665
7666
7667
7682
7684
7686
7699
7702
7703
7716
7718
7719
7720
7721
7722
7724
7725
7726
7727
7728
7729
7730
7735
7737
7742
7743
7744
7745
7747
7748
7749
7750
7751
7754
7757
7759
7760
7761
7762
7772
7774
7775
7776
7777
7778
7788
7790
7791
7805
7807
7808
7809
7825
7827
7829
7845
7847
7866
7867
7868
7871
7872
7873
7875
7876
7889
7890
7892
7895
7897
7898
7900
7910
7912
7913
7915
7918
7919
7920
7921
7922
7923
7924
7931
7932
7933
7935
7936
7939
7948
7949
7955
7956
7957
7959
7960
7961
7964
7965
7966
7967
7968
7971
7973
7977
7978
7980
7981
7982
7983
7985
7986
7987
7988
7989
7990
7991
7992
7994
7995
7997
7998
8000
8003
8004
8005
8006
8007
8008
8009
8010
8012
8013
8015
8016
8018
8021
8022
8024
8026
8027
8028
8029
8032
8034
8035
8037
8039
8040
8041
8042
8043
8044
8045
8047
8050
8051
8053
8055
8057
8058
8059
8061
8062
8063
8064
8065
8067
8070
8072
8073
8075
8076
8077
8078
8079
8083
8084
8085
8087
8088
8089
8090
8092
8094
8095
8097
8099
8100
8101
8102
8104
8106
8107
8108
8109
8111
8113
8115
8116
8117
8119
8120
8121
8122
8123
8125
8126
8128
8130
8132
8133
8135
8137
8138
8140
8143
8152
8153
8154
8157
8158
8159
8163
8164
8166
8168
8169
8170
8171
8173
8174
8175
8177
8182
8184
8186
8187
8191
8193
8194
8196
8199
8200
8202
8203
8204
8207
8208
8210
8211
8212
8214
8227
8228
8229
8232
8235
8236
8237
8239
8240
8243
8244
8245
8247
8249
8250
8254
8256
8258
8259
8262
8264
8265
8267
8271
8273
8276
8277
8278
8279
8280
8281
8283
8284
8285
8286
8287
8288
8289
8291
8294
8295
8298
8299
8301
8304
8305
8306
8307
8308
8309
8312
8313
8314
8315
8316
8319
8320
8321
8322
8325
8327
8328
8329
8330
8335
8337
8338
8339
8340
8341
8342
8343
8345
8346
8348
8349
8351
8353
8355
8356
8358
8359
8360
8362
8363
8365
8366
8367
8369
8370
8371
8372
8374
8375
8376
8377
8379
8380
8382
8385
8387
8389
8390
8392
8396
8400
8401
8403
8408
8410
8412
8413
8414
8416
8423
8424
8425
8427
8430
8431
8432
8433
8434
8435
8436
8437
8438
8445
8447
8448
8450
8451
8457
8468
8469
8470
8472
8490
8491
8492
8493
8511
8513
8528
8529
8530
8531
8532
8533
8547
8549
8551
8565
8566
8568
8578
8580
8581
8585
8588
8589
8590
8591
8593
8594
8595
8596
8597
8598
8600
8601
8603
8605
8607
8608
8609
8610
8611
8612
8613
8614
8615
8616
8620
8622
8623
8624
8627
8628
8629
8634
8637
8638
8639
8640
8642
8643
8654
8656
8657
8659
8674
8676
8692
8694
8695
8712
8713
8714
8715
8716
8717
8736
8738
8740
8760
8761
8763
8764
8765
8769
8771
8785
8786
8787
8788
8790
8791
8792
8793
8795
8797
8799
8801
8809
8811
8814
8815
8816
8825
8827
8829
8830
8838
8839
8840
8842
8843
8845
8851
8853
8854
8859
8860
8861
8862
8863
8866
8868
8869
8871
8872
8873
8875
8876
8878
8879
8881
8883
8885
8886
8887
8888
8890
8891
8892
8893
8895
8896
8897
8898
8900
8901
8902
8905
8906
8908
8910
8911
8912
8914
8917
8920
8922
8923
8925
8926
8928
8932
8935
8938
8939
8941
8942
8948
8949
8950
8952
8953
8955
8956
8957
8958
8959
8960
8962
8963
8964
8966
8967
8969
8970
8972
8974
8975
8976
8978
8979
8980
8981
8982
8983
8993
8994
8995
8996
8999
9000
9001
9004
9005
9007
9010
9011
9013
9015
9016
9018
9019
9021
9024
9025
9026
9027
9028
9029
9030
9032
9035
9036
9039
9040
9044
9045
9047
9048
9049
9050
9052
9064
9065
9067
9070
9071
9072
9076
9078
9079
9080
9083
9084
9085
9088
9091
9093
9095
9099
9100
9102
9103
9106
9109
9111
9112
9113
9114
9115
9116
9117
9119
9120
9122
9124
9125
9126
9127
9128
9129
9131
9132
9134
9135
9136
9137
9138
9139
9141
9142
9144
9145
9146
9148
9149
9150
9152
9155
9156
9157
9159
9163
9164
9165
9166
9167
9168
9169
9171
9172
9174
9175
9176
9177
9180
9181
9182
9184
9185
9186
9191
9192
9194
9195
9196
9202
9203
9204
9207
9208
9209
9211
9212
9218
9219
9220
9221
9222
9225
9228
9229
9230
9232
9233
9241
9242
9244
9245
9246
9247
9249
9250
9251
9252
9264
9265
9267
9268
9272
9288
9289
9290
9292
9312
9313
9314
9332
9333
9334
9335
9351
9353
9354
9355
9356
9370
9372
9373
9374
9375
9387
9389
9390
9391
9402
9404
9405
9406
9408
9409
9410
9411
9415
9418
9423
9424
9425
9428
9429
9431
9433
9434
9435
9436
9438
9439
9441
9443
9444
9445
9446
9447
9449
9451
9452
9453
9454
9457
9469
9470
9471
9472
9474
9490
9491
9493
9510
9511
9513
9531
9532
9533
9534
9535
9555
9556
9557
9558
9559
9581
9582
9583
9587
9591
9594
9605
9606
9607
9610
9611
9612
9613
9614
9616
9617
9618
9619
9620
9622
9623
9632
9633
9635
9636
9637
9638
9639
9640
9650
9651
9652
9653
9654
9655
9656
9663
9664
9666
9667
9668
9675
9676
9678
9679
9680
9686
9687
9689
9690
9697
9698
9700
9701
9703
9704
9705
9706
9710
9711
9712
9714
9716
9718
9719
9721
9722
9727
9728
9731
9733
9735
9736
9737
9738
9742
9743
9746
9749
9750
9751
9752
9756
9758
9760
9761
9764
9765
9766
9768
9769
9770
9771
9773
9774
9782
9783
9784
9785
9788
9789
9790
9793
9795
9796
9797
9799
9800
9802
9803
9805
9806
9808
9811
9814
9815
9817
9818
9820
9822
9824
9825
9828
9829
9831
9833
9834
9837
9845
9846
9847
9848
9849
9852
9853
9854
9856
9858
9859
9860
9862
9864
9865
9866
9868
9869
9870
9874
9875
9876
9878
9879
9880
9883
9885
9886
9887
9893
9896
9897
9899
9902
9905
9906
9907
9909
9911
9916
9917
9919
9920
9922
9927
9928
9929
9930
9931
9933
9939
9940
9943
9944
9946
9953
9954
9955
9958
9959
9961
9969
9970
9971
9972
9974
9975
9977
9979
9980
9982
9983
9984
9985
9986
9995
9997
9998
10001
10004
10005
10007
10019
10021
10023
10043
10046
10047
10067
10070
10088
10090
10091
10093
10111
10112
10113
10114
10129
10130
10131
10132
10133
10145
10146
10148
10149
10150
10152
10158
10161
10163
10164
10165
10166
10168
10169
10170
10171
10173
10174
10175
10176
10177
10178
10182
10185
10186
10188
10192
10193
10194
10196
10197
10198
10203
10204
10205
10206
10207
10208
10209
10210
10211
10213
10225
10227
10228
10230
10245
10247
10248
10249
10250
10268
10269
10270
10271
10290
10291
10292
10293
10294
10299
10300
10305
10306
10315
10317
10318
10319
10320
10321
10322
10323
10325
10326
10327
10329
10330
10331
10332
10334
10344
10346
10347
10348
10349
10350
10351
10353
10355
10357
10358
10359
10361
10362
10364
10369
10370
10371
10373
10374
10376
10377
10379
10380
10381
10383
10387
10389
10390
10391
10393
10395
10396
10398
10400
10405
10407
10418
10419
10420
10421
10422
10423
10426
10428
10433
10435
10437
10438
10439
10441
10442
10447
10448
10449
10454
10455
10456
10459
10460
10462
10463
10465
10468
10469
10470
10471
10473
10478
10479
10480
10483
10492
10493
10494
10495
10497
10499
10501
10502
10503
10506
10512
10513
10514
10515
10516
10517
10518
10519
10522
10523
10526
10531
10536
10537
10538
10540
10542
10544
10546
10548
10549
10551
10553
10554
10555
10556
10557
10558
10559
10560
10561
10566
10568
10569
10570
10571
10576
10577
10582
10591
10594
10595
10596
10615
10617
10619
10636
10640
10641
10656
10658
10659
10661
10662
10675
10676
10677
10678
10680
10681
10682
10683
10684
10685
10686
10688
10689
10690
10691
10692
10693
10697
10698
10699
10700
10702
10706
10708
10712
10714
10715
10717
10718
10719
10720
10722
10725
10726
10727
10728
10729
10731
10732
10734
10735
10737
10738
10739
10740
10741
10743
10744
10745
10760
10762
10763
10765
10769
10770
10771
10772
10792
10794
10795
10796
10797
10798
10805
10807
10810
10835
10837
10839
10840
10841
10842
10843
10844
10869
10870
10871
10873
10874
10876
10877
10879
10903
10905
10906
10908
10909
10916
10918
10919
10920
10942
10944
10945
10946
10947
10948
10949
10950
10951
10953
10955
10956
10958
10959
10961
10962
10963
10964
10969
10970
10971
10972
10973
10974
10975
10976
10978
10982
10983
10984
10985
10987
10988
10989
10990
10991
10992
10994
10997
10998
10999
11001
11002
11003
11004
11005
11006
11014
11015
11016
11019
11020
11021
11022
11025
11026
11027
11029
11030
11031
11032
11033
11034
11035
11037
11038
11040
11042
11044
11045
11049
11050
11059
11061
11063
11066
11067
11068
11069
11070
11072
11073
11077
