0
2
3
4
5
6
7
8
9
10
12
13
15
16
18
30
32
33
35
36
37
38
39
40
43
44
45
48
49
50
51
53
54
55
56
57
73
74
76
80
81
82
85
86
88
90
95
96
99
100
102
105
106
107
108
110
147
148
153
155
158
159
160
162
164
165
166
167
168
169
208
212
214
217
219
220
222
224
225
226
227
229
230
231
232
233
234
247
248
249
250
253
254
258
259
260
261
262
263
264
265
266
268
269
272
273
276
277
278
280
281
282
284
285
290
292
293
294
296
300
301
302
303
304
307
308
309
311
312
313
314
315
323
324
325
326
327
329
331
332
333
337
339
343
344
345
349
350
351
354
359
360
364
366
368
369
370
371
373
374
376
377
379
382
383
387
388
389
390
391
392
398
399
401
405
406
408
409
412
413
414
416
417
418
419
420
421
422
423
424
425
426
427
429
430
433
440
443
445
451
453
455
457
460
461
462
463
464
467
468
469
470
471
472
475
476
477
478
479
481
482
483
484
485
486
492
493
494
495
496
498
499
500
502
507
509
514
515
517
519
520
522
523
525
527
529
530
531
532
550
551
553
554
555
556
560
561
562
565
566
582
583
584
586
589
590
591
592
594
595
596
598
599
601
602
604
605
607
611
612
614
618
620
621
622
623
624
627
628
629
630
633
635
640
641
643
648
649
650
651
656
657
660
662
671
673
675
676
678
679
681
682
683
688
693
695
696
700
701
702
703
705
706
707
708
709
713
715
717
726
731
733
734
735
736
747
748
749
750
751
753
755
756
757
760
763
764
765
766
767
768
769
770
771
773
783
784
786
791
793
795
797
798
800
802
804
806
810
812
814
815
816
819
820
821
822
824
828
830
831
832
833
835
836
838
840
842
847
851
856
858
859
861
862
863
865
867
871
873
874
876
877
879
882
884
887
889
891
895
899
906
907
908
910
911
912
915
918
921
922
923
924
926
928
929
930
931
933
934
936
937
938
940
941
942
943
947
949
951
953
955
956
958
959
960
963
966
967
968
969
970
971
972
973
974
975
977
978
979
982
983
986
987
989
992
995
997
998
1000
1005
1010
1011
1012
1013
1014
1015
1016
1017
1021
1022
1025
1027
1031
1034
1035
1036
1038
1041
1042
1043
1045
1046
1048
1050
1053
1055
1058
1059
1060
1061
1063
1064
1067
1068
1069
1074
1075
1076
1077
1079
1084
1089
1091
1093
1094
1095
1096
1097
1099
1100
1102
1106
1108
1110
1112
1114
1116
1118
1122
1124
1126
1129
1131
1133
1134
1135
1136
1137
1140
1141
1142
1150
1152
1156
1158
1160
1165
1167
1168
1169
1170
1172
1175
1178
1179
1180
1181
1182
1183
1184
1188
1189
1190
1192
1193
1194
1195
1197
1198
1200
1209
1212
1213
1214
1215
1217
1218
1225
1226
1227
1228
1230
1231
1233
1235
1237
1241
1244
1245
1246
1247
1249
1250
1252
1254
1256
1258
1260
1262
1263
1267
1272
1274
1275
1276
1280
1282
1283
1284
1286
1288
1291
1296
1297
1299
1300
1303
1304
1305
1307
1308
1313
1315
1317
1319
1324
1325
1327
1330
1332
1333
1335
1336
1338
1339
1341
1342
1343
1344
1345
1347
1348
1350
1351
1352
1353
1354
1356
1357
1358
1360
1361
1362
1363
1364
1365
1367
1368
1369
1371
1375
1376
1377
1379
1380
1381
1384
1387
1388
1389
1390
1395
1397
1399
1402
1404
1405
1407
1408
1410
1412
1413
1414
1419
1420
1421
1423
1424
1425
1426
1427
1433
1434
1435
1436
1437
1438
1439
1440
1441
1443
1446
1447
1448
1450
1452
1454
1455
1460
1464
1466
1468
1470
1471
1472
1473
1474
1475
1479
1487
1488
1490
1491
1493
1497
1500
1501
1503
1504
1505
1506
1510
1511
1512
1515
1517
1520
1522
1524
1526
1528
1529
1530
1531
1533
1535
1537
1538
1539
1541
1544
1549
1552
1553
1555
1559
1568
1569
1570
1571
1572
1574
1575
1577
1578
1579
1581
1582
1583
1584
1586
1590
1593
1594
1595
1596
1597
1598
1599
1600
1602
1604
1605
1606
1607
1608
1611
1613
1614
1618
1620
1621
1622
1623
1625
1628
1630
1632
1633
1634
1635
1636
1637
1638
1639
1641
1643
1648
1656
1657
1659
1660
1662
1663
1664
1665
1666
1667
1669
1671
1672
1674
1675
1676
1677
1679
1682
1683
1685
1686
1687
1688
1691
1692
1693
1695
1696
1698
1700
1701
1703
1708
1709
1710
1711
1714
1715
1717
1718
1720
1721
1723
1724
1727
1728
1730
1732
1734
1735
1738
1739
1740
1742
1746
1750
1752
1754
1758
1759
1760
1763
1764
1766
1768
1771
1773
1775
1780
1782
1783
1784
1788
1789
1790
1791
1796
1798
1800
1801
1803
1804
1806
1807
1809
1811
1812
1814
1817
1820
1821
1823
1825
1827
1828
1829
1830
1831
1833
1835
1838
1839
1840
1844
1847
1849
1851
1854
1855
1857
1859
1861
1862
1864
1865
1867
1871
1873
1876
1879
1881
1882
1883
1885
1886
1887
1888
1889
1890
1892
1894
1896
1898
1899
1903
1910
1911
1912
1913
1915
1916
1918
1919
1922
1923
1925
1926
1929
1930
1932
1934
1936
1938
1939
1942
1943
1944
1945
1946
1947
1948
1949
1951
1952
1953
1957
1958
1959
1960
1962
1964
1965
1966
1967
1968
1969
1970
1973
1974
1978
1979
1980
1982
1984
1985
1987
1991
1993
1995
1996
2001
2002
2003
2004
2006
2008
2010
2012
2014
2015
2016
2017
2018
2019
2021
2022
2023
2024
2025
2028
2029
2031
2035
2036
2037
2038
2039
2040
2042
2043
2044
2047
2048
2050
2051
2052
2053
2057
2058
2059
2060
2061
2062
2064
2071
2072
2073
2076
2077
2086
2087
2088
2089
2091
2103
2104
2105
2106
2107
2108
2121
2122
2124
2141
2143
2159
2160
2163
2180
2183
2200
2201
2203
2220
2221
2222
2224
2242
2244
2265
2266
2268
2287
2288
2289
2291
2310
2312
2314
2335
2336
2338
2358
2359
2362
2383
2384
2385
2387
2410
2411
2413
2414
2416
2429
2430
2431
2432
2433
2434
2435
2437
2440
2443
2446
2447
2449
2451
2452
2454
2455
2457
2458
2459
2463
2464
2465
2469
2471
2473
2474
2475
2476
2477
2478
2479
2481
2482
2483
2484
2485
2489
2490
2491
2493
2494
2496
2497
2499
2500
2502
2506
2507
2508
2509
2511
2512
2513
2515
2517
2518
2519
2521
2525
2526
2527
2528
2531
2532
2533
2535
2536
2537
2538
2541
2542
2543
2544
2545
2547
2548
2550
2551
2553
2555
2562
2563
2565
2568
2569
2570
2571
2572
2573
2574
2575
2578
2582
2583
2584
2586
2587
2588
2589
2590
2593
2594
2596
2597
2599
2600
2601
2602
2605
2606
2607
2608
2609
2613
2614
2615
2616
2618
2621
2622
2624
2626
2627
2628
2629
2630
2631
2632
2634
2635
2636
2637
2638
2643
2645
2646
2647
2650
2652
2653
2654
2656
2657
2659
2661
2662
2664
2668
2670
2678
2679
2682
2684
2685
2687
2688
2690
2691
2692
2695
2696
2697
2699
2701
2703
2704
2705
2706
2707
2708
2709
2710
2712
2714
2716
2718
2721
2722
2725
2727
2728
2729
2730
2732
2733
2734
2735
2736
2737
2738
2741
2742
2744
2745
2746
2747
2749
2750
2751
2752
2754
2755
2756
2759
2762
2766
2767
2768
2769
2770
2771
2772
2774
2775
2776
2777
2780
2781
2793
2794
2795
2797
2798
2799
2802
2803
2804
2805
2807
2830
2831
2832
2855
2856
2857
2858
2879
2880
2882
2901
2902
2903
2905
2923
2925
2926
2928
2947
2948
2949
2968
2969
2971
2989
2990
2991
3009
3011
3013
3029
3030
3046
3047
3049
3050
3067
3068
3070
3071
3085
3087
3088
3090
3102
3104
3105
3107
3108
3118
3119
3120
3121
3123
3130
3132
3134
3136
3140
3142
3143
3144
3148
3150
3151
3153
3154
3155
3156
3157
3159
3160
3161
3162
3163
3164
3167
3169
3170
3171
3172
3175
3176
3182
3185
3186
3191
3193
3194
3210
3211
3212
3213
3214
3232
3234
3235
3237
3255
3256
3257
3278
3279
3280
3301
3302
3303
3324
3325
3327
3347
3349
3350
3351
3372
3373
3374
3397
3398
3399
3400
3401
3423
3424
3425
3449
3450
3452
3476
3477
3479
3503
3504
3505
3506
3529
3530
3531
3532
3556
3558
3560
3585
3586
3613
3614
3616
3641
3643
3645
3670
3672
3673
3675
3679
3681
3701
3704
3708
3709
3710
3711
3712
3713
3714
3731
3732
3733
3734
3738
3740
3741
3743
3744
3760
3761
3762
3763
3765
3766
3768
3770
3785
3786
3787
3791
3793
3794
3795
3797
3809
3811
3815
3818
3830
3833
3837
3839
3840
3851
3854
3855
3857
3858
3859
3870
3872
3876
3888
3890
3891
3892
3893
3894
3897
3898
3900
3903
3914
3915
3921
3922
3924
3925
3928
3931
3932
3942
3943
3944
3945
3953
3955
3956
3959
3962
3963
3974
3975
3977
3986
3987
3988
3991
3993
4003
4004
4005
4014
4015
4016
4018
4019
4020
4021
4023
4032
4034
4035
4046
4047
4049
4050
4051
4053
4064
4065
4066
4077
4078
4080
4082
4084
4093
4094
4095
4096
4106
4108
4109
4111
4113
4114
4115
4116
4125
4127
4129
4139
4140
4141
4143
4144
4145
4155
4156
4157
4158
4159
4170
4172
4175
4187
4189
4191
4202
4204
4206
4207
4208
4219
4220
4221
4223
4235
4237
4238
4239
4241
4243
4253
4254
4255
4268
4270
4271
4273
4274
4275
4277
4278
4279
4280
4281
4282
4284
4285
4286
4287
4289
4301
4302
4303
4304
4305
4308
4313
4315
4318
4320
4321
4322
4324
4328
4337
4339
4356
4358
4359
4360
4361
4362
4364
4368
4370
4372
4373
4374
4375
4376
4377
4385
4386
4387
4388
4389
4390
4393
4394
4395
4396
4397
4399
4401
4402
4403
4404
4406
4407
4409
4411
4412
4415
4416
4418
4419
4421
4422
4423
4424
4426
4427
4428
4429
4430
4433
4434
4435
4437
4439
4441
4444
4445
4447
4449
4450
4451
4452
4453
4454
4456
4458
4459
4460
4464
4466
4467
4468
4470
4471
4472
4473
4474
4475
4476
4477
4478
4479
4480
4481
4482
4498
4501
4502
4503
4504
4505
4506
4509
4510
4512
4513
4514
4515
4516
4518
4527
4528
4529
4530
4532
4533
4534
4536
4537
4539
4540
4542
4543
4545
4546
4547
4550
4551
4553
4564
4566
4567
4568
4569
4571
4572
4573
4575
4576
4577
4578
4579
4580
4581
4583
4595
4597
4598
4600
4601
4602
4603
4604
4613
4614
4615
4616
4630
4631
4633
4635
4647
4648
4650
4663
4664
4666
4668
4670
4679
4680
4681
4695
4696
4697
4699
4700
4701
4702
4711
4713
4714
4726
4727
4728
4730
4731
4733
4734
4736
4745
4746
4747
4748
4749
4759
4760
4761
4763
4764
4765
4766
4768
4777
4778
4780
4790
4792
4793
4795
4797
4799
4808
4809
4811
4812
4822
4823
4824
4826
4828
4830
4840
4841
4842
4843
4854
4855
4856
4857
4859
4860
4863
4872
4875
4885
4886
4889
4891
4892
4893
4894
4905
4906
4908
4917
4918
4922
4924
4925
4935
4936
4937
4939
4946
4948
4949
4951
4952
4953
4954
4965
4966
4968
4969
4972
4973
4975
4976
4977
4980
4981
4992
4994
4995
4997
4998
4999
5000
5001
5003
5004
5006
5007
5008
5009
5020
5021
5022
5025
5028
5029
5030
5031
5042
5044
5048
5050
5052
5053
5066
5067
5068
5069
5073
5074
5076
5077
5079
5094
5095
5096
5097
5100
5102
5103
5104
5105
5106
5122
5123
5124
5129
5131
5132
5133
5135
5151
5160
5162
5182
5183
5184
5186
5212
5213
5214
5216
5241
5243
5246
5271
5274
5299
5301
5303
5326
5328
5329
5330
5354
5356
5357
5381
5382
5383
5407
5410
5411
5434
5435
5436
5437
5461
5462
5463
5464
5486
5488
5490
5511
5512
5513
5515
5535
5537
5538
5540
5560
5562
5583
5585
5586
5606
5607
5628
5629
5630
5632
5650
5652
5653
5673
5674
5676
5693
5694
5695
5697
5712
5714
5715
5717
5718
5722
5731
5732
5733
5734
5736
5737
5738
5740
5742
5743
5744
5745
5746
5747
5749
5751
5765
5766
5768
5770
5771
5778
5779
5785
5787
5788
5791
5792
5793
5794
5795
5796
5798
5799
5800
5801
5803
5804
5807
5809
5810
5812
5813
5814
5815
5816
5818
5819
5821
5822
5824
5825
5827
5828
5829
5830
5831
5833
5834
5837
5838
5840
5841
5842
5843
5844
5846
5847
5849
5850
5852
5853
5855
5856
5857
5858
5860
5861
5863
5864
5866
5869
5870
5871
5873
5874
5875
5877
5879
5880
5882
5883
5885
5887
5888
5891
5892
5894
5895
5896
5897
5898
5902
5903
5904
5905
5906
5907
5908
5910
5911
5913
5914
5916
5918
5919
5920
5923
5924
5926
5928
5929
5930
5935
5936
5938
5939
5940
5941
5942
5944
5945
5950
5951
5953
5956
5957
5959
5961
5962
5963
5964
5966
5970
5971
5972
5978
5979
5982
5989
5990
5992
5995
5996
5997
6000
6001
6002
6003
6004
6007
6008
6009
6011
6012
6015
6017
6018
6020
6021
6023
6024
6025
6026
6027
6029
6030
6031
6032
6033
6035
6036
6040
6041
6044
6045
6046
6048
6053
6056
6057
6059
6061
6062
6063
6064
6067
6069
6070
6073
6075
6077
6078
6080
6081
6086
6087
6090
6092
6097
6098
6099
6100
6101
6102
6104
6105
6109
6111
6114
6116
6120
6122
6125
6127
6128
6130
6131
6133
6135
6136
6138
6139
6140
6142
6143
6145
6146
6147
6149
6150
6152
6156
6157
6159
6160
6172
6174
6175
6177
6180
6181
6182
6184
6188
6189
6190
6191
6192
6193
6194
6196
6197
6198
6199
6200
6201
6203
6205
6207
6209
6210
6213
6214
6215
6219
6221
6223
6224
6225
6226
6227
6229
6230
6231
6232
6233
6234
6236
6237
6238
6239
6240
6242
6243
6245
6246
6250
6251
6252
6253
6254
6259
6260
6261
6262
6264
6265
6279
6280
6284
6286
6287
6288
6289
6291
6292
6293
6295
6296
6298
6299
6300
6302
6303
6304
6306
6307
6308
6309
6311
6312
6313
6316
6318
6320
6321
6322
6323
6324
6325
6326
6327
6330
6333
6334
6335
6337
6339
6340
6341
6342
6343
6344
6345
6347
6348
6349
6350
6351
6353
6354
6356
6357
6359
6361
6362
6364
6365
6366
6367
6369
6370
6371
6372
6373
6374
6375
6377
6378
6379
6381
6382
6383
6385
6387
6388
6389
6392
6393
6395
6396
6397
6400
6401
6402
6404
6405
6408
6409
6411
6413
6416
6419
6421
6422
6424
6425
6427
6428
6429
6430
6433
6434
6435
6436
6438
6439
6440
6441
6442
6444
6445
6447
6449
6451
6452
6453
6455
6456
6457
6459
6460
6461
6462
6463
6464
6467
6469
6471
6473
6474
6475
6476
6477
6478
6480
6481
6482
6483
6484
6485
6486
6487
6488
6491
6492
6493
6494
6495
6496
6501
6503
6504
6507
6510
6514
6515
6517
6520
6521
6524
6526
6528
6530
6531
6532
6534
6535
6537
6538
6543
6544
6545
6547
6549
6550
6551
6552
6554
6555
6557
6559
6561
6563
6565
6568
6571
6575
6576
6577
6578
6579
6582
6584
6585
6586
6587
6588
6590
6591
6592
6593
6595
6596
6597
6598
6599
6600
6601
6602
6603
6605
6606
6609
6610
6612
6614
6615
6618
6620
6623
6624
6626
6627
6628
6630
6631
6632
6633
6634
6635
6638
6639
6640
6642
6643
6645
6646
6647
6649
6650
6651
6652
6653
6654
6657
6659
6660
6661
6663
6664
6665
6667
6671
6674
6681
6683
6684
6685
6688
6690
6701
6702
6705
6706
6709
6710
6718
6720
6723
6727
6735
6737
6739
6740
6743
6744
6745
6747
6748
6749
6750
6751
6752
6753
6757
6759
6761
6763
6764
6766
6767
6770
6771
6772
6774
6777
6778
6779
6780
6782
6784
6786
6788
6791
6792
6793
6795
6797
6798
6799
6801
6802
6805
6807
6808
6809
6810
6811
6812
6814
6817
6819
6820
6823
6824
6826
6827
6828
6829
6830
6832
6833
6835
6836
6837
6839
6841
6842
6843
6844
6845
6848
6849
6851
6852
6856
6858
6860
6862
6869
6871
6873
6875
6876
6877
6878
6879
6880
6882
6883
6886
6887
6892
6893
6894
6896
6899
6902
6904
6905
6906
6907
6909
6910
6911
6912
6913
6914
6915
6917
6918
6919
6920
6924
6925
6926
6928
6933
6935
6936
6940
6941
6942
6943
6945
6948
6950
6953
6954
6955
6956
6957
6958
6961
6963
6965
6966
6967
6968
6969
6971
6972
6973
6975
6977
6979
6980
6981
6982
6984
6988
6991
6992
6993
6994
6995
6997
6998
6999
7001
7002
7004
7005
7014
7016
7017
7019
7020
7022
7023
7024
7025
7028
7029
7030
7031
7032
7033
7037
7040
7041
7043
7044
7045
7046
7047
7048
7050
7051
7052
7053
7056
7057
7058
7059
7060
7062
7063
7064
7065
7067
7068
7069
7070
7072
7073
7075
7076
7078
7079
7080
7081
7082
7084
7085
7086
7087
7088
7089
7090
7092
7093
7094
7096
7097
7099
7101
7102
7103
7104
7107
7108
7119
7120
7123
7124
7125
7126
7127
7129
7130
7132
7134
7138
7139
7140
7141
7142
7143
7144
7146
7147
7148
7149
7150
7151
7153
7154
7155
7157
7159
7160
7161
7163
7166
7168
7170
7172
7173
7174
7175
7177
7178
7180
7182
7183
7185
7190
7191
7192
7193
7197
7200
7202
7204
7208
7209
7210
7213
7215
7216
7219
7220
7221
7223
7224
7226
7228
7229
7230
7231
7233
7234
7235
7237
7240
7241
7243
7244
7245
7246
7248
7249
7251
7253
7256
7257
7259
7260
7262
7264
7266
7267
7269
7270
7271
7272
7273
7274
7276
7279
7280
7282
7283
7284
7285
7287
7288
7290
7291
7292
7294
7296
7297
7298
7299
7301
7303
7304
7307
7309
7311
7314
7316
7317
7318
7319
7321
7324
7327
7328
7329
7334
7337
7338
7339
7340
7341
7343
7345
7346
7348
7349
7350
7351
7353
7355
7357
7358
7359
7360
7361
7362
7363
7364
7366
7368
7369
7370
7371
7373
7375
7376
7378
7379
7380
7382
7383
7387
7388
7390
7392
7393
7395
7396
7397
7399
7402
7411
7412
7414
7415
7419
7421
7422
7429
7430
7431
7432
7434
7437
7438
7440
7446
7447
7448
7450
7452
7454
7456
7458
7459
7460
7461
7463
7464
7466
7468
7472
7473
7475
7476
7477
7478
7480
7482
7483
7484
7485
7486
7488
7490
7492
7494
7495
7496
7497
7498
7499
7500
7501
7502
7504
7505
7506
7507
7508
7510
7512
7513
7515
7516
7517
7518
7519
7520
7522
7525
7526
7527
7529
7530
7532
7533
7534
7535
7536
7537
7539
7541
7544
7546
7547
7548
7549
7551
7552
7554
7556
7557
7558
7560
7561
7562
7567
7569
7571
7572
7575
7580
7584
7587
7589
7590
7591
7592
7593
7594
7596
7599
7600
7602
7603
7604
7606
7607
7609
7611
7613
7617
7618
7620
7621
7622
7623
7624
7626
7627
7628
7630
7631
7633
7634
7635
7639
7640
7641
7642
7643
7644
7645
7646
7648
7650
7652
7653
7655
7656
7657
7658
7659
7660
7662
7663
7664
7666
7667
7669
7670
7671
7674
7676
7678
7679
7680
7682
7683
7684
7685
7686
7687
7688
7689
7690
7691
7701
7703
7704
7705
7706
7707
7708
7711
7712
7713
7714
7715
7717
7718
7719
7721
7724
7725
7726
7727
7729
7731
7732
7733
7735
7736
7737
7738
7740
7742
7743
7745
7746
7747
7750
7752
7753
7754
7758
7759
7761
7764
7768
7769
7770
7771
7772
7773
7775
7776
7778
7779
7780
7782
7784
7785
7786
7788
7790
7792
7793
7794
7795
7797
7807
7809
7810
7812
7814
7815
7817
7818
7819
7820
7822
7823
7824
7825
7826
7827
7828
7830
7832
7834
7836
7838
7839
7840
7841
7842
7843
7845
7846
7848
7850
7851
7852
7853
7855
7856
7857
7858
7860
7862
7863
7866
7869
7870
7871
7874
7876
7877
7878
7880
7881
7882
7883
7884
7885
7887
7888
7890
7891
7893
7894
7895
7896
7897
7898
7900
7902
7904
7905
7906
7908
7909
7911
7912
7913
7914
7915
7917
7918
7919
7920
7923
7926
7929
7931
7933
7934
7936
7937
7938
7939
7943
7944
7945
7948
7949
7950
7952
7954
7956
7957
7958
7959
7960
7962
7963
7965
7966
7967
7970
7971
7972
7974
7976
7979
7981
7982
7983
7985
7987
7988
7989
7990
7992
7993
7995
7999
8002
8003
8006
8007
8008
8009
8013
8015
8017
8020
8021
8022
8023
8025
8026
8027
8029
8030
8031
8034
8036
8037
8039
8040
8041
8042
8044
8045
8047
8049
8051
8052
8054
8055
8057
8058
8059
8060
8064
8066
8067
8069
8075
8082
8083
8085
8087
8088
8090
8093
8096
8097
8098
8099
8101
8104
8105
8107
8109
8110
8111
8112
8114
8115
8116
8118
8119
8120
8122
8124
8126
8128
8129
8131
8132
8135
8137
8138
8139
8142
8143
8146
8148
8150
8152
8154
8156
8158
8159
8160
8161
8163
8165
8166
8167
8169
8170
8172
8174
8175
8176
8178
8180
8181
8182
8183
8185
8186
8187
8188
8189
8190
8192
8193
8195
8196
8197
8198
8200
8201
8202
8204
8206
8207
8209
8210
8211
8212
8215
8217
8218
8219
8221
8222
8226
8227
8228
8229
8230
8231
8232
8233
8239
8241
8243
8245
8246
8247
8248
8249
8250
8252
8253
8255
8256
8260
8262
8266
8269
8271
8272
8274
8275
8277
8279
8280
8282
8283
8284
8285
8287
8288
8289
8290
8291
8293
8294
8299
8301
8302
8303
8304
8305
8306
8307
8308
8310
8312
8313
8315
8316
8317
8318
8320
8321
8323
8325
8327
8328
8329
8330
8331
8332
8334
8336
8337
8341
8342
8343
8344
8345
8349
8350
8351
8353
8357
8360
8362
8363
8365
8366
8367
8368
8370
8371
8373
8374
8375
8382
8384
8385
8386
8387
8389
8390
8391
8392
8393
8396
8397
8398
8401
8404
8405
8406
8407
8410
8411
8412
8413
8414
8415
8416
8417
8419
8420
8423
8424
8425
8428
8429
8430
8431
8433
8435
8436
8440
8441
8446
8448
8449
8451
8452
8453
8455
8457
8461
8462
8463
8464
8466
8467
8468
8471
8472
8475
8476
8477
8479
8480
8484
8485
8486
8490
8492
8493
8494
8495
8496
8497
8499
8500
8502
8506
8507
8508
8509
8511
8514
8516
8517
8519
8521
8525
8527
8528
8529
8530
8531
8532
8533
8534
8535
8536
8537
8538
8539
8540
8541
8542
8543
8546
8549
8550
8551
8553
8554
8555
8557
8559
8561
8563
8564
8566
8567
8569
8571
8574
8575
8578
8580
8582
8588
8589
8590
8591
8592
8593
8594
8595
8596
8598
8599
8602
8604
8605
8607
8608
8609
8610
8612
8613
8617
8618
8619
8620
8622
8623
8625
8628
8629
8630
8631
8632
8634
8635
8637
8638
8640
8642
8643
8644
8649
8650
8651
8654
8655
8656
8658
8659
8661
8663
8665
8668
8670
8671
8672
8673
8676
8677
8678
8679
8680
8681
8682
8683
8684
8686
8689
8691
8692
8693
8694
8695
8696
8697
8698
8699
8701
8702
8703
8704
8706
8707
8708
8709
8710
8712
8715
8717
8718
8719
8720
8724
8725
8728
8729
8732
8734
8737
8740
8741
8742
8744
8745
8746
8748
8749
8750
8753
8755
8756
8757
8758
8760
8762
8765
8766
8767
8768
8770
8771
8772
8773
8774
8777
8778
8779
8780
8781
8782
8783
8784
8785
8787
8788
8790
8793
8794
8797
8804
8806
8807
8809
8811
8813
8815
8821
8827
8829
8831
8832
8834
8843
8844
8846
8848
8850
8851
8852
8853
8855
8856
8858
8860
8861
8862
8864
8865
8866
8867
8869
8870
8872
8873
8876
8877
8878
8882
8884
8886
8888
8890
8891
8893
8894
8896
8899
8900
8902
8905
8907
8910
8912
8916
8917
8920
8921
8923
8924
8925
8927
8928
8930
8931
8934
8935
8936
8937
8938
8939
8942
8943
8944
8946
8947
8949
8950
8951
8954
8955
8957
8958
8960
8962
8963
8964
8966
8970
8971
8973
8974
8975
8976
8977
8978
8979
8981
8984
8986
8987
8988
8989
8990
8992
8995
8996
8998
9002
9003
9005
9006
9010
9011
9013
9016
9020
9022
9024
9025
9027
9031
9032
9034
9039
9042
9048
9049
9051
9052
9053
9054
9055
9056
9060
9062
9063
9068
9072
9074
9075
9076
9077
9078
9080
9084
9086
9087
9088
9089
9091
9093
9094
9095
9096
9097
9099
9101
9102
9104
9105
9106
9107
9108
9109
9111
9113
9114
9115
9117
9118
9120
9121
9122
9123
9125
9127
9128
9130
9134
9135
9136
9137
9139
9141
9142
9144
9145
9147
9148
9150
9151
9152
9154
9156
9157
9161
9162
9163
9164
9166
9167
9169
9170
9175
9177
9179
9181
9182
9183
9184
9185
9186
9187
9189
9190
9191
9192
9193
9195
9198
9199
9200
9201
9202
9203
9205
9206
9207
9208
9209
9211
9212
9214
9215
9217
9218
9219
9226
9228
9229
9230
9231
9234
9235
9236
9237
9240
9241
9247
9249
9250
9252
9253
9254
9256
9257
9264
9265
9266
9267
9270
9271
9272
9273
9278
9279
9280
9281
9282
9283
9284
9285
9287
9288
9289
9290
9291
9294
9296
9299
9300
9303
9304
9305
9306
9307
9308
9309
9311
9312
9313
9314
9315
9317
9318
9319
9320
9322
9323
9326
9327
9328
9330
9332
9333
9335
9337
9338
9339
9340
9341
9342
9343
9344
9346
9347
9348
9349
9350
9351
9352
9353
9355
9356
9357
9358
9359
9360
9363
9365
9366
9368
9370
9371
9373
9374
9376
9378
9380
9382
9383
9384
9385
9386
9388
9389
9392
9394
9395
9397
9400
9401
9402
9403
9405
9406
9408
9412
9413
9415
9416
9417
9418
9419
9422
9424
9425
9427
9428
9430
9431
9433
9434
9436
9438
9440
9442
9443
9445
9447
9449
9451
9452
9453
9454
9457
9459
9460
9463
9465
9467
9468
9470
9473
9474
9475
9476
9477
9478
9480
9481
9483
9484
9486
9487
9489
9491
9493
9495
9497
9498
9499
9500
9501
9503
9504
9505
9507
9508
9510
9512
9514
9515
9517
9519
9520
9521
9522
9523
9524
9526
9527
9529
9530
9531
9534
9535
9536
9537
9539
9541
9542
9544
9545
9547
9548
9550
9552
9554
9555
9557
9558
9559
9560
9562
9563
9565
9566
9568
9569
9571
9573
9574
9575
9576
9577
9579
9580
9581
9582
9583
9585
9587
9588
9589
9590
9592
9594
9596
9597
9598
9600
9601
9602
9603
9605
9606
9607
9608
9609
9611
9612
9614
9615
9617
9618
9621
9622
9623
9626
9627
9630
9632
9636
9638
9642
9643
9644
9646
9647
9648
9651
9653
9654
9655
9656
9657
9659
9661
9662
9664
9665
9666
9667
9669
9671
9672
9673
9675
9676
9677
9678
9679
9680
9681
9682
9685
9688
9690
9691
9693
9694
9695
9696
9698
9699
9701
9702
9704
9705
9706
9708
9709
9710
9711
9713
9716
9717
9720
9721
9722
9728
9729
9730
9731
9734
9745
9746
9747
9748
9751
9758
9759
9760
9763
9765
9766
9769
9772
9774
9775
9776
9777
9778
9780
9781
9782
9784
9785
9788
9789
9791
9793
9794
9798
9801
9803
9804
9805
9806
9808
9809
9811
9812
9814
9815
9816
9819
9820
9821
9823
9824
9826
9830
9831
9832
9834
9835
9836
9837
9840
9841
9844
9846
9850
9851
9854
9855
9859
9861
9863
9864
9865
9866
9869
9872
9874
9876
9877
9880
9882
9884
9885
9889
9890
9891
9892
9893
9894
9896
9899
9900
9901
9902
9904
9905
9906
9909
9910
9911
9912
9914
9915
9919
9922
9923
9924
9925
9929
9932
9934
9937
9938
9939
9942
9943
9946
9948
9949
9950
9952
9953
9955
9957
9958
9959
9960
9962
9964
9967
9969
9970
9973
9974
9976
9978
9980
9981
9982
9984
9986
9987
9988
9989
9990
9991
9992
9997
10000
10001
10005
10006
10007
10008
10010
10011
10012
10016
10017
10020
10021
10022
10025
10026
10027
10029
10030
10031
10034
10036
10037
10038
10039
10040
10044
10045
10046
10048
10053
10055
10056
10058
10063
10065
10066
10067
10068
10069
10071
10072
10073
10075
10076
10077
10078
10082
10083
10089
10090
10092
10095
10096
10097
10100
10102
10103
10111
10114
10116
10118
10120
10123
10125
10133
10134
10135
10136
10137
10138
10140
10142
10144
10145
10155
10156
10158
10159
10160
10161
10164
10165
10166
10167
10179
10180
10182
10186
10188
10189
10190
10201
10203
10205
10206
10211
10212
10214
10223
10224
10225
10226
10227
10229
10230
10233
10234
10235
10237
10248
10249
10252
10257
10258
10259
10260
10271
10272
10273
10274
10275
10276
10281
10282
10284
10295
10296
10297
10298
10301
10305
10306
10307
10309
10321
10323
10326
10327
10328
10332
10334
10335
10348
10349
10350
10351
10352
10353
10355
10358
10360
10362
10375
10377
10378
10379
10380
10382
10385
10386
10387
10403
10404
10410
10412
10416
10417
10418
10433
10434
10435
10437
10445
10446
10448
10451
10452
10455
10464
10466
10467
10468
10469
10471
10474
10475
10477
10478
10479
10484
10486
10488
10498
10499
10500
10503
10506
10507
10509
10510
10511
10512
10516
10518
10522
10524
10527
10528
10529
10530
10532
10534
10535
10536
10539
10540
10541
10542
10546
10548
10550
10551
10552
10553
10554
10555
10556
10557
10559
10561
10563
10564
10565
10567
10568
10571
10574
10575
10576
10577
10578
10580
10581
10582
10583
10584
10586
10588
10591
10592
10594
10595
10596
10597
10601
10602
10604
10606
10609
10612
10613
10614
10616
10617
10619
10621
10622
10623
10624
10628
10629
10630
10631
10641
10642
10643
10644
10647
10649
10650
10651
10652
10653
10655
10660
10662
10663
10664
10668
10669
10670
10680
10682
10683
10684
10685
10690
10694
10695
10696
10700
10701
10702
10716
10717
10718
10720
10723
10728
10730
10744
10745
10746
10749
10753
10754
10755
10757
10771
10772
10775
10776
10781
10783
10796
10797
10798
10800
10801
10802
10807
10810
10823
10824
10826
10827
10834
10847
10848
10850
10851
10854
10855
10856
10857
10858
10870
10871
10873
10874
10875
10878
10879
10880
10881
10882
10892
10893
10894
10896
10898
10899
10903
10904
10917
10918
10919
10922
10923
10925
10926
10928
10939
10941
10944
10945
10946
10949
10950
10951
10952
10953
10963
10964
10965
10966
10967
10972
10973
10974
10984
10985
10987
10988
10989
10991
10992
10993
10994
10996
11005
11006
11008
11010
11013
11015
11017
11024
11026
11027
11028
11030
11031
11032
11033
11035
11037
11040
11041
11044
11046
11047
11049
11055
11056
11057
11058
11059
11060
11062
11063
11064
11065
11067
11068
11069
11072
11073
11074
11076
11077
11078
11082
11083
11085
11086
11087
11088
11090
11092
11093
11096
11097
11099
11101
11103
11104
11105
11106
11107
11108
11110
11111
11112
11115
11116
11117
11119
11121
11122
11124
11125
11127
11132
11133
11135
11137
11138
11139
11140
11141
11142
11143
11144
11146
11148
11149
11151
11152
11153
11157
11158
11159
11161
11163
11164
11167
11168
11170
11171
11173
11175
11177
11178
11181
11182
11186
11187
11188
11189
11190
11191
11195
11196
11197
11198
11199
11200
11205
11206
11207
11209
11210
11215
11216
11217
11219
11224
11225
11227
11228
11233
11235
11238
11239
11240
11243
11244
11247
11248
11249
11250
11253
11254
11255
11256
11258
11259
11260
11265
11266
11269
11270
11274
11276
11277
11278
11279
11281
11282
11285
11286
11289
11291
11295
11296
11297
11299
11300
11301
11304
11306
11307
11309
11310
11315
11316
11317
11318
11321
11322
11325
11327
11328
11330
11331
11332
11333
11337
11340
11341
11344
11345
11347
11349
11352
11353
11354
11357
11358
11359
11360
11362
11365
11366
11369
11372
11373
11375
11377
11379
11380
11381
11383
11384
11385
11387
11392
11396
11397
11398
11400
11409
11410
11412
11425
11426
11427
11428
11429
11441
11442
11444
11456
11457
11458
11460
11472
11473
11474
11475
11476
11477
11491
11492
11493
11508
11509
11510
11512
11528
11531
11547
11548
11550
11566
11567
11569
11586
11587
11588
11590
11608
11609
11610
11627
11628
11629
11631
11648
11650
11651
11652
11670
11671
11672
11673
11692
11694
11696
11715
11719
11739
11741
11742
11763
11764
11765
11786
11787
11788
11790
11811
11813
11814
11815
11836
11837
11838
11839
11840
11861
11864
11866
11889
11890
11892
11915
11916
11917
11918
11919
11942
11944
11945
11971
11972
11974
11999
12000
12001
12002
12026
12027
12028
12029
12031
12057
12058
12060
12086
12087
12088
12089
12117
12118
12120
12148
12150
12177
12178
12179
12181
12210
12213
12241
12242
12243
12244
12245
12273
12275
12276
12277
12307
12310
12339
12340
12341
12343
12372
12375
12377
12408
12409
12411
12442
12443
12444
12446
12479
12480
12481
12483
12485
12488
12490
12491
12521
12523
12526
12527
12529
12530
12531
12532
12533
12535
12538
12540
12543
12569
12570
12571
12572
12573
12574
12576
12577
12578
12585
12586
12592
12593
12594
12596
12597
12599
12600
12601
12602
12603
12604
12605
12606
12608
12624
12626
12627
12628
12630
12631
12632
12634
12635
12637
12638
12639
12640
12641
12642
12643
12644
12645
12646
12648
12649
12650
12651
12652
12656
12659
12660
12661
12662
12663
12674
12676
12678
12679
12680
12682
12683
12684
12685
12686
12690
12691
12692
12693
12694
12697
12698
12699
12700
12701
12703
12705
12716
12720
12721
12724
12726
12728
12729
12730
12731
12733
12734
12736
12737
12738
12739
12761
12763
12764
12765
12767
12768
12770
12794
12796
12798
12804
12805
12806
12807
12820
12822
12823
12824
12825
12826
12831
12833
12836
12838
12839
12840
12844
12845
12846
12847
12848
12849
12850
12851
12852
12853
12867
12869
12871
12873
12874
12875
12876
12877
12879
12881
12884
12886
12888
12889
12890
12891
12893
12894
12895
12896
12897
12898
12899
12900
12901
12903
12904
12923
12924
12925
12929
12931
12932
12934
12935
12936
12937
12938
12939
12940
12941
12943
12944
12945
12947
12950
12952
12954
12956
12957
12958
12990
12992
12993
12994
12995
12996
12997
12998
12999
13000
13002
13006
13007
13008
13009
13013
13014
13016
13018
13049
13050
13051
13053
13086
13089
13121
13122
13124
13154
13155
13156
13157
13159
13189
13190
13191
13222
13224
13225
13254
13255
13256
13257
13258
13259
13288
13289
13290
13292
13320
13321
13322
13323
13324
13351
13353
13354
13356
13383
13387
13413
13415
13416
13442
13444
13445
13447
13473
13475
13477
13502
13503
13506
13530
13532
13533
13534
13535
13561
13562
13587
13588
13590
13613
13615
13616
13618
13641
13642
13643
13644
13645
13669
13670
13672
13694
13695
13696
13697
13698
13720
13722
13743
13745
13746
13748
13769
13771
13773
13794
13795
13797
13817
13818
13821
13841
13843
13862
13863
13865
13883
13884
13885
13887
13904
13906
13907
13909
13927
13928
13930
13947
13965
13967
13968
13970
13986
13987
13988
14005
14006
14007
14009
14025
14026
14027
14042
14044
14059
14060
14061
14062
14063
14075
14076
14077
14078
14080
14092
14093
14094
14096
14108
14109
14110
14112
14123
14127
14136
14138
14141
14142
14143
14146
14150
14151
14152
14155
14156
14157
14158
14159
14160
14161
14162
14163
14164
14166
14167
14169
14173
14174
14175
14176
14177
14179
14180
14182
14183
14184
14185
14196
14197
14198
14201
14202
14203
14206
14213
14215
14216
14221
14222
14223
14232
14234
14236
14237
14238
14240
14241
14242
14245
14247
14252
14256
14258
14261
14263
14264
14267
14269
14270
14271
14272
14273
14275
14276
14277
14278
14279
14280
14281
14282
14283
14290
14293
14295
14298
14299
14301
14302
14303
14306
14308
14315
14319
14320
14322
14323
14324
14325
14326
14327
14328
14330
14331
14332
14334
14336
14338
14340
14342
14343
14348
14350
14351
14353
14354
14356
14358
14361
14362
14363
14368
14372
14373
14374
14376
14378
14379
14382
14384
14385
14387
14388
14390
14392
14394
14396
14397
14399
14403
14404
14407
14409
14410
14411
14412
14413
14414
14415
14416
14417
14418
14426
14428
14429
14430
14431
14432
14433
14434
14435
14436
14438
14439
14440
14441
14442
14447
14448
14450
14463
14465
14466
14468
14472
14473
14475
14478
14480
14482
14483
14485
14486
14487
14488
14490
14491
14492
14493
14494
14495
14496
14497
14498
14499
14501
14504
14505
14506
14508
14510
14511
14512
14513
14515
14517
14518
14522
14526
14528
14529
14530
14531
14532
14533
14536
14537
14539
14543
14546
14547
14548
14552
14554
14558
14560
14563
14564
14565
14566
14568
14571
14572
14574
14577
14579
14581
14582
14584
14591
14592
14594
14595
14598
14600
14601
14602
14603
14604
14605
14607
14619
14620
14621
14622
14636
14638
14640
14642
14643
14644
14646
14649
14650
14651
14652
14653
14654
14655
14660
14661
14662
14663
14666
14667
14668
14670
14672
14674
14675
14676
14678
14679
14680
14681
14682
14683
14684
14685
14686
14689
14691
14692
14694
14696
14709
14710
14711
14712
14724
14725
14727
14728
14729
14730
14731
14732
14735
14737
14739
14741
14744
14747
14749
14751
14752
14754
14767
14781
14782
14783
14786
14787
14789
14790
14792
14794
14795
14799
14800
14802
14804
14805
14807
14821
14822
14823
14833
14834
14835
14836
14838
14839
14841
14842
14844
14845
14846
14847
14849
14850
14851
14852
14854
14856
14859
14861
14862
14863
14864
14865
14867
14878
14881
14891
14893
14896
14897
14898
14899
14901
14902
14903
14905
14907
14908
14910
14911
14913
14914
14916
14917
14920
14922
14933
14934
14944
14947
14949
14950
14953
14955
14956
14957
14958
14960
14962
14963
14965
14966
14968
14969
14972
14973
14974
14975
14976
14981
14991
14992
14994
15000
15002
15003
15004
15006
15007
15008
15010
15012
15013
15015
15017
15018
15020
15022
15025
15026
15027
15029
15032
15033
15034
15036
15037
15039
15040
15044
15045
15046
15047
15048
15049
15051
15052
15053
15054
15055
15056
15057
15058
15060
15061
15063
15065
15066
15069
15070
15072
15073
15075
15076
15078
15079
15081
15083
15084
15086
15088
15089
15091
15092
15093
15095
15104
15105
15108
15109
15110
15114
15115
15117
15118
15119
15120
15121
15122
15123
15124
15125
15126
15128
15129
15130
15131
15132
15135
15136
15137
15140
15141
15142
15143
15144
15145
15146
15147
15148
15150
15154
15156
15162
15163
15164
15166
15174
15176
15177
15179
15180
15181
15182
15183
15186
15187
15188
15191
15192
15195
15199
15201
15202
15203
15205
15209
