0
2
3
4
6
7
8
9
11
12
13
14
15
16
17
19
20
21
22
23
25
26
27
28
29
32
36
38
39
40
41
42
43
45
46
48
49
50
51
52
53
56
57
58
59
61
62
63
64
65
66
67
69
70
71
73
74
75
77
78
87
94
100
106
107
108
109
112
113
114
120
122
123
124
125
131
132
137
145
149
152
153
155
156
158
231
234
236
237
314
315
316
317
318
398
399
400
402
403
480
482
483
486
487
488
561
564
565
567
568
570
573
576
577
581
585
586
587
589
590
596
624
625
627
628
631
632
635
638
639
640
641
643
645
647
648
650
651
654
655
656
658
659
660
663
665
666
668
669
670
671
673
674
675
676
677
678
679
680
681
682
683
684
685
686
688
689
690
691
692
694
695
696
697
698
699
702
704
705
706
709
710
712
713
714
716
717
719
720
721
722
724
727
728
729
730
733
745
747
748
749
750
751
754
756
758
759
760
762
765
767
768
769
770
771
772
773
783
784
801
802
803
805
808
809
811
813
824
826
827
829
830
832
833
834
835
836
840
841
842
844
846
847
849
850
852
853
854
855
863
879
882
883
884
885
888
890
891
892
893
895
896
897
898
899
900
901
902
904
905
908
909
911
913
915
917
920
921
923
924
926
927
928
931
933
934
936
937
938
940
941
942
943
944
946
947
948
949
950
952
954
970
973
974
975
976
977
978
979
980
990
992
994
996
997
998
999
1000
1001
1002
1004
1005
1006
1007
1008
1009
1010
1015
1024
1027
1028
1029
1030
1048
1053
1055
1056
1058
1067
1068
1069
1070
1074
1076
1078
1079
1080
1081
1082
1084
1085
1087
1093
1101
1102
1103
1104
1105
1106
1118
1125
1126
1134
1137
1138
1139
1141
1147
1148
1150
1151
1152
1155
1158
1159
1160
1162
1164
1166
1167
1169
1170
1171
1173
1174
1175
1176
1178
1180
1181
1186
1187
1188
1189
1190
1193
1194
1196
1197
1199
1200
1201
1202
1203
1206
1207
1208
1209
1211
1212
1213
1215
1216
1217
1218
1219
1220
1222
1225
1226
1230
1232
1233
1235
1236
1237
1238
1250
1252
1254
1255
1256
1257
1258
1259
1260
1262
1263
1265
1266
1268
1278
1280
1297
1298
1299
1300
1302
1303
1305
1306
1307
1309
1310
1311
1313
1314
1315
1316
1318
1319
1321
1322
1323
1325
1326
1327
1328
1329
1331
1332
1335
1336
1338
1339
1340
1342
1343
1345
1346
1348
1349
1350
1353
1354
1356
1358
1360
1362
1363
1364
1366
1368
1370
1371
1372
1389
1390
1391
1393
1395
1397
1399
1402
1408
1409
1411
1413
1415
1417
1418
1419
1420
1425
1427
1435
1436
1438
1439
1440
1443
1446
1448
1449
1450
1451
1452
1453
1454
1455
1457
1458
1459
1460
1464
1470
1471
1473
1475
1476
1478
1481
1482
1486
1488
1490
1491
1492
1494
1495
1496
1498
1499
1500
1501
1502
1503
1504
1506
1507
1508
1511
1513
1514
1520
1522
1524
1527
1528
1529
1530
1531
1533
1538
1540
1541
1543
1544
1547
1551
1553
1554
1555
1556
1559
1560
1561
1562
1566
1567
1568
1572
1573
1575
1576
1583
1584
1585
1586
1587
1588
1589
1600
1603
1605
1606
1609
1610
1611
1612
1613
1618
1620
1621
1622
1623
1625
1626
1627
1632
1634
1638
1639
1640
1642
1645
1646
1650
1652
1653
1654
1658
1659
1660
1662
1664
1665
1666
1667
1668
1669
1671
1672
1674
1677
1681
1685
1687
1688
1691
1693
1696
1697
1702
1703
1706
1713
1715
1716
1719
1720
1721
1722
1724
1726
1728
1729
1730
1732
1734
1735
1737
1739
1740
1743
1744
1747
1748
1749
1751
1752
1753
1756
1758
1759
1761
1766
1767
1768
1769
1770
1773
1775
1776
1778
1779
1780
1781
1783
1784
1785
1786
1790
1791
1793
1794
1795
1796
1799
1800
1801
1802
1804
1806
1807
1808
1810
1811
1813
1814
1815
1817
1818
1820
1821
1823
1831
1833
1834
1836
1837
1838
1839
1840
1841
1842
1846
1848
1849
1851
1852
1856
1864
1868
1869
1870
1871
1872
1873
1875
1877
1879
1881
1884
1886
1887
1888
1889
1890
1894
1896
1897
1898
1901
1902
1903
1904
1905
1908
1915
1916
1917
1918
1919
1921
1923
1924
1925
1926
1931
1932
1933
1934
1937
1947
1949
1950
1951
1953
1960
1962
1963
1964
1965
1966
1967
1969
1971
1973
1975
1976
1978
1979
1980
1981
1982
1983
1988
1989
1991
1992
1993
1995
1996
1997
1998
1999
2003
2005
2006
2007
2008
2016
2017
2019
2028
2029
2030
2031
2041
2042
2043
2044
2055
2056
2058
2059
2060
2061
2062
2064
2070
2071
2073
2075
2079
2081
2082
2086
2087
2090
2091
2092
2094
2097
2098
2100
2102
2104
2106
2107
2109
2110
2112
2114
2116
2117
2119
2120
2122
2123
2125
2126
2128
2129
2130
2131
2132
2133
2135
2136
2138
2139
2140
2141
2161
2162
2163
2192
2194
2195
2198
2200
2203
2205
2206
2208
2209
2212
2214
2215
2217
2218
2219
2221
2222
2225
2226
2227
2228
2229
2231
2233
2236
2238
2239
2240
2242
2244
2245
2246
2249
2253
2255
2256
2257
2258
2259
2260
2261
2264
2267
2269
2270
2274
2275
2276
2277
2298
2299
2300
2329
2330
2331
2332
2334
2335
2337
2338
2340
2341
2343
2344
2346
2347
2349
2350
2352
2353
2355
2356
2358
2359
2361
2362
2363
2365
2366
2369
2372
2374
2375
2376
2377
2378
2379
2382
2383
2387
2388
2390
2392
2393
2398
2399
2401
2403
2404
2405
2406
2413
2414
2415
2416
2427
2428
2430
2440
2441
2442
2443
2451
2453
2455
2461
2463
2464
2465
2466
2467
2470
2471
2472
2473
2476
2477
2478
2479
2482
2483
2485
2487
2488
2489
2490
2491
2493
2496
2497
2498
2499
2500
2504
2505
2506
2514
2515
2516
2524
2525
2526
2527
2528
2537
2538
2540
2548
2549
2550
2553
2554
2555
2560
2561
2562
2563
2564
2569
2572
2574
2577
2578
2579
2583
2584
2585
2587
2588
2590
2592
2593
2596
2597
2599
2601
2602
2603
2605
2607
2608
2610
2611
2613
2614
2615
2616
2618
2619
2620
2621
2623
2624
2626
2628
2629
2630
2631
2632
2634
2635
2636
2637
2638
2639
2640
2643
2644
2645
2647
2648
2649
2652
2653
2654
2655
2656
2676
2678
2707
2709
2710
2711
2712
2713
2714
2716
2717
2718
2719
2720
2721
2723
2724
2727
2728
2729
2731
2732
2733
2735
2737
2738
2739
2740
2741
2742
2744
2746
2749
2750
2751
2752
2753
2756
2758
2760
2761
2762
2764
2768
2769
2771
2772
2775
2776
2777
2778
2781
2782
2784
2785
2786
2787
2789
2790
2791
2792
2794
2795
2796
2797
2798
2819
2820
2821
2849
2850
2851
2852
2854
2855
2856
2857
2858
2860
2861
2862
2864
2865
2867
2868
2869
2871
2873
2875
2876
2878
2880
2881
2884
2886
2888
2891
2893
2895
2896
2898
2899
2900
2901
2902
2904
2907
2908
2910
2911
2913
2915
2917
2918
2922
2923
2924
2926
2927
2928
2930
2933
2934
2935
2937
2939
2941
2945
2947
2948
2949
2950
2952
2959
2960
2962
2970
2971
2972
2973
2981
2983
2991
2993
2994
2997
3002
3003
3004
3005
3006
3007
3011
3012
3013
3015
3016
3018
3019
3020
3021
3023
3024
3025
3026
3027
3028
3030
3032
3033
3034
3036
3037
3038
3041
3043
3044
3045
3048
3050
3052
3055
3056
3060
3064
3066
3068
3072
3074
3075
3076
3077
3078
3079
3080
3082
3083
3086
3089
3093
3096
3097
3098
3101
3102
3105
3108
3110
3111
3112
3113
3115
3116
3118
3119
3121
3125
3126
3127
3128
3129
3131
3132
3135
3137
3139
3140
3141
3144
3145
3147
3149
3150
3151
3152
3153
3154
3155
3156
3157
3160
3162
3163
3164
3165
3167
3168
3169
3170
3172
3173
3174
3175
3177
3178
3180
3183
3184
3186
3187
3189
3190
3194
3195
3197
3200
3201
3203
3204
3205
3207
3209
3210
3212
3213
3214
3215
3234
3236
3237
3239
3268
3271
3273
3274
3275
3277
3279
3282
3283
3284
3286
3287
3288
3289
3291
3292
3293
3294
3295
3297
3298
3299
3301
3302
3303
3304
3306
3307
3309
3310
3311
3313
3315
3316
3317
3318
3319
3320
3321
3322
3323
3324
3325
3327
3328
3330
3331
3332
3334
3335
3336
3337
3338
3339
3344
3345
3346
3347
3348
3350
3352
3353
3354
3356
3358
3359
3360
3361
3362
3364
3366
3367
3368
3370
3389
3390
3391
3392
3424
3425
3427
3428
3430
3431
3433
3434
3436
3437
3439
3440
3441
3442
3443
3445
3447
3448
3450
3451
3453
3454
3456
3458
3460
3461
3463
3467
3468
3470
3471
3472
3473
3475
3477
3478
3479
3480
3483
3485
3486
3488
3490
3493
3495
3496
3498
3499
3500
3501
3504
3506
3507
3508
3509
3511
3512
3514
3517
3518
3519
3521
3522
3524
3525
3527
3528
3529
3530
3531
3533
3534
3536
3537
3539
3540
3541
3542
3544
3545
3546
3549
3551
3554
3557
3558
3559
3561
3562
3563
3565
3569
3571
3572
3573
3574
3578
3579
3580
3581
3582
3586
3588
3589
3590
3593
3594
3595
3596
3597
3601
3603
3604
3605
3606
3607
3608
3609
3610
3612
3613
3614
3616
3617
3619
3622
3623
3625
3626
3627
3629
3631
3632
3634
3636
3639
3641
3642
3643
3644
3646
3648
3650
3651
3652
3653
3654
3655
3656
3657
3659
3660
3661
3662
3663
3664
3665
3667
3669
3670
3672
3674
3675
3677
3678
3680
3682
3684
3685
3686
3687
3688
3689
3691
3693
3695
3696
3698
3699
3703
3704
3705
3706
3708
3709
3711
3713
3714
3716
3718
3719
3721
3723
3724
3728
3729
3730
3732
3733
3738
3739
3740
3742
3743
3744
3745
3746
3747
3748
3750
3751
3752
3753
3755
3757
3759
3760
3761
3764
3766
3767
3768
3769
3774
3775
3777
3783
3784
3785
3792
3800
3801
3802
3816
3817
3818
3819
3835
3837
3838
3839
3854
3855
3856
3858
3859
3860
3861
3866
3878
3879
3880
3885
3886
3888
3889
3890
3891
3892
3893
3895
3896
3899
3903
3904
3905
3908
3909
3916
3917
3919
3938
3940
3941
3942
3944
3945
3973
3976
3977
3978
3980
3982
3983
3984
3989
3991
3993
3994
3997
3998
4001
4005
4007
4010
4011
4012
4013
4015
4016
4017
4020
4022
4023
4024
4025
4026
4028
4029
4030
4031
4032
4034
4037
4038
4039
4042
4043
4045
4046
4047
4048
4052
4054
4055
4056
4057
4058
4059
4061
4062
4064
4066
4067
4068
4071
4073
4075
4077
4078
4079
4080
4082
4083
4084
4085
4086
4087
4089
4090
4110
4112
4113
4114
4143
4144
4146
4147
4149
4151
4152
4153
4156
4157
4158
4160
4162
4163
4164
4165
4167
4168
4169
4170
4171
4172
4176
4177
4178
4180
4181
4187
4189
4191
4196
4209
4210
4215
4216
4218
4234
4237
4238
4254
4255
4256
4272
4273
4274
4275
4280
4281
4282
4284
4290
4291
4293
4298
4300
4302
4303
4307
4308
4313
4316
4317
4320
4321
4323
4324
4325
4326
4328
4329
4330
4331
4334
4337
4338
4339
4340
4344
4345
4347
4348
4350
4351
4353
4355
4356
4357
4359
4362
4364
4365
4367
4368
4370
4371
4372
4373
4375
4376
4378
4379
4382
4383
4384
4385
4386
4387
4389
4390
4391
4392
4394
4396
4397
4399
4401
4402
4404
4405
4406
4407
4408
4409
4412
4413
4414
4415
4416
4417
4423
4424
4426
4427
4428
4429
4431
4433
4434
4436
4441
4442
4447
4449
4450
4451
4453
4454
4456
4457
4459
4461
4463
4465
4470
4471
4474
4475
4476
4477
4479
4484
4487
4489
4490
4491
4492
4494
4495
4497
4498
4499
4500
4501
4502
4504
4505
4507
4508
4510
4511
4512
4513
4514
4516
4517
4519
4521
4523
4526
4528
4532
4534
4536
4537
4545
4546
4547
4548
4554
4555
4556
4564
4566
4567
4577
4578
4589
4590
4591
4599
4600
4601
4602
4603
4610
4611
4612
4613
4623
4624
4625
4635
4636
4637
4638
4639
4647
4649
4650
4652
4660
4662
4663
4671
4673
4675
4683
4685
4687
4694
4696
4697
4699
4700
4701
4702
4703
4704
4705
4707
4708
4709
4711
4712
4713
4717
4718
4719
4720
4721
4723
4725
4726
4731
4733
4734
4739
4740
4748
4750
4756
4761
4762
4764
4765
4769
4770
4771
4772
4775
4776
4777
4782
4783
4785
4786
4787
4788
4789
4791
4792
4793
4794
4797
4798
4801
4802
4803
4804
4805
4806
4807
4808
4809
4812
4814
4816
4822
4824
4826
4830
4832
4833
4835
4836
4839
4840
4842
4843
4845
4846
4848
4852
4853
4854
4855
4858
4860
4865
4868
4869
4870
4871
4872
4874
4876
4877
4878
4880
4881
4882
4884
4886
4887
4889
4891
4896
4898
4900
4902
4903
4905
4909
4910
4911
4912
4914
4915
4917
4918
4920
4921
4923
4925
4926
4928
4929
4931
4932
4934
4935
4936
4937
4938
4940
4941
4942
4944
4946
4948
4950
4951
4952
4953
4954
4956
4958
4959
4960
4963
4964
4968
4969
4971
4973
4974
4978
4983
4984
4987
4989
4994
4995
4996
5000
5002
5004
5006
5010
5011
5018
5032
5033
5034
5035
5036
5037
5038
5039
5041
5044
5049
5051
5052
5054
5056
5058
5062
5064
5065
5066
5067
5068
5072
5075
5077
5078
5079
5081
5082
5083
5085
5086
5088
5089
5092
5093
5096
5097
5099
5105
5107
5113
5114
5115
5120
5121
5122
5126
5128
5131
5133
5135
5136
5137
5141
5142
5143
5145
5147
5148
5152
5153
5154
5156
5157
5158
5159
5161
5162
5163
5170
5172
5173
5175
5183
5185
5186
5194
5197
5199
5207
5209
5210
5218
5220
5221
5231
5232
5233
5234
5236
5245
5246
5248
5256
5257
5258
5259
5267
5268
5269
5270
5278
5280
5281
5283
5290
5292
5294
5300
5301
5302
5303
5304
5305
5313
5318
5319
5322
5323
5324
5327
5329
5330
5332
5334
5335
5337
5338
5339
5340
5341
5343
5344
5346
5347
5349
5350
5352
5353
5354
5356
5357
5360
5362
5363
5365
5367
5369
5370
5371
5372
5375
5376
5378
5379
5380
5381
5382
5383
5385
5386
5387
5389
5390
5391
5392
5394
5398
5400
5402
5404
5406
5407
5409
5412
5413
5416
5417
5418
5419
5420
5423
5424
5425
5426
5429
5430
5433
5434
5435
5437
5438
5440
5441
5442
5443
5444
5445
5446
5447
5448
5449
5451
5453
5454
5455
5456
5458
5459
5460
5462
5464
5466
5467
5470
5471
5472
5473
5476
5478
5479
5481
5483
5484
5486
5487
5488
5490
5492
5495
5496
5500
5506
5508
5511
5512
5513
5514
5515
5517
5518
5519
5521
5522
5523
5529
5531
5532
5533
5534
5536
5539
5541
5543
5544
5546
5547
5548
5549
5550
5552
5553
5554
5555
5556
5557
5558
5559
5560
5561
5562
5563
5564
5565
5571
5572
5574
5576
5577
5579
5586
5587
5588
5589
5592
5594
5595
5596
5598
5599
5610
5613
5614
5620
5621
5622
5623
5625
5626
5628
5629
5630
5631
5633
5638
5640
5642
5644
5649
5650
5655
5656
5657
5658
5659
5660
5662
5665
5666
5669
5670
5672
5674
5675
5678
5679
5680
5682
5684
5686
5687
5688
5690
5691
5693
5695
5696
5699
5700
5702
5703
5705
5706
5708
5709
5710
5711
5713
5718
5722
5724
5736
5738
5739
5741
5742
5744
5745
5746
5747
5752
5754
5755
5756
5758
5760
5761
5762
5763
5767
5770
5773
5782
5784
5785
5786
5787
5788
5789
5791
5792
5793
5794
5795
5796
5797
5798
5800
5801
5802
5803
5804
5805
5806
5807
5808
5809
5810
5815
5816
5817
5818
5819
5820
5821
5822
5823
5824
5826
5831
5836
5837
5839
5840
5842
5843
5844
5845
5846
5847
5848
5849
5850
5851
5852
5853
5861
5862
5863
5865
5867
5868
5871
5873
5875
5876
5877
5879
5881
5882
5884
5885
5886
5887
5889
5891
5892
5893
5894
5896
5897
5899
5900
5901
5902
5904
5906
5908
5909
5910
5911
5913
5914
5915
5917
5920
5921
5922
5925
5926
5929
5931
5932
5933
5937
5938
5940
5942
5944
5945
5946
5949
5950
5951
5952
5953
5956
5957
5958
5959
5962
5963
5965
5969
5970
5971
5972
5974
5975
5976
5977
5978
5980
5982
5984
5987
5990
5993
5994
5996
5997
6003
6004
6005
6007
6008
6009
6011
6013
6014
6017
6019
6020
6021
6022
6024
6027
6028
6029
6030
6032
6034
6036
6037
6039
6040
6043
6046
6048
6049
6050
6051
6052
6054
6055
6057
6058
6060
6071
6074
6075
6076
6077
6078
6081
6082
6084
6094
6095
6096
6097
6099
6105
6107
6109
6111
6116
6117
6118
6122
6123
6126
6128
6130
6131
6132
6135
6136
6137
6138
6139
6140
6141
6142
6143
6144
6146
6147
6150
6151
6161
6162
6163
6165
6167
6169
6170
6172
6174
6176
6177
6178
6179
6180
6185
6187
6188
6189
6190
6198
6201
6206
6208
6212
6214
6215
6216
6217
6218
6220
6222
6224
6229
6231
6232
6234
6235
6237
6238
6239
6240
6241
6242
6243
6245
6246
6247
6248
6253
6254
6256
6257
6260
6261
6264
6266
6268
6270
6271
6272
6273
6275
6276
6277
6278
6280
6282
6286
6287
6288
6290
6291
6292
6293
6296
6297
6298
6301
6302
6303
6306
6310
6312
6317
6323
6330
6332
6333
6334
6335
6336
6338
6340
6346
6348
6352
6353
6354
6355
6357
6358
6359
6360
6361
6363
6368
6370
6371
6373
6378
6380
6384
6386
6387
6389
6391
6392
6393
6394
6398
6399
6401
6404
6405
6406
6411
6418
6420
6421
6423
6424
6425
6426
6427
6429
6434
6435
6436
6440
6442
6443
6444
6445
6447
6449
6450
6451
6457
6459
6460
6461
6465
6466
6469
6470
6471
6472
6473
6474
6476
6477
6478
6480
6481
6482
6483
6484
6486
6488
6490
6491
6492
6495
6496
6497
6499
6500
6502
6503
6504
6507
6508
6509
6510
6511
6512
6514
6515
6518
6519
6520
6521
6524
6525
6526
6528
6529
6531
6532
6533
6535
6537
6539
6541
6542
6546
6547
6548
6551
6552
6553
6554
6555
6557
6559
6560
6561
6562
6564
6565
6566
6567
6570
6571
6572
6574
6577
6579
6584
6588
6593
6594
6595
6600
6601
6603
6607
6609
6611
6615
6616
6617
6618
6621
6622
6624
6625
6626
6627
6628
6631
6632
6634
6637
6638
6643
6644
6646
6647
6649
6650
6651
6653
6654
6656
6657
6660
6662
6664
6668
6671
6673
6675
6682
6684
6685
6686
6688
6690
6691
6692
6696
6697
6698
6700
6701
6704
6705
6706
6708
6711
6713
6714
6715
6716
6717
6718
6720
6721
6724
6725
6726
6727
6730
6731
6732
6734
6736
6737
6738
6739
6740
6741
6743
6744
6745
6747
6748
6749
6752
6754
6756
6757
6758
6760
6761
6766
6767
6768
6769
6771
6784
6785
6787
6788
6790
6791
6794
6795
6797
6804
6806
6809
6810
6812
6813
6815
6816
6817
6818
6820
6822
6823
6824
6825
6826
6828
6829
6833
6835
6837
6838
6839
6845
6849
6850
6852
6854
6855
6856
6859
6861
6863
6864
6865
6867
6869
6870
6871
6873
6874
6876
6877
6878
6879
6880
6881
6883
6886
6888
6889
6890
6897
6898
6899
6903
6910
6911
6912
6913
6914
6915
6916
6917
6919
6922
6924
6926
6927
6929
6931
6932
6934
6936
6940
6943
6950
6951
6953
6957
6962
6964
6968
6973
6974
6976
6983
6986
6988
6989
6998
6999
7000
7005
7008
7009
7010
7012
7013
7014
7015
7020
7022
7024
7025
7027
7028
7031
7036
7037
7038
7040
7042
7043
7046
7047
7048
7049
7054
7055
7056
7060
7062
7063
7068
7069
7071
7075
7077
7078
7084
7085
7086
7087
7092
7093
7094
7096
7100
7102
7103
7104
7107
7108
7110
7113
7115
7116
7119
7120
7121
7122
7123
7124
7125
7126
7127
7128
7131
7132
7134
7137
7138
7139
7140
7141
7143
7144
7145
7146
7147
7149
7150
7151
7152
7153
7156
7157
7158
7159
7160
7163
7164
7165
7166
7167
7168
7170
7172
7173
7174
7175
7177
7184
7185
7187
7188
7189
7190
7191
7192
7194
7199
7201
7202
7203
7204
7207
7208
7209
7210
7213
7214
7215
7216
7218
7219
7221
7222
7223
7226
7228
7229
7231
7234
7235
7236
7239
7241
7242
7243
7244
7246
7249
7252
7253
7256
7258
7259
7260
7261
7262
7263
7264
7266
7267
7269
7270
7271
7273
7274
7275
7276
7277
7279
7280
7282
7283
7284
7285
7287
7288
7289
7291
7292
7354
7358
7359
7360
7423
7425
7426
7427
7428
7490
7491
7492
7493
7494
7495
7496
7497
7500
7501
7502
7503
7505
7506
7507
7508
7510
7511
7513
7515
7516
7518
7522
7523
7524
7525
7526
7529
7530
7531
7537
7539
7543
7549
7552
7558
7561
7562
7565
7567
7568
7569
7570
7571
7572
7574
7577
7578
7580
7582
7583
7587
7588
7589
7590
7591
7592
7593
7596
7597
7598
7599
7600
7601
7606
7607
7611
7612
7613
7615
7616
7618
7619
7620
7621
7622
7623
7624
7625
7626
7627
7628
7629
7630
7631
7632
7633
7634
7635
7637
7638
7639
7640
7642
7643
7647
7651
7653
7654
7655
7656
7657
7658
7660
7664
7665
7674
7675
7677
7678
7679
7680
7681
7682
7683
7685
7686
7688
7691
7692
7693
7695
7696
7698
7700
7701
7702
7703
7711
7712
7713
7714
7717
7721
7732
7736
7737
7738
7740
7742
7743
7745
7746
7749
7752
7753
7764
7765
7766
7767
7777
7778
7781
7782
7783
7784
7785
7787
7788
7789
7790
7793
7794
7795
7797
7799
7800
7801
7809
7810
7811
7812
7813
7822
7823
7824
7826
7827
7828
7829
7830
7832
7834
7835
7837
7838
7839
7840
7842
7843
7852
7853
7854
7856
7857
7863
7864
7865
7867
7868
7869
7872
7873
7874
7875
7876
7877
7878
7881
7882
7885
7886
7887
7888
7889
7895
7896
7897
7898
7902
7904
7905
7906
7908
7909
7911
7912
7916
7917
7919
7920
7922
7924
7925
7926
7929
7931
7936
7937
7938
7939
7941
7943
7944
7945
7947
7948
7949
7950
7951
7953
7954
7955
7957
7958
7959
7960
7961
7962
7964
7965
7972
7973
7974
7975
7976
7977
7979
7980
7981
7983
7984
7985
7991
7993
7994
7995
7996
7997
8000
8001
8009
8011
8012
8013
8014
8016
8022
8023
8024
8025
8027
8029
8040
8042
8047
8049
8051
8052
8053
8063
8065
8070
8071
8072
8073
8074
8075
8084
8085
8087
8088
8089
8091
8092
8093
8103
8104
8106
8107
8109
8110
8111
8112
8113
8114
8119
8121
