405
423
429
454
525
577
802
831
958
1034
1081
1146
1185
1381
1463
1480
1493
1551
1562
1695
1741
1959
1990
2260
2341
2365
2415
2491
2503
2507
2568
2570
2697
2728
2791
2843
2987
3608
3655
3748
3750
3759
3844
4143
4294
4305
4550
4638
4674
4821
4822
4886
5030
5043
5063
5125
5247
5250
5279
5446
5641
5652
5786
5988
6216
6505
6512
6521
6582
6591
6593
6676
6761
6782
7002
7012
7393
7398
7466
7487
7493
7777
7900
8090
8182
8415
9113
9296
9432
9470
9558
9602
9674
9679
9747
10247
10266
10422
10533
10541
10544
10574
10637
11089
11095
11225
11295
