151
200
285
329
335
338
370
426
589
646
776
883
1106
1125
1243
1322
1581
1632
1644
1754
1912
2109
2188
2198
2372
2390
2400
2412
2451
2504
2543
2578
2588
2869
2968
2975
3058
3120
3323
3410
3708
3881
3884
3925
3947
3953
4110
4113
4148
4269
4396
4419
4470
4574
4685
4737
4931
5018
5213
5267
5277
5417
5517
5520
5623
5678
5868
5892
5912
5983
6036
6037
6097
6178
6185
6269
6484
6563
6570
6625
6682
6701
6769
6905
6945
6956
6967
6975
7075
7297
7391
7459
7555
7680
7965
8086
8128
8736
8764
8909
8958
9084
9126
9149
9161
9177
9202
9230
9358
9474
9508
9602
9606
9646
9672
9753
9765
9806
9957
10118
10299
10302
10361
10441
10981
11520
11781
11803
11856
11874
11888
11922
12015
12130
12168
12215
12325
12372
12513
12522
12556
12569
12574
12601
12710
12733
12874
12924
12962
12997
12999
13369
13402
13414
13437
13486
13544
13757
14010
14021
14048
14050
14077
14097
14103
14126
14141
14195
14209
14222
14237
14258
14327
14381
14387
14415
14425
14469
14528
14726
14892
15074
15086
15331
15389
15417
15426
15439
15512
15530
15671
15740
15843
16016
16141
16248
16265
16297
16455
16495
16559
16590
16615
16718
16724
16880
17097
17114
17181
17189
17199
17554
17581
17678
17734
17771
17853
17982
18105
18138
18147
18220
18300
18457
18458
18623
18656
18759
19004
19088
19137
19324
19442
19593
19634
19770
19778
19788
19862
19901
19913
19958
19976
20140
20186
20273
20279
20294
20310
20330
20386
20388
20412
20527
20615
20619
20664
20787
20801
20898
20948
21029
21091
21140
21147
21170
21175
21205
21287
21348
21356
21357
21426
21553
21561
21611
21635
21636
21697
21709
21799
21881
21882
21939
22017
22026
22034
22043
22156
22307
22340
22363
22397
22398
22483
22517
22520
22529
22542
22543
22678
22837
