81
187
203
215
254
277
315
361
423
478
524
612
636
638
647
672
702
703
709
719
732
740
879
995
1294
1361
1365
1472
1475
1551
1611
1627
1683
1697
1748
1866
1927
1933
2058
2113
2115
2212
2266
2313
2340
2364
2613
2623
2718
2729
2733
2831
2851
2944
2946
2994
3036
3048
3055
3104
3179
3187
3189
3200
3214
3270
3319
3410
3429
3440
3477
3485
3498
3513
3514
3533
3621
3639
3757
3833
3848
3864
3900
3910
3915
3918
3941
3951
4007
4051
4058
4092
4094
4128
4130
4142
4146
4155
4236
4285
4378
4390
4412
4428
4431
4567
4585
4622
4643
4652
4659
4670
4677
4679
4711
4743
4751
4857
4930
5003
5005
5126
5208
5423
5558
5612
5688
5793
5821
5822
6080
6218
6341
