187
191
212
228
315
415
429
472
554
564
588
678
714
731
802
846
951
999
1019
1084
1124
1129
1196
1288
1314
1381
1407
1460
1518
1580
1595
1684
1791
1839
1872
2071
2138
2259
2344
2389
2391
2450
2459
2510
2603
2788
2803
2827
2914
2916
2930
2932
2948
2949
3007
3019
3024
3078
3133
3170
3180
3182
3230
3276
3290
3299
3364
3517
3519
3528
3533
3534
3584
3588
3608
3652
3724
3762
3769
4056
4125
4128
4136
4144
4238
4292
4347
4349
4437
4488
4574
4621
4669
4675
4862
4867
4892
4897
4907
4921
4930
4935
5075
5210
5299
5327
5429
5564
5566
5612
5722
5792
5860
5897
5955
6163
6274
6460
6541
6581
6583
6637
6665
6667
