144
228
256
386
516
657
672
865
906
1099
1107
1161
1170
1172
1256
1515
1550
1581
1588
1596
1615
1735
1825
1973
2051
2058
2160
2176
2187
2286
2440
2505
2532
2570
2579
2654
2746
2760
2799
2925
2990
3100
3108
3295
3322
3328
3343
3403
3586
3718
3754
3827
3966
4310
4595
4652
4680
4779
4817
4827
4889
4909
4921
4944
5161
5165
5282
5376
5475
5646
5686
5696
5698
5840
6241
6244
6257
6271
6273
6283
6289
6512
6529
6583
6593
6606
6717
6798
7054
7149
7156
7160
7213
7216
7297
7306
7329
7374
7386
7464
7540
7548
7557
7565
7654
7695
7720
7732
7861
7882
7890
7998
8017
8041
8052
8148
8185
8260
8306
8423
8461
8499
8564
8568
8573
8643
8746
8853
8939
8942
8991
9013
9056
9088
9218
9285
9397
9446
9502
9768
9869
10062
10115
10400
10505
10566
10953
11006
11275
11343
11425
11461
11480
11489
11554
11574
11625
11640
11654
11688
11719
11727
12008
12169
12170
12173
12190
12418
12565
12616
12825
12831
12842
12852
13017
13021
13089
13236
13322
13405
13422
13743
13770
13867
13902
14117
14121
14131
14190
14194
14311
14324
14415
14432
14594
14664
14669
14676
14722
14837
14891
15197
15214
15220
15457
15484
15577
15620
15635
15698
15744
15786
15789
15850
15931
16034
16127
16132
16166
16174
16199
16254
16259
16386
16455
16489
16564
17024
17645
17699
17786
17809
18034
18109
18156
18158
18178
18560
18694
18923
19007
19286
19646
19870
20313
20385
20657
20699
20871
20984
21172
21317
21406
21535
21582
21618
21774
21925
21968
22083
22221
22280
22389
22633
22816
22829
23077
23099
23109
23249
23413
23457
23550
23620
23686
23899
23909
23924
24186
24188
24293
24307
24387
24406
24561
24694
24735
24741
24980
25012
25020
25225
25336
25767
26073
26150
26252
26332
26446
26449
26454
26474
26494
26525
26605
26630
26658
26704
26763
26960
26961
27071
27113
27293
27315
27339
27626
27646
27876
27991
28020
28123
28129
28232
28260
28375
28499
28537
28675
28680
28859
28923
28928
29073
29093
29140
29319
29385
29427
29435
29567
29747
29994
30000
30141
30289
30359
30375
30398
30404
30501
30513
30693
30765
30787
