8
193
303
394
453
498
689
788
1079
1097
1206
1407
1713
1730
1793
1930
1948
2246
2261
2307
2465
2531
2536
2604
2691
2886
3188
3198
3205
3309
3333
3620
3621
3650
3691
3936
3970
4102
4175
4242
4259
4378
4382
4472
4544
4652
4703
4827
4969
4977
5078
5126
5165
5197
5205
5506
5653
5669
5678
5681
5724
5793
5803
5937
6003
6077
6109
6132
6150
6153
6182
6668
6806
6892
6895
6898
6901
6970
6994
7015
7068
7156
7161
7325
7443
7531
7732
7734
7762
7868
7897
8181
8371
8383
8401
8439
8729
8774
8779
8907
8970
8998
9288
9462
9481
9546
9589
9619
9771
9899
9981
9998
10032
10156
10171
10204
10354
10474
10573
10585
10612
10638
10692
10711
10725
10802
10888
10926
11000
11081
11239
11240
11259
11302
11325
11475
11482
11653
11710
11814
11874
11884
11966
12099
12124
12127
12249
12396
12481
12500
12517
12550
12658
12682
12876
13021
13246
13304
13375
13384
13510
13724
13756
13786
13920
14084
14179
14193
14298
14344
14356
14490
14527
14928
14933
14972
14985
15092
15281
15324
15328
15329
15500
15654
15699
15745
15746
15768
15775
15872
15890
15943
16012
16048
16238
16246
16334
16470
16483
16485
16603
16689
16716
16825
16855
16915
16964
17026
17038
17264
17762
17853
18226
18489
18548
18682
18908
18930
18935
18936
19401
19755
19758
19847
19888
20036
20044
20050
20057
20297
20473
20479
20500
20528
20542
20547
20777
20781
20862
20874
20946
20972
21023
21026
21044
21050
21069
21070
21098
21109
21119
21125
21277
21445
21551
21553
21630
21677
21838
