1
3
5
8
17
23
24
25
26
34
37
42
47
49
53
56
58
62
66
68
71
79
82
85
108
110
123
124
129
135
141
151
152
157
158
164
177
178
187
189
190
192
201
206
207
215
218
220
229
233
254
257
259
261
275
286
295
299
300
304
313
326
330
335
337
339
341
343
348
356
357
359
384
397
398
413
414
421
423
428
429
434
435
438
449
458
460
466
471
472
475
483
484
490
500
502
504
510
523
527
528
530
531
537
549
558
561
564
565
566
572
576
579
582
585
589
594
603
605
617
623
626
629
641
642
646
649
655
664
672
677
678
687
688
691
699
712
719
720
725
727
728
745
750
758
773
774
775
776
782
784
806
809
823
825
835
845
854
858
860
866
868
870
882
883
891
907
912
938
939
941
943
947
952
964
970
996
1005
1010
1015
1031
1034
1036
1044
1047
