2
3
5
13
18
24
31
38
57
69
79
85
86
89
97
107
113
115
129
138
140
143
152
155
157
158
160
161
166
169
170
175
177
183
184
185
188
191
195
198
202
208
214
218
221
224
227
230
241
258
260
261
272
274
278
285
288
294
301
303
307
309
321
338
340
341
343
345
363
370
382
386
390
391
399
405
411
420
421
430
431
434
436
440
442
444
446
448
453
454
458
461
462
470
472
475
480
482
484
485
487
490
493
497
500
502
506
510
532
542
544
548
554
583
587
588
589
596
600
616
621
629
630
639
640
643
644
646
649
656
661
662
663
665
666
670
672
676
677
678
685
687
691
696
705
706
716
722
737
750
756
757
764
765
766
771
779
781
782
788
801
802
809
810
812
813
815
816
820
827
828
830
832
833
835
837
850
851
852
855
858
867
869
873
878
882
883
884
887
897
902
905
907
908
912
914
921
924
925
927
931
935
937
947
952
953
961
970
981
983
984
987
989
993
995
996
1000
1001
1002
1004
1023
1024
1029
1034
1035
1036
1042
1043
1044
1051
1059
1060
1063
1066
1071
1074
1081
1083
1085
1089
1092
1096
1105
1113
1114
1115
1119
1122
1126
1133
1138
1147
1160
1166
1167
1178
1181
1188
1208
1209
1210
1215
1220
1244
1248
1259
1260
1261
1263
1265
1266
1274
1286
1289
1292
1293
1294
1295
1301
1302
1303
1308
1310
1313
1315
1316
1329
1331
1338
1344
1345
1346
1347
1355
1359
1360
1361
1364
1366
1367
1371
1373
1393
1401
1404
1419
1424
1433
1435
1438
1466
1468
1482
1506
1510
1511
1512
1513
1520
1523
1546
1562
1563
1564
1565
1569
1574
1577
1578
1589
1594
1601
1602
1604
1608
1634
1644
1649
1651
1653
1656
1659
1661
1665
1666
1667
1669
1676
1702
1703
1705
1713
1719
1722
1726
1732
1733
1734
1735
1738
1740
