1
12
13
14
27
28
47
86
90
91
92
107
109
110
111
112
117
118
120
130
131
143
150
161
163
168
178
181
190
194
196
199
200
201
202
212
216
221
232
234
238
244
252
265
271
288
301
303
311
326
327
333
341
343
345
346
349
359
363
368
369
376
379
380
381
387
388
395
399
401
402
403
404
412
415
418
429
430
442
447
454
462
463
485
498
499
502
503
530
531
534
538
548
554
569
587
594
599
601
606
611
612
620
622
624
625
626
630
640
641
644
646
652
668
669
670
679
690
691
693
698
700
718
719
721
725
735
738
767
772
773
778
779
780
788
803
812
829
839
840
842
870
879
881
894
895
899
911
927
934
936
937
950
962
983
984
989
991
1004
1005
1007
1017
1034
1040
1052
1057
1067
1069
1070
1071
1073
1102
1123
1124
1130
1169
1183
1191
1192
1198
1199
1203
1204
1208
1209
1210
1214
1222
1228
1230
1234
1250
1253
1254
1256
1266
1273
1287
1302
1311
1312
1331
1332
1341
1343
1350
1356
1361
1366
1375
1385
1386
1391
1392
1393
1397
1399
1409
1410
1413
1426
1439
1446
1450
1452
1457
1459
1460
1476
1477
1480
1493
1495
1497
