1
2
8
25
29
30
44
47
57
85
86
88
90
92
93
94
96
110
113
115
120
130
131
133
136
139
140
141
143
145
150
152
155
163
180
186
202
205
211
225
231
233
237
238
250
251
252
258
265
271
325
326
327
331
333
334
335
343
345
346
348
349
353
354
360
365
368
372
376
377
378
391
400
401
405
428
433
435
438
441
444
448
450
453
455
459
466
469
472
480
481
496
498
500
501
502
510
512
517
522
529
534
539
551
583
585
592
593
599
601
606
607
608
609
616
617
621
633
638
644
645
652
658
664
668
675
686
696
697
698
699
700
705
716
729
731
738
741
742
748
750
752
761
764
765
770
771
783
805
808
817
820
833
834
835
843
845
860
864
870
876
890
891
893
903
905
906
910
912
930
934
935
938
947
951
956
958
960
961
967
973
975
979
984
994
995
996
999
1000
1017
1022
1030
1040
1060
1062
1069
1070
1071
1079
1086
1096
1117
1125
1138
1140
1141
1148
1161
1162
1166
1169
1171
1173
1176
1178
1182
1191
1194
1198
1205
1209
1213
1220
1225
1228
1235
1238
1239
1240
1249
1250
1251
1253
1256
1269
1270
1276
1282
1286
1291
1292
1296
1297
1309
1320
1321
1322
1326
1331
1342
1358
1360
1363
1366
1377
1378
1386
1391
1392
1399
1400
1414
1417
1418
1423
1424
1430
1431
1433
1434
1439
1447
1448
1459
1467
1468
1484
1486
1489
1497
1498
1508
