25
40
57
82
86
92
107
109
110
111
112
117
118
125
130
131
133
135
190
214
221
223
235
238
240
244
257
258
267
271
303
333
341
343
345
346
349
360
363
368
369
373
380
381
387
388
391
399
402
403
428
433
438
442
459
476
477
478
480
490
499
500
530
533
538
549
553
560
594
599
601
606
611
620
622
624
625
626
630
640
641
644
645
646
652
658
667
668
669
686
723
725
737
746
748
765
784
790
840
842
870
879
881
894
911
934
945
969
991
992
1016
1030
1054
1072
1114
1117
1142
1171
1173
1191
1197
1198
1199
1203
1204
1208
1209
1214
1228
1230
1234
1250
1253
1254
1256
1266
1273
1276
1317
1327
1329
1351
1360
1364
1366
1382
1397
1399
1412
1424
1426
1441
1442
1457
1459
1466
1469
1471
1473
1476
1478
1480
1496
