3
8
9
13
26
29
41
49
63
64
68
95
101
102
104
106
109
114
123
127
130
132
135
139
140
151
159
161
165
178
183
187
191
199
200
211
215
222
224
228
235
236
237
238
239
241
245
253
255
261
278
296
298
310
317
319
321
323
325
328
330
331
333
342
350
351
354
356
365
369
375
377
379
383
386
393
408
414
416
419
425
426
440
444
447
449
450
466
469
471
474
476
481
486
488
489
492
496
517
529
548
551
554
566
577
580
581
600
601
602
604
605
607
608
614
615
617
619
620
623
625
626
627
629
631
645
646
650
653
665
674
677
681
683
690
691
699
701
720
723
726
728
729
731
736
752
763
798
812
813
815
822
827
832
836
840
846
849
854
857
859
864
872
878
879
884
892
902
912
915
920
922
926
927
931
933
934
951
955
958
961
971
975
976
979
980
981
982
984
991
1001
1006
1008
1010
1011
1020
1057
1065
1078
1079
1093
1094
1095
1096
1104
1109
1110
1127
1130
1132
1142
1151
1154
1155
1158
1167
1171
1181
1182
1185
1193
1194
1203
1205
1208
1209
1212
1223
1227
1232
1240
1242
1252
1253
1254
1256
1257
1259
1261
1262
1264
1268
1269
1272
1273
1278
1285
1286
1287
1288
1291
1298
1319
1321
1327
1328
1333
1337
1339
1340
1350
1356
1358
1367
1371
1382
1385
1386
1387
1395
1396
1406
1419
1432
1433
1436
1439
1443
1445
1449
1461
1464
1467
1468
1477
1478
1480
1481
1484
1486
1496
1500
1502
1506
1511
1512
