0
3
4
8
13
26
29
34
45
49
57
63
64
68
89
95
101
102
104
106
109
114
123
127
130
132
135
139
140
153
159
161
165
173
178
183
191
199
200
202
206
211
212
215
217
219
223
224
228
229
235
236
238
239
241
244
245
255
261
275
278
296
298
304
310
315
317
319
321
323
324
325
328
330
331
338
342
350
351
354
356
365
369
375
377
379
383
386
393
408
414
416
419
425
426
440
444
448
450
452
454
460
463
464
466
468
470
471
476
481
484
488
492
496
499
501
505
517
532
548
551
554
566
577
580
581
590
600
601
602
604
605
607
608
614
615
617
619
620
623
625
626
627
629
631
645
646
650
653
665
674
677
681
683
690
691
699
701
708
713
720
722
725
726
729
731
733
736
737
739
750
756
763
798
803
808
812
813
814
815
822
827
832
836
846
854
857
859
864
872
878
879
884
892
902
912
915
920
922
927
931
933
934
939
947
951
955
960
961
970
971
972
976
979
980
981
984
987
991
993
994
996
1000
1001
1008
1011
1020
1057
1078
1079
1087
1093
1094
1095
1096
1104
1105
1110
1121
1127
1130
1132
1137
1142
1151
1154
1158
1167
1171
1181
1182
1185
1193
1194
1203
1205
1208
1209
1212
1223
1240
1242
1253
1254
1256
1257
1259
1261
1262
1264
1268
1269
1272
1273
1278
1285
1286
1287
1288
1291
1294
1298
1319
1320
1321
1324
1327
1328
1337
1339
1340
1350
1356
1367
1371
1382
1385
1386
1387
1393
1395
1397
1402
1419
1427
1432
1438
1440
1443
1447
1448
1449
1450
1455
1461
1463
1464
1477
1478
1480
1481
1485
1496
1500
1502
1506
1511
1512
