0
27
46
47
52
53
54
56
58
61
77
78
79
80
86
92
93
100
102
103
110
114
119
140
146
150
153
166
167
168
172
177
182
184
187
188
191
205
206
211
214
215
216
219
224
233
235
238
241
242
245
251
263
282
289
294
295
300
307
309
310
317
319
320
321
323
325
327
328
329
331
334
339
341
342
346
347
348
363
365
368
375
378
385
389
393
407
410
423
426
428
430
436
437
439
445
450
463
465
467
471
473
474
476
492
496
497
502
503
504
514
517
518
531
549
555
557
559
560
561
562
566
567
571
574
576
587
588
596
597
599
601
607
615
617
618
622
627
631
633
635
644
646
649
650
651
654
666
668
677
678
685
686
691
700
711
713
716
719
721
722
723
726
728
736
739
744
745
746
749
750
776
780
785
800
808
813
821
823
824
833
834
837
844
847
848
849
850
856
857
860
864
866
867
875
879
883
884
887
894
909
912
934
944
948
951
958
960
961
967
985
996
1000
1003
1006
1009
1017
1019
1050
1057
1061
1062
1069
1070
1088
1090
1091
1093
1103
1105
1106
1113
1114
1115
1116
1127
1132
1135
1137
1142
1147
1153
1154
1156
1168
1172
1175
1176
1178
1179
1181
1187
1191
1194
1196
1202
1203
1209
1212
1220
1226
1233
1235
1252
1257
1258
1259
1261
1264
1265
1270
1274
1278
1281
1282
1288
1292
1300
1307
1308
1313
1319
1322
1324
1333
1334
1340
1345
1350
1355
1367
1371
1379
1380
1396
1399
1400
1401
1403
1405
1409
1411
1416
1427
1428
1429
1432
1437
1442
1444
1447
1451
1452
1453
1457
1464
1466
1477
1478
1479
1480
1485
1487
1488
1489
1491
1494
1498
1500
1504
1509
1510
1512
