0
4
34
41
44
46
49
63
64
89
101
104
106
111
112
119
122
138
139
140
145
146
147
149
159
167
168
170
179
183
187
193
200
204
209
211
215
222
224
225
228
248
255
296
310
319
320
321
323
325
328
332
338
342
345
350
351
354
355
356
357
360
370
386
387
389
406
409
410
426
430
431
434
440
444
446
454
466
482
494
496
497
503
506
509
521
553
554
566
569
576
577
597
601
602
603
604
605
607
613
614
616
617
618
623
629
632
635
636
637
646
649
654
655
667
670
701
705
707
713
714
719
720
725
740
742
748
750
791
812
813
815
822
826
831
834
836
837
845
847
856
863
887
896
898
899
901
907
911
915
916
919
920
944
946
949
950
951
965
968
969
971
976
978
982
985
990
997
1005
1014
1019
1074
1086
1096
1103
1108
1109
1126
1129
1135
1136
1149
1151
1153
1164
1173
1187
1192
1193
1194
1199
1200
1203
1218
1219
1220
1229
1247
1250
1258
1261
1262
1265
1269
1274
1284
1285
1286
1288
1290
1299
1308
1316
1319
1323
1336
1349
1354
1369
1377
1379
1382
1384
1395
1397
1398
1403
1416
1424
1425
1430
1438
1439
1440
1442
1449
1450
1452
1458
1463
1465
1483
1485
1486
1497
1499
1508
