29
36
38
45
57
58
62
76
84
85
88
89
91
93
94
96
98
101
103
104
112
122
125
126
127
128
132
134
138
139
146
151
152
157
160
169
174
176
177
180
181
182
189
196
197
203
204
205
206
209
210
213
214
216
219
238
262
265
269
274
276
282
289
290
291
293
294
297
299
300
302
311
313
318
321
323
328
331
342
344
348
355
356
359
370
374
375
378
379
383
391
392
401
402
406
407
408
410
424
428
433
435
437
443
444
445
449
453
458
483
492
504
515
517
523
524
527
528
534
542
543
546
549
551
552
553
557
558
560
562
563
567
568
573
575
576
577
579
585
586
589
590
592
596
597
605
606
610
612
613
622
624
632
650
652
654
656
657
658
659
660
666
668
669
678
680
681
698
719
724
732
740
745
748
750
754
757
758
762
766
767
768
777
781
785
792
795
797
799
800
802
803
804
805
809
810
813
814
819
822
825
829
830
831
835
836
837
845
856
857
860
862
863
864
866
867
878
879
882
883
885
887
893
907
908
935
956
958
962
971
984
985
986
987
990
994
996
1011
1013
1016
1022
1026
1027
1036
1037
1039
1040
1048
1051
1056
1059
1062
1066
1068
1075
1076
1079
1080
1084
1086
1089
1090
1094
1096
1099
1100
1101
1107
1110
1112
1113
1116
1118
1130
1131
1133
1135
1136
1137
1138
1139
1145
1146
1149
1150
1153
1154
1159
1161
1163
1164
1165
1167
1187
1188
1189
1191
1193
1196
1197
1202
1207
1209
1212
1213
1218
1221
1225
1229
1234
1238
1240
1245
1246
1248
1249
1252
1253
1255
1261
1262
1272
1291
1297
1302
1304
1308
1321
1322
1325
1330
1332
1335
1339
1353
1358
1361
1363
1370
1372
1409
1411
1451
1463
1490
1499
1547
1575
1576
1581
1591
1608
1625
1629
1631
1634
1640
1644
1650
1651
1657
1660
1662
1708
1710
1711
1774
1781
1787
1796
1807
1814
1822
1838
1854
1874
1892
1901
1902
1936
1940
1976
1986
2037
2048
2097
2112
2115
2142
2143
2149
2157
2174
2186
2187
2199
2200
2204
2207
2216
2217
2222
2223
2224
2277
2278
2283
2334
2340
2356
2362
2380
2390
2406
2419
2420
2458
2468
2469
2470
