10
16
18
31
34
43
45
52
54
57
60
68
76
80
81
82
83
96
111
112
114
115
118
121
130
132
140
143
151
155
156
159
162
165
166
168
169
172
181
187
194
198
206
216
219
221
224
241
243
247
248
262
266
267
275
276
282
287
297
311
314
315
318
330
343
371
379
382
384
386
393
394
396
401
405
407
411
414
418
419
420
424
426
429
440
445
449
450
451
455
458
469
479
484
488
490
493
495
497
506
507
512
513
514
516
528
529
533
543
547
560
564
572
577
582
596
597
605
610
611
615
627
629
639
641
647
648
650
658
659
662
664
665
670
693
696
713
718
734
737
743
744
752
766
785
798
801
803
819
823
825
826
827
829
832
836
843
845
852
853
856
860
866
873
874
876
887
888
890
898
911
932
937
939
952
962
967
975
977
980
985
988
993
996
997
999
1010
1027
1047
1052
1056
1060
1065
1067
1070
1071
1078
1079
1085
1098
1108
1119
1134
1161
1165
1179
1188
1202
1207
1209
1210
1219
1221
1223
1224
1235
1244
1249
1254
1256
1258
1261
1277
1285
1287
1293
1296
1299
1300
1302
1307
1308
1316
1322
1330
1331
1332
1333
1336
1340
1341
1347
1348
1351
1353
1425
1434
1435
1439
1450
1454
1467
1515
1528
1529
1531
1532
1534
1536
1586
1587
1593
1598
1608
1614
1624
1625
1640
1643
1677
1678
1688
1700
1701
1729
1744
1752
1754
1755
1765
1770
1781
1783
1786
1803
1807
1819
1836
1862
1878
1882
1902
1904
1910
1921
1922
1923
1924
1930
1934
1935
1942
1944
1950
2022
2023
2032
2036
2048
2049
2063
2108
2124
2125
2128
2129
2132
2133
2183
2184
2188
2194
2202
2211
2219
2221
2234
2236
2241
2274
2286
2296
2298
2322
2347
2348
2349
2350
2363
2365
2367
2378
2383
2400
2404
2417
2430
2457
2472
2479
2497
2498
2507
2508
2516
2518
2519
2528
2531
2532
2539
2543
