24
29
49
56
67
70
75
83
96
146
154
157
159
161
162
167
175
176
183
189
191
192
204
211
212
227
228
234
242
248
260
268
269
286
289
315
317
330
335
344
365
380
383
430
508
621
623
625
630
631
632
638
642
673
751
756
757
761
809
876
903
919
920
961
999
1015
1028
1032
1043
1046
1057
1093
1094
1104
1112
1114
1132
1142
1162
1195
1197
1211
1213
1227
1228
1231
1236
1242
1244
1253
1296
1307
1308
1311
1336
1343
1377
1386
1389
1403
1407
1413
1414
1420
1421
1423
1425
1426
1430
1433
1438
1440
1441
1442
1443
1444
1445
1451
1458
1475
1476
1490
