4
6
37
65
73
91
93
95
133
141
153
159
160
164
198
237
243
247
250
251
275
277
288
295
316
328
330
334
373
375
388
414
485
487
494
496
505
508
515
523
550
551
552
557
575
581
586
588
602
612
625
626
627
650
655
656
659
662
667
669
674
679
683
689
692
694
702
704
714
722
743
749
752
770
785
793
801
808
814
836
852
864
869
874
875
883
890
907
912
932
933
935
938
965
970
986
989
999
1000
1001
1013
1018
1076
1082
1086
1089
1093
1097
1099
1108
1126
1145
1147
1154
1161
1164
1182
1187
1194
1198
1200
1219
1229
1234
1238
1240
1249
1275
1276
1284
1287
1295
1297
1303
1306
1309
1310
1313
1377
1391
1402
1405
1406
1429
1472
1473
1499
1502
1602
1620
1650
1656
1657
1687
1689
1691
1692
1695
1703
1782
1810
1818
1836
1849
1868
1890
1916
2004
2021
2037
2038
2059
2072
2103
2104
2143
2144
2235
2259
2276
2289
2290
2307
2309
2319
2323
2328
2334
2415
2451
2453
2469
2480
2501
2521
2556
