11
12
15
16
24
32
35
37
47
48
51
55
93
105
118
126
132
139
140
149
155
163
164
184
197
198
199
221
224
225
226
230
231
233
238
240
242
247
262
272
278
292
304
320
322
337
338
340
341
342
343
344
349
362
363
369
378
384
392
395
400
401
402
406
413
414
421
422
434
435
449
454
472
474
479
482
483
486
491
493
497
516
519
524
528
529
537
538
549
553
555
558
561
562
573
574
575
576
578
579
580
581
584
589
591
592
602
604
617
620
626
628
630
632
640
642
664
665
667
670
672
682
692
693
694
696
698
702
703
705
706
708
709
711
722
735
745
747
760
763
776
778
779
783
784
786
787
788
807
808
810
816
821
846
848
874
876
886
891
892
893
895
897
907
917
926
929
931
933
935
936
938
939
941
945
946
982
998
1018
1021
1029
1035
1036
1037
1038
1049
1055
1060
1064
1070
1083
1085
1086
1087
1095
1096
1099
1100
1101
1111
1117
1133
1143
1161
1167
1176
1191
1194
1195
1201
1207
1214
1218
1221
1223
1231
1235
1237
1238
1239
1241
1244
1247
1253
1266
1267
1270
1280
1286
1287
1289
1319
1321
1324
1336
1343
1345
1346
1348
1349
1353
1364
1373
1374
1376
1378
1379
1385
1399
1400
1402
1405
1426
1428
1438
1445
1474
1483
