0
1
2
4
8
9
19
41
42
45
78
80
83
102
110
116
123
124
152
165
166
175
176
177
189
190
194
197
199
205
206
216
217
219
226
233
241
242
246
250
253
260
261
272
274
278
281
287
289
296
298
304
305
307
308
309
310
311
314
327
328
334
341
342
343
350
356
357
359
361
363
366
373
374
381
382
393
394
406
411
415
425
426
427
431
432
435
436
439
445
446
450
466
476
484
485
490
495
498
501
502
503
504
507
508
515
519
522
523
528
531
533
535
541
547
551
559
565
571
581
599
600
602
605
607
614
625
627
631
632
634
635
637
638
660
661
672
693
707
725
726
733
738
742
743
746
752
759
761
776
777
789
792
800
801
806
810
817
827
836
838
842
843
845
846
848
852
853
868
887
903
906
923
931
937
938
939
940
945
951
957
959
962
970
984
986
994
995
998
999
1000
1007
1010
1016
1031
1032
1037
1052
1054
1062
1063
1069
1070
1082
1085
1086
1092
1098
1100
1105
1109
1110
1123
1124
1128
1131
1134
1136
1139
1142
1144
1146
1169
1172
1175
1193
1198
1201
1202
1212
1213
1215
1220
1226
1230
1232
1234
1236
1239
1240
1242
1245
1250
1251
1256
1263
1267
1268
1270
1291
1293
1302
1316
1322
1332
1341
1345
1348
1349
1350
1355
1356
1377
1397
1406
1412
1428
1429
1430
1435
1438
1465
1477
1480
1481
1485
1487
1496
1507
1521
1545
1546
1558
1559
1562
1563
1571
1575
1576
1597
1599
1628
1635
1651
1709
1710
1720
1721
1724
1735
1737
1738
1745
1783
1787
1800
1804
1807
1811
1817
1821
1822
1832
1850
1852
1878
1883
1891
1892
1899
1918
1921
1941
1943
1953
1971
1974
1975
1985
1994
1996
2001
2031
2045
2046
2052
2109
2110
2124
2126
2127
2129
2137
2141
2147
2187
2192
2202
2214
2216
2227
2232
2235
2266
2273
2286
2288
2290
2298
2304
2309
2349
2351
2359
2369
2370
2372
2375
2382
2385
2386
2387
2388
2446
2448
2450
2456
2458
2460
2465
