1
5
11
41
66
84
97
100
137
144
165
292
385
394
399
495
506
511
864
897
1081
1210
1329
1366
1367
1376
1384
1423
1525
1526
1550
1667
1669
1670
1671
1680
1681
1684
1686
1719
1850
1851
1947
1950
1952
1959
1966
1984
2090
2102
2128
2150
2201
2212
2213
2216
2222
2223
2232
2450
2451
2514
2518
2522
2546
2547
2755
2757
2819
3050
3051
3461
3465
3739
3743
3986
4141
4268
4276
4346
4439
4521
4571
4577
4638
4872
4873
4874
4875
4878
4886
4887
5167
5170
5172
5173
5174
5175
5176
5177
5178
5180
5184
5186
5190
5454
5455
5459
5462
5466
5468
5477
5478
5765
5784
5794
6019
6074
6308
6374
6379
6654
6666
6667
6930
6934
7189
7198
7201
7207
7210
7212
7216
7462
7476
7488
7494
7498
7741
7775
7786
8014
8542
8545
8562
8844
8848
9052
9054
9069
9273
9277
9286
9289
9451
9506
9509
9510
9519
9582
9584
9673
9690
9743
9756
9828
9869
9919
10016
10020
10025
10107
10177
10184
10244
10258
10263
10295
10307
10346
10378
10381
10411
10412
10494
10498
10528
10529
10555
10850
10892
10938
10968
10989
11019
11039
11087
11089
11093
11150
11151
11152
11211
11258
11317
11438
11478
11536
11549
11656
11704
11730
11744
11746
11749
11758
11781
11782
