0
1
2
3
5
6
7
8
9
12
14
17
20
21
27
28
30
41
42
43
49
51
52
59
73
74
80
90
101
105
116
186
226
251
262
288
289
290
293
295
299
301
304
307
309
312
315
318
319
321
322
324
328
338
351
366
377
398
411
422
436
451
455
456
458
459
463
469
470
471
472
475
478
479
483
485
486
502
509
540
553
557
562
568
573
578
579
580
581
582
583
585
586
588
589
596
597
598
601
603
605
606
607
617
618
632
642
652
666
682
690
691
698
706
714
722
723
738
739
740
748
749
787
794
795
803
817
827
832
835
836
837
838
841
843
846
847
848
851
852
853
854
855
856
870
943
953
968
969
981
991
1005
1018
1034
1073
1074
1076
1102
1107
1112
1116
1120
1125
1130
1231
1239
1287
1294
1425
1435
1440
1449
1463
1464
1465
1466
1617
1639
1640
1647
1648
1650
1766
1769
1811
1812
1819
1826
1832
1836
1837
1838
2063
2107
2117
2119
2122
2130
2131
2139
2140
2146
2152
2153
2154
2157
2158
2159
2163
2167
2444
2446
2454
2462
2468
2475
2481
2483
2486
2487
2488
2489
2661
2663
2673
2699
2709
2714
2718
2722
2728
2868
2893
3217
3395
3488
3598
3608
3613
3678
3743
3753
3756
3759
3792
3827
3881
3900
3912
3984
4272
4290
4323
4415
4435
4438
4466
4468
4605
4619
4620
4728
4732
4750
4880
4896
4906
4909
4911
5051
5068
5084
5085
5086
5269
5270
5271
5372
5384
5385
5393
5394
5401
5403
5404
5408
5412
5413
5417
5419
5421
5422
5425
5428
5429
5436
