3
5
6
8
9
33
49
65
67
68
69
73
74
75
78
81
162
191
192
204
217
218
220
222
223
224
225
229
239
240
243
252
253
255
256
258
259
269
278
284
310
311
327
329
331
357
358
367
400
402
406
426
428
430
431
443
459
476
478
479
517
527
551
571
578
579
596
598
599
600
601
602
603
616
625
628
631
632
640
641
647
650
654
685
688
700
701
719
720
734
741
751
760
762
788
789
796
801
811
812
813
824
825
826
827
828
829
833
842
843
844
846
868
875
876
892
896
897
906
907
908
909
910
921
925
926
946
949
951
961
1010
1016
1024
1033
1041
1054
1055
1056
1057
1061
1087
1096
1103
1168
1188
1199
1211
1212
1213
1215
1233
1234
1243
1245
1255
1259
1263
1285
1289
1292
1316
1336
1348
1362
1404
1412
1413
1417
1429
1430
1431
1432
1434
1453
1457
1465
1474
1475
1476
1482
1483
1484
1487
1505
1506
1507
1508
1509
1510
1513
1526
1547
1602
1603
1604
1605
1606
1607
1667
1668
1678
1715
1725
1739
1740
1748
1776
1779
1781
1782
1783
1784
1807
1808
1809
1810
1811
1812
1821
1822
1835
1846
1865
1870
1883
1884
1885
1886
1887
1888
1894
1902
1903
1904
1905
1912
1913
1927
1945
1953
1954
1955
1972
1973
1976
1981
1982
1983
2013
2015
2020
2038
2051
2052
2053
2055
2079
2108
2109
2117
2118
2123
2124
2129
2130
2131
2139
2140
2163
2164
2189
2191
2216
2220
2221
2261
2263
2265
2268
2269
2270
2320
2322
2323
2324
2325
2334
2335
2338
2347
2355
2428
2431
2432
2433
2434
2455
2456
2463
2469
2482
2483
2484
2503
2504
2505
2510
2531
2563
2577
2602
2604
2623
2624
2625
2626
2630
2639
2641
2652
2654
2664
2666
2674
2676
2714
2716
2730
2731
2753
2754
2793
2794
2795
2810
2828
2829
2831
2838
2845
2875
2879
2886
2908
2914
2923
2938
2959
2984
2992
3007
3011
3012
3056
3057
3058
3059
3063
3091
3092
3109
3114
3118
3137
3140
3143
3144
3149
3158
3164
3165
3166
3180
3205
3208
3210
3211
3212
3213
3214
3219
3234
3242
3243
3252
3264
3265
3299
3327
3346
3363
3365
3373
3375
3376
3391
3399
3404
3412
3430
3435
3438
3488
3497
3515
3517
3518
3543
3548
3550
3552
3585
3589
3596
3608
3609
3610
3612
3613
3619
3620
3629
3630
3653
3658
3662
3675
3684
3687
3694
3730
3740
3741
3760
3761
3762
3772
3773
3790
3801
3802
3804
3806
3809
3818
3833
3836
3841
3842
3843
3848
3851
3864
3879
3884
3924
3939
3942
3963
3976
3979
3982
3988
3995
3996
4057
4070
4098
4099
4113
4124
4137
4138
4139
4140
4155
4163
4200
4202
4203
4206
4208
4209
4225
4229
4230
4235
4247
4249
4250
4251
4258
4266
4284
4285
4286
4298
4299
4301
4349
4359
4361
4362
4365
4366
4372
4381
4383
4392
4393
4394
4421
4434
4435
4436
4438
4465
4512
4521
4522
4532
4538
4546
4547
4553
4571
4588
4589
4614
4615
4616
4620
4622
4645
4647
4648
4650
4668
4672
4675
4676
4677
4691
4693
4705
4707
4709
4719
4723
4762
4786
4790
4792
4801
4804
4805
4807
4816
4817
4826
4831
4842
4930
4933
4934
4937
4967
4968
4969
4987
4992
4995
5014
5017
5051
5057
5071
5078
5108
5110
5119
5120
5121
5129
5133
5155
5156
5190
5201
5202
5204
5213
5214
5216
5234
5244
5254
5255
5267
5270
5282
5291
5293
5295
5320
5321
5327
5342
5345
5346
5347
5349
5358
5364
5377
5398
5408
5411
5447
5464
5466
5467
5469
5470
5471
5472
5473
5498
5514
5518
5520
5528
5550
5552
5568
5581
5582
5585
5595
5596
5602
5608
5634
5635
5641
5643
5647
5652
5686
5709
5711
5730
5749
5754
5760
5761
5762
5777
5778
5779
5790
5807
5814
5821
5823
5832
5838
5844
5856
5858
5859
5864
5865
5866
5897
5917
5918
5923
5924
5929
5974
5978
5979
5982
5983
6016
6047
6065
6090
6108
6112
6146
6147
6148
6153
6174
6175
6177
6179
6180
6182
6190
6209
6210
6231
6232
6243
6248
6249
6312
6320
6321
6323
6324
6326
6332
6333
6347
6350
6358
6359
6362
6382
6383
6384
6391
6392
6395
6399
6403
6406
6407
6445
6450
6452
6461
6462
6463
6466
6467
6476
6494
6498
6507
6508
6520
6523
6524
6560
6578
6583
6584
6585
6606
6607
6612
6639
6656
6657
6658
6661
6662
6663
6664
6667
6674
6690
6691
6692
6697
6699
6727
6728
6758
6759
6761
6785
6788
6809
6810
6826
6827
6831
6832
6833
6875
6876
6880
6883
6943
6955
6965
6972
6973
7002
7003
7006
7018
7069
7084
7085
7105
7117
7119
7120
7121
7122
7128
7129
7142
7147
7165
7169
7184
7195
7196
7197
7215
7216
7217
7220
7250
7261
7282
7284
7295
7304
7360
7365
7375
7384
7397
7399
7400
7406
7420
7433
7437
7456
7458
7475
7507
7521
7523
7529
7540
7553
7554
7582
7598
7615
7619
7624
7628
7630
7653
7659
7660
7670
7672
7689
7691
7698
7707
7712
7716
7718
7719
7720
7734
7740
7747
7754
7764
7769
7779
7781
7785
7793
7794
7801
7802
7803
7807
7835
7838
7839
7848
7864
7876
7877
7889
7899
7904
7922
7942
7950
7951
7953
7975
7994
8008
8015
8018
8026
8032
8033
8034
8035
8036
8039
8047
8048
8053
8054
8055
8107
8127
8131
8132
8133
8134
8148
8163
8168
8179
8187
8189
8193
8215
8218
8220
8241
8246
8273
8290
8300
8302
8304
8305
8307
8313
8350
8351
8399
8408
8409
8410
8416
8417
8419
8452
8457
8458
8460
8488
8502
8564
8576
8579
8626
8639
8640
8658
8670
8674
8675
8676
8678
8697
8702
8703
8724
8725
8726
8738
8740
8746
8790
8791
8798
8799
8809
8811
8821
8824
8834
8849
8881
8887
8888
8891
8892
8893
8897
8898
8909
8944
8951
8953
8963
8964
8971
8983
8986
9002
9017
9057
9058
9059
9067
9068
9083
9095
9105
9114
9118
9122
9129
9131
9149
9151
9152
9178
9182
9198
9210
9211
9217
9220
9229
9235
9237
9251
9264
9265
9274
9281
9285
9293
9297
9324
9325
9346
9350
9351
9355
9357
9360
9362
9367
9369
9375
9379
9405
9410
9423
9437
9438
9463
9486
9487
9495
9499
9501
9502
9509
9514
9516
9519
9520
9521
9529
9533
9535
9545
9581
9587
9604
9608
9609
9611
9612
9619
9621
9627
9634
9652
9653
9670
9679
9684
9697
9717
9723
9728
9729
9733
9738
9739
9758
9760
9761
9764
9765
9766
9778
9784
9790
9791
9800
9802
9815
9820
9828
9836
9842
9843
9852
9888
9889
9894
9901
9902
9904
9916
9921
9928
9934
9936
9943
9945
9963
9970
9975
10012
10016
10019
10030
10034
10035
10041
10076
10079
10095
10096
10101
10106
10116
10117
10134
10138
10142
10143
10144
10145
10165
10166
10177
10196
10197
10202
10203
10204
10227
10240
10241
10242
10245
10255
10256
10259
10270
10285
10289
10295
10297
10306
10325
10332
10366
10375
10377
10382
10390
10405
10408
10413
10430
10431
10445
10446
10455
10456
10465
10469
10480
10484
10486
10487
10488
10495
10496
10501
10502
10503
10519
10532
10538
10547
10550
10551
10553
10560
10568
10569
10580
10581
10586
10590
10591
10592
10603
10613
10618
10619
10622
10623
10634
10635
10638
10639
10641
10649
10654
10662
10666
10682
10686
10690
10692
10696
10712
10730
10731
10743
10751
10755
10764
10768
10784
10793
10796
10799
10808
10824
10830
10838
10839
10855
10857
10858
10862
10866
10873
10880
10889
10902
10910
10918
10919
10938
10945
10956
10957
10970
11001
11038
11045
11049
11051
11065
11072
11075
11081
11088
11105
11111
11130
11149
11151
11154
11178
11184
11197
11198
11222
11230
11236
11277
11278
11280
11288
11298
11303
11312
11343
11371
11377
11391
11396
11414
11416
11418
11431
11435
11436
11442
11456
11461
11479
11480
11484
11527
11529
11557
11570
11591
