12
25
70
76
159
234
251
308
360
366
382
387
442
534
568
670
737
760
869
873
903
914
923
943
945
1020
1024
1067
1094
1165
1172
1175
1214
1218
1242
1243
1250
1252
1256
1257
1258
1261
1262
1273
1319
1325
1334
1402
1403
1472
1494
1496
1504
1507
1517
1518
1532
1536
1551
1571
1572
1574
1588
1610
1611
1645
1654
1656
1658
1659
1660
1687
1695
1696
1697
1705
1714
1715
1716
1720
1725
1726
1730
1733
1735
1754
1757
1758
1760
1761
1762
1770
1771
1772
1781
1787
1794
1798
1803
1810
1821
1825
1830
1834
1839
1865
1866
1867
1870
1884
1888
1894
1895
1900
1919
1925
1927
1932
1934
1935
1938
1943
1945
1947
1948
1950
1953
1956
1959
2010
2016
2023
2024
2100
2110
2124
2125
2132
2137
2138
2149
2153
2154
2158
2160
2164
2167
2173
2174
2180
2195
2203
2204
2214
2237
2239
2241
2246
2266
2275
2280
2282
2284
2285
2287
2292
2294
2301
2302
2331
2332
2334
2342
2380
2381
2382
2383
2384
2416
2432
2433
2435
2437
2439
2449
2450
2478
2481
2488
2500
2501
2502
2505
2507
2512
2513
2525
2534
2535
2539
2543
2545
2546
2547
2548
2556
2567
2569
2577
2579
2580
2623
2629
2631
2632
2633
2636
2641
2642
2643
2647
2649
2654
2656
2663
2664
2665
2670
2671
2675
2677
2678
2679
2683
2685
2687
2692
2698
2700
2720
2723
2724
2733
2748
2761
2776
2787
2788
2790
2792
2793
2794
2803
2804
2805
2806
2807
2808
2809
2816
2830
2878
2952
2983
2984
2985
3050
3102
3181
3188
3194
3195
3201
3202
3207
3209
3225
3234
3235
3253
3268
3269
3279
3283
3285
3287
3296
3297
3298
3299
3300
3301
3302
3303
3305
3365
3368
3377
3378
3379
3381
3383
3389
3390
3391
3395
3405
3419
3420
3426
3427
3428
3430
3432
3457
3493
3530
3532
3578
3594
3597
3608
3622
3631
3636
3643
3646
3651
3652
3656
3657
3660
3661
3663
3665
3666
3682
3695
3696
3707
3729
3731
3747
3748
3751
3752
3753
3754
3762
3764
3766
3767
3768
3769
3770
3771
3773
3775
3784
3787
3788
3789
3791
3792
3869
3875
3912
3921
4020
4029
4035
4047
4052
4054
4148
4157
4165
4171
4172
4173
4174
4175
4178
4179
4183
4189
4191
4197
4209
4211
4233
4234
4250
4251
4255
4261
4270
4272
4275
4325
4389
4411
4412
4413
4419
4440
4441
4471
4478
4482
4544
4548
4550
4556
4559
4565
4566
4574
4576
4597
4601
4602
4604
4611
4613
4615
4617
4619
4621
4622
4626
4627
4631
4634
4636
4657
4663
4666
4681
4683
4688
4697
4699
4702
4703
4705
4708
4711
4739
4770
4773
4777
4779
4780
4783
4824
4827
4829
4831
4833
4839
4840
4841
4845
4848
4852
4853
4869
4872
4875
4877
4880
4883
4888
4889
4891
4892
4893
4894
4895
4928
4942
4945
5008
5010
5034
5038
5039
5040
5042
5043
5051
5053
5064
5065
5067
5069
5111
5113
5138
5141
5142
5144
5149
5190
5209
5214
5218
5219
5241
5265
5266
5286
5298
5300
5301
5302
5315
5402
5411
5415
5416
5421
5438
5439
5442
5454
5466
5469
5470
5479
5483
5485
5487
5488
5489
5492
5508
5509
5513
5515
5517
5544
5546
5554
5555
5566
5601
5602
5614
5636
5643
5682
5687
5720
5723
5725
5738
5739
5740
5744
5746
5768
5775
5842
5843
5967
5982
6018
6023
6032
6057
6095
6096
6097
6098
6099
6101
6102
6103
6105
6106
6108
6118
6122
6124
6125
6126
6127
6129
6130
6136
6140
6142
6193
6196
6198
6211
6233
6254
6255
6256
6278
6280
6297
6300
6306
6308
6310
6314
6315
6316
6317
6318
6319
6320
6322
6325
6326
6333
6334
6353
6354
6358
6364
6365
6372
6374
6381
6384
6385
6395
6398
6401
6406
6417
6455
6457
6462
6464
6466
6467
6468
6470
6472
6474
6476
6477
6489
6494
6496
6497
6501
6503
6504
6505
6507
6509
6528
6533
6536
6537
6564
6565
6567
6568
6614
6615
6706
6710
6711
6716
6718
6738
6739
6742
6750
6753
6786
6799
6801
6810
6812
6822
6860
6861
6862
6865
6867
6869
6871
6872
6926
6944
6945
6949
6951
6957
6961
6972
6974
6982
7032
7033
7034
7073
7075
7081
7085
7087
7088
7091
7097
7101
7104
7113
7114
7121
7122
7123
7138
7151
7152
7159
7165
7205
7211
7219
7221
7229
7234
7239
7242
7244
7250
7252
7253
7255
7261
7268
7281
7293
7301
7313
7317
7528
7554
7585
7649
7680
7698
7720
7722
7740
7746
7753
7769
7783
7798
7875
7888
7890
7896
7899
7906
7907
7908
7945
7949
7951
7977
7979
7981
7982
7983
7988
8004
8006
8008
8010
8024
8026
8030
8035
8041
8042
8076
8083
8091
8093
8096
8097
8107
8120
8121
8128
8129
8132
8135
8141
8158
8163
8188
8222
8225
8259
8261
8262
8267
8270
8271
8272
8354
8356
8379
8386
8389
8395
8399
8417
8423
8444
8446
8447
8448
8468
8469
8510
8524
8526
8540
8556
8640
8644
8646
8648
8672
8691
8692
8698
8725
8740
8748
8752
8760
8763
8769
8770
8781
8796
8799
8807
8816
8818
8821
8823
8824
8832
8835
8839
8848
8853
8854
8858
8870
8905
8914
8931
8954
8957
8958
8959
8960
8976
8981
8983
8984
8989
9015
9026
9044
9053
9063
9067
9068
9076
9082
9083
9085
9086
9087
9088
9091
9107
9116
9122
9123
9129
9166
9188
9212
9213
9230
9237
9238
9239
9245
9258
9259
9268
9281
9282
9283
9285
9296
9298
9304
9311
9318
9320
9322
9331
9333
9345
9350
9352
9353
9359
9361
9362
9368
9371
9374
9398
9399
9402
9410
9451
9452
9511
9512
9514
9517
9530
9531
9532
9539
9553
9554
9556
9569
9573
9574
9575
9610
9619
9626
9627
9632
9641
9647
9649
9686
9687
9690
9691
9698
9721
9722
9723
9724
9727
9728
9729
9731
9737
9739
9742
9744
