0
1
3
4
5
6
20
21
39
40
45
46
63
66
67
68
70
71
94
99
102
103
105
129
139
175
176
179
183
227
254
257
289
292
294
298
305
324
333
334
336
337
339
340
366
371
377
403
412
421
422
440
441
447
449
455
463
467
470
479
485
507
540
566
593
604
605
609
610
611
656
672
673
725
747
840
847
923
925
926
927
928
929
930
933
935
936
959
962
963
964
965
1020
1050
1058
1103
1112
1134
1167
1169
1170
1177
1178
1179
1187
1189
1199
1203
1229
1231
1235
1250
1252
1253
1259
1266
1280
1284
1311
1316
1319
1321
1374
1381
1382
1454
1459
1468
1469
1470
1473
1474
1503
1577
1579
1590
1608
1613
1620
1621
1622
1638
1642
1644
1678
1679
1680
1682
1685
1686
1690
1691
1727
1728
1732
1735
1736
1757
1785
1790
1792
1793
1794
1795
1826
1829
1835
1855
1895
1899
1915
1916
1919
1946
1955
1975
1976
1977
1978
1983
1997
1998
2067
2099
2101
2103
2132
2146
2149
2150
2152
2153
2155
2166
2168
2182
2193
2205
2268
2275
2279
2281
2308
2312
2319
2332
2333
2341
2363
2375
2381
2391
2398
2456
2458
2504
2533
2534
2535
2536
2573
2604
2605
2612
2617
2627
2685
2693
2716
2717
2719
2743
2760
2761
2765
2779
2792
2804
2805
2809
2814
2823
2832
2833
2840
2842
2846
2848
2856
2872
2891
2902
2916
2940
2941
2942
2952
2972
3006
3021
3072
3083
3084
3103
3104
3105
3107
3111
3130
3131
3141
3153
3164
3172
3174
3180
3206
3211
3228
3230
3246
3261
3264
3338
3378
3387
3393
3425
3433
3436
3465
3466
3474
3475
3478
3484
3499
3592
3600
3635
3682
3696
3707
3715
3716
3717
3729
3743
3765
3766
3799
3818
3820
3850
3889
3900
3949
3957
3958
3959
3960
3961
3968
4015
4034
4036
4097
4173
4190
4232
4244
4261
4272
4281
4284
4290
4304
4311
4352
4354
4364
4390
4391
4425
4447
4465
4478
4479
4525
4605
4640
4652
4655
4662
4663
4684
4694
4707
4763
4768
4802
4826
4827
4852
4854
4871
4874
4879
4950
4958
4959
4962
4964
4966
4983
4992
4994
5027
5050
5055
5059
5063
5082
5097
5102
5232
5237
5238
5244
5246
5267
5273
5301
5306
5321
5329
5333
5340
5346
5357
5364
5419
5439
5514
5516
5517
5527
5572
5573
5585
5596
5616
5624
5630
5633
5678
5679
5684
5686
5691
5694
5703
5706
5730
5738
5779
5783
5797
5804
5832
5837
5857
5868
5874
5887
5889
5895
5896
5897
5919
5940
5948
5949
5950
5952
5955
5960
5962
5964
5965
5966
5971
5974
5975
6015
6024
6025
6027
6054
6078
6128
6130
6147
6154
6158
6196
6228
6237
6240
6246
6249
6250
6251
6252
6260
6296
6320
6356
6360
6415
6425
6431
6478
6510
6515
6535
6542
6543
6550
6563
6578
6579
6581
6583
6584
6585
6611
6618
6632
6710
6711
6726
6727
6728
6781
6784
6785
6789
6790
6791
6792
6830
6832
6839
6857
6864
6894
6898
6927
6928
6933
6947
6954
6962
6964
6966
6967
6982
7011
7017
7020
7070
7074
7097
7098
7102
7136
7137
7139
7140
7141
7144
7146
7147
7148
7191
7192
7200
7221
7222
7223
7235
7243
7244
7270
7288
7298
7300
7301
7304
7305
7306
7308
7313
7316
7317
7346
7356
7390
7391
7428
7437
7444
7447
7451
7453
7454
7476
7478
7482
7483
7486
7487
7490
7529
7538
7546
7549
7551
7558
7560
7561
7566
7575
7576
7600
7601
7602
7603
7605
7606
7609
7610
7612
7614
7615
7617
7618
7620
7623
7630
7634
7635
7638
7639
7641
7644
7646
7647
7648
7651
7652
