0
1
4
5
6
7
8
12
13
14
15
16
18
33
364
377
378
390
391
421
422
434
435
449
531
569
775
776
789
799
808
811
820
825
829
831
832
833
835
836
843
852
853
854
856
857
875
1045
1068
1341
1347
1356
1362
1363
1364
1369
1370
1382
1585
1590
1617
1631
1667
1670
1691
2179
2207
2211
2216
2221
2225
2246
2250
2261
2467
2468
2475
2560
2631
2634
2663
2696
2768
3233
3253
3333
3356
3395
3432
3689
3814
3917
4043
4251
4338
4369
4458
4547
4602
4694
4730
4789
4790
4951
5039
5171
5198
5608
5904
5924
5930
5937
5938
5966
6302
6331
6342
6481
6697
6721
6852
7090
7226
7364
7598
7698
7842
8095
8178
8248
8491
8493
8707
9222
9224
9520
9649
9665
9829
9833
9835
10142
10144
10232
10243
11136
11328
11329
11357
11360
11421
11428
11500
11513
11536
11567
11599
11608
11609
11620
11721
11724
11755
12186
12191
12339
12340
12392
12393
12399
12406
12421
