10
11
33
38
39
40
59
63
64
154
195
241
244
253
337
352
356
407
413
415
419
486
489
525
529
532
534
566
569
570
658
659
685
716
719
723
754
756
802
804
852
856
860
864
894
898
913
916
917
918
921
923
938
940
944
948
996
997
999
1003
1005
1006
1008
1054
1058
1091
1094
1097
1101
1107
1120
1124
1128
1145
1147
1181
1182
1183
1186
1192
1194
1196
1198
1263
1287
1290
1292
1295
1296
1297
1313
1317
1356
1357
1358
1372
1373
1374
1441
1442
1448
1452
1537
1538
1624
1626
1634
1731
1734
1769
1818
1825
1831
1832
1833
1872
1924
1929
1931
1935
1980
1981
2033
2035
2036
2039
2042
2043
2139
2145
2149
2151
2152
2153
2278
2279
2280
2282
2288
2289
2290
2342
2347
2348
2435
2443
2499
2500
2502
2505
2535
2537
2539
2540
2602
2603
2605
2668
2698
2818
2824
2893
2896
2976
2979
2984
3054
3063
3066
3069
3070
3098
3127
3130
3131
3133
3203
3205
3263
3274
3276
3307
3333
3373
3400
3402
3513
3514
3523
3526
3587
3589
3642
3647
3648
3650
3679
3698
3731
3733
3794
3796
3804
3844
3865
3904
3907
3929
3931
3962
3979
3981
4015
4019
4029
4087
4088
4099
4100
4140
4164
4180
4181
4217
4218
4219
4222
4223
4224
4225
4259
4296
4375
4390
4394
4464
4509
4539
4540
4541
4545
4547
4552
4569
4577
4628
4629
4630
4631
4632
4635
4636
4637
4650
4672
4673
4677
4731
4734
4818
4893
4906
4993
5003
5018
5021
5022
5025
5026
5028
5029
5032
5033
5046
5051
5074
5117
5119
5123
5228
5264
5265
5375
5406
5410
5419
5425
5426
5429
5430
5433
5434
5435
5436
5437
5439
5441
5443
5457
5459
5512
5523
5525
5608
5623
5675
5678
5679
5684
5685
5689
5691
5692
5707
5710
5715
5717
5718
5721
5722
5723
5770
5771
5774
5775
5776
5777
5780
5782
5783
5784
5785
5786
5864
5868
6022
6026
6042
6044
6088
6089
6095
6097
6099
6100
6101
6105
6148
6184
6186
6213
6214
6316
6318
6343
6398
6399
6402
6440
6447
6524
6526
6549
6551
6644
6648
6653
6655
6749
6751
6754
6756
6758
6762
6770
6807
6892
6915
6921
7010
7011
7051
7052
7055
7057
7061
7100
7103
7106
7110
7122
7126
7127
7265
7266
7277
7280
7304
7361
7362
7363
7364
7394
7395
7408
7409
7413
7446
7448
7529
7530
7537
7539
7542
7544
7594
7595
7596
7597
7600
7606
7618
7648
7652
7654
7656
7658
7659
7663
7698
7701
7716
7718
7725
7726
7729
7732
7776
7781
7782
7786
7790
7848
7853
7854
7859
7879
7881
7905
7929
7930
7942
7944
7995
7996
7997
7998
8000
8059
8118
8122
8147
8148
8151
8152
8158
8160
8228
8229
8231
8232
8233
8235
8266
8267
8269
8297
8308
8309
8339
8396
8465
8466
8467
8468
8469
8471
8506
8509
8623
8626
8627
8690
8691
8692
8693
8694
8696
8864
8865
8866
8867
8868
8954
8956
9025
9026
9027
9028
9114
9118
9155
9157
9170
9187
9188
9189
9198
9272
9273
9276
9278
9282
9283
9310
9350
9353
9370
9375
9382
9383
9390
9526
9542
9544
9545
9547
9552
9553
9554
9559
9614
9687
9691
9703
9735
9736
9743
9744
9751
9776
9778
9793
9797
9800
9838
9839
9841
9845
9859
9860
9863
9864
9867
9868
9875
9878
9910
9911
9912
9920
9944
9948
9961
9963
9996
10043
10044
10077
10078
10086
10099
10101
10103
10113
10115
10116
10118
10176
10227
10230
10267
10272
10275
10381
10393
10397
10409
10412
10417
10440
10467
10468
10470
10567
10569
10578
10579
10591
10593
10624
10628
10651
10657
10661
10662
10796
10798
10817
10835
10843
10847
10913
10915
11007
11011
11164
11166
11192
11193
11301
11303
11305
11307
11331
11333
11335
11336
11385
11389
11392
