1
2
3
4
5
6
8
9
10
14
15
16
17
18
22
23
28
29
30
31
32
33
34
36
41
42
43
50
51
53
56
58
59
60
61
71
72
73
74
76
78
83
92
93
94
95
96
97
99
102
103
104
105
106
107
111
112
113
118
119
124
131
133
138
139
145
148
152
153
154
158
159
165
166
167
168
169
172
173
174
175
176
177
178
179
180
181
182
187
189
198
199
201
202
203
204
206
207
208
209
210
211
212
213
217
219
225
226
230
231
233
234
235
237
238
243
245
247
248
252
253
254
258
259
260
264
265
266
267
268
272
273
279
280
281
282
289
290
291
292
293
296
297
300
301
302
306
310
312
313
314
315
318
320
322
323
324
325
326
334
335
336
339
343
347
349
350
351
353
354
355
358
359
362
364
365
366
368
370
371
372
377
378
379
380
381
386
387
389
391
398
407
408
414
415
417
419
420
421
422
425
426
428
431
432
435
436
441
446
447
448
449
450
451
457
458
459
465
467
468
469
471
472
481
482
483
487
488
490
491
494
495
505
507
511
516
517
529
530
531
532
543
551
552
556
559
561
562
563
564
565
566
567
576
577
579
586
587
588
589
594
596
597
598
599
600
601
604
605
606
624
625
629
631
645
646
649
650
651
655
656
660
667
669
678
682
684
687
689
697
708
709
710
717
718
722
739
750
752
753
768
769
772
774
775
781
785
791
795
796
804
811
812
819
833
834
838
857
858
863
865
866
869
870
872
876
877
879
884
885
886
887
888
891
892
893
907
911
912
913
919
920
924
933
936
939
944
951
952
954
955
956
957
960
961
968
970
974
975
976
977
978
979
980
981
982
985
994
1001
1010
1016
1019
1021
1022
1023
1027
1034
1035
1041
1043
1048
1049
1050
1051
1054
1055
1056
1059
1061
1070
1072
1073
1074
1081
1095
1102
1106
1110
1111
1114
1122
1125
1126
1127
1128
1130
1136
1137
1141
1143
1144
1145
1149
1150
1151
1159
1160
1162
1163
1164
1165
1166
1185
1186
1188
1191
1195
1199
1201
1202
1203
1204
1205
1218
1224
1230
1231
1232
1241
1245
1247
1249
1251
1257
1258
1259
1260
1267
1273
1280
1281
1283
1284
1290
1292
1294
1301
1302
1304
1305
1306
1307
1311
1313
1315
1319
1329
1330
1331
1332
1333
1339
1341
1344
1345
1348
1349
1353
1355
1357
1358
1359
1360
1364
1368
1370
1371
1376
1378
1380
1381
1387
1397
1398
1402
1412
1413
1414
1416
1417
1422
1423
1426
1431
1433
1434
1435
1438
1441
1453
1454
1456
1458
1461
1462
1464
1470
1473
1481
1489
1503
1505
1506
1507
1513
1514
1515
1516
1517
1518
1519
1520
1522
1523
1530
1547
1549
1550
1554
1556
1557
1564
1565
1566
1570
1572
1579
1583
1585
1591
1597
1605
1606
1609
1616
1624
1625
1626
1628
1631
1632
1633
1634
1636
1637
1643
1644
1646
1661
1666
1671
1672
1673
1680
1686
1689
1694
1696
1697
1700
1711
1712
1713
1714
1716
1717
1718
1721
1723
1733
1735
1736
1737
1740
1742
1745
1746
1750
1754
1755
1756
1770
1771
1772
1790
1801
1808
1810
1813
1827
1832
1839
1843
1844
1845
1848
1849
1852
1859
1871
1872
1876
1877
1878
1883
1887
1899
1904
1905
1906
1907
1909
1915
1916
1918
1924
1925
1927
1933
1940
1941
1952
1954
1956
1959
1961
1978
1979
1981
1987
1988
1990
1991
1993
1995
1996
1997
2002
2003
2007
2012
2013
2014
2017
2018
2019
2020
2025
2026
2031
2039
2041
2043
2044
2050
2057
2063
2069
2073
2080
2083
2084
2085
2090
2092
2098
2099
2105
2107
2112
2113
2114
2115
2116
2117
2118
2119
2122
2132
2133
2136
2142
2143
2147
2148
2169
2173
2176
2181
2185
2187
2189
2191
2192
2195
2197
2199
2202
2204
2205
2210
2211
2214
2217
2218
2220
2230
2232
2233
2234
2237
2238
2242
2244
2245
2247
2249
2250
2251
2263
2269
2270
2271
2276
2279
2280
2283
2284
2285
2291
2292
2293
2298
2299
2304
2309
2310
2315
2317
2318
2321
2323
2324
2337
2339
2342
2344
2347
2350
2352
2357
2359
2362
2363
2366
2368
2369
2370
2373
2374
2375
2376
2377
2378
2379
2380
2387
2390
2392
2395
2397
2399
2403
2404
2405
2406
2418
2419
2422
2425
2426
2428
2429
2431
2432
2437
2440
2443
2445
2460
2461
2462
2465
2466
2474
2489
2491
2494
2498
2499
2501
2503
2505
2511
2512
2514
2518
2519
2520
2521
2525
2526
2528
2530
2534
2538
2543
2548
2549
2551
2554
2556
2558
2563
2566
2570
2572
2574
2575
2579
2581
2585
2587
2589
2592
2601
2604
2607
2608
2609
2615
2617
2618
2619
2620
2622
2627
2630
2631
2633
2638
2641
2642
2644
2648
2649
2650
2667
2669
2674
2675
2686
2687
2689
2690
2691
2695
2696
2701
2702
2705
2706
2707
2715
2719
2728
2734
2737
2742
2747
2748
2749
2750
2751
2756
2765
2770
2773
2775
2779
2787
2794
2795
2796
2798
2800
2801
2802
2811
2812
2813
2814
2816
2820
2821
2823
2826
2831
2832
2833
2835
2836
2840
2841
2845
2853
2854
2855
2856
2857
2858
2860
2866
2870
2871
2872
2876
2877
2882
2885
2886
2887
2888
2891
2892
2896
2897
2898
2901
2903
2909
2911
2913
2920
2922
2925
2936
2938
2939
2940
2945
2950
2951
2953
2954
2958
2961
2962
2963
2965
2969
2970
2971
2980
2982
2987
2988
2989
2991
2997
2999
3000
3001
3002
3003
3004
3005
3014
3016
3020
3022
3029
3032
3034
3037
3042
3051
3052
3060
3061
3063
3064
3065
3069
3070
3071
3072
3073
3083
3084
3087
3088
3095
3099
3101
3106
3112
3118
3119
3120
3123
3129
3132
3135
3136
3140
3142
3143
3146
3147
3148
3150
3162
3163
3169
3172
3177
3178
3179
3181
3189
3194
3196
3200
3201
3202
3203
3205
3207
3214
3215
3217
3218
3219
3224
3225
3226
3227
3234
3237
3239
3240
3241
3243
3244
3247
3248
3250
3251
3253
3257
3258
3271
3274
3277
3281
3289
3292
3293
3294
3295
3299
3302
3307
3312
3317
3320
3323
3331
3338
3339
3348
3354
3355
3356
3360
3366
3371
3372
3373
3374
3386
3388
3389
3392
3395
3400
3417
3418
3419
3420
3431
3432
3443
3444
3445
3446
3448
3450
3451
3456
3465
3471
3472
3476
3480
3481
3497
3498
3502
3504
3505
3508
3509
3510
3514
3518
3519
3525
3526
3527
3532
3535
3546
3547
3548
3550
3551
3552
3555
3556
3559
3561
3562
3563
3567
3568
3569
3570
3571
3572
3575
3577
3580
3584
3591
3592
3594
3595
3596
3598
3600
3601
3602
3603
3607
3608
3609
3615
3616
3618
3623
3626
3629
3636
3644
3648
3655
3658
3660
3662
3668
3674
3675
3676
3679
3687
3693
3696
3697
3698
3710
3711
3715
3719
3722
3728
3731
3733
3734
3737
3746
3752
3753
3761
3765
3767
3775
3777
3778
3781
3784
3789
3790
3797
3799
3801
3802
3804
3815
3818
3821
3829
3842
3846
3847
3848
3850
3857
3858
3859
3862
3863
3867
3868
3869
3876
3877
3890
3891
3892
3894
3898
3899
3903
3907
3908
3917
3923
3928
3930
3934
3935
3937
3943
3965
3967
3968
3969
3983
3984
3987
3992
3993
3994
3998
3999
4000
4004
4007
4012
4014
4016
4017
4019
4022
4025
4034
4035
4048
4057
4060
4061
4062
4072
4074
4075
4077
4080
4081
4083
4086
4087
4088
4094
4095
4096
4099
4105
4111
4123
4134
4136
4141
4145
4147
4148
4155
4157
4160
4169
4173
4175
4176
4178
4192
4193
4194
4198
4199
4204
4206
4208
4211
4215
4216
4218
4220
4222
4223
4227
4229
4240
4256
4262
4266
4275
4276
4281
4282
4283
4285
4286
4294
4299
4302
4303
4304
4313
4328
4331
4335
4336
4337
4338
4341
4342
4346
4347
4349
4356
4357
4358
4362
4370
4377
4383
4390
4391
4393
4394
4395
4396
4403
4405
4406
4407
4408
4409
4412
4419
4433
4437
4439
4440
4441
4443
4444
4445
4446
4455
4457
4458
4469
4479
4487
4488
4489
4490
4491
4499
4500
4501
4505
4506
4507
4509
4513
4521
4525
4526
4534
4537
4538
4546
4554
4567
4572
4579
4583
4589
4590
4591
4601
4602
4607
4608
4615
4616
4618
4631
4633
4634
4635
4636
4637
4638
4656
4660
4664
4665
4669
4670
4673
4681
4682
4683
4684
4694
4699
4700
4701
4705
4706
4722
4723
4728
4735
4769
4770
4771
4772
4777
4778
4781
4783
4786
4787
4793
4794
4805
4807
4809
4811
4815
4816
4823
4826
4828
4834
4838
4842
4844
4845
4847
4852
4854
4855
4857
4865
4868
4869
4873
4879
4884
4885
4889
4892
4907
4908
4914
4915
4916
4917
4926
4935
4937
4944
4945
4947
4952
4953
4962
4970
4973
4978
4980
4981
4982
4989
4992
4993
5000
5004
5005
5006
5007
5009
5019
5020
5022
5023
5027
5030
5031
5046
5048
5050
5051
5057
5059
5066
5075
5076
5078
5079
5082
5089
5104
5110
5113
5121
5125
5138
5139
5140
5142
5143
5145
5146
5148
5152
5160
5161
5165
5167
5168
5176
5191
5192
5193
5195
5196
5198
5200
5202
5203
5205
5217
5222
5229
5234
5238
5241
5242
5246
5247
5248
5249
5253
5255
5260
5261
5262
5270
5272
5273
5277
5281
5288
5295
5296
5299
5301
5305
5307
5308
5310
5311
5313
5320
5321
5322
5325
5330
5339
5342
5351
5358
5360
5363
5364
5367
5368
5377
5380
5382
5391
5393
5394
5398
5404
5407
5417
5418
5420
5422
5423
5427
5435
5443
5453
5454
5455
5458
5459
5462
5464
5466
5467
5470
5473
5474
5477
5478
5480
5482
5485
5492
5493
5495
5497
5523
5525
5536
5539
5541
5543
5544
5548
5551
5554
5559
5567
5578
5592
5594
5596
5599
5601
5616
5623
5624
5625
5627
5628
5633
5639
5640
5651
5656
5660
5661
5662
5663
5664
5671
5672
5674
5676
5680
5682
5690
5692
5694
5695
5702
5704
5707
5715
5716
5717
5718
5721
5725
5726
5727
5728
5734
5736
5737
5738
5740
5747
5752
5755
5756
5757
5760
5762
5763
5764
5783
5784
5788
5789
5794
5796
5798
5803
5804
5805
5807
5814
5815
5823
5833
5838
5840
5844
5846
5866
5869
5875
5877
5878
5879
5882
5884
5888
5890
5891
5892
5894
5897
5905
5906
5907
5908
5909
5915
5919
5922
5927
5933
5935
5937
5938
5940
5941
5942
5952
5955
5961
5962
5965
5967
5968
5969
5993
5996
5998
5999
6000
6002
6004
6008
6015
6016
6017
6021
6023
6032
6033
6034
6038
6044
6045
6055
6059
6060
6063
6070
6078
6090
6093
6097
6098
6099
6103
6105
6108
6115
6117
6119
6123
6125
6127
6130
6135
6136
6145
6163
6164
6173
6175
6181
6185
6190
6202
6203
6205
6209
6212
6217
6221
6232
6233
6244
6250
6255
6260
6263
6271
6273
6279
6307
6308
6311
6312
6314
6315
6318
6319
6322
6327
6330
6336
6340
6343
6349
6351
6352
6359
6361
6362
6376
6380
6381
6386
6392
6393
6395
6399
6400
6402
6407
6409
6427
6431
6438
6440
6442
6449
6451
6452
6467
6471
6475
6477
6478
6481
6482
6483
6486
6490
6492
6495
6498
6499
6500
6501
6503
6504
6511
6518
6525
6526
6532
6533
6535
6541
6543
6549
6551
6552
6553
6557
6558
6559
6560
6562
6570
6571
6573
6574
6575
6578
6581
6585
6587
6588
6589
6591
6602
6606
6610
6613
6614
6615
6618
6621
6624
6636
6637
6641
6646
6652
6659
6662
6666
6668
6670
6671
6675
6676
6679
6681
6684
6686
6688
6689
6691
6692
6695
6696
6697
6699
6700
6710
6711
6725
6728
6730
6731
6732
6733
6734
6744
6745
6746
6749
6758
6765
6766
6768
6769
6770
6775
6780
6781
6787
6792
6793
6794
6795
6799
6800
6805
6806
6815
6816
6817
6818
6821
6822
6833
6836
6846
6847
6854
6860
6864
6870
6876
6883
6889
6891
6892
6894
6896
6899
6900
6901
6903
6905
6906
6919
6931
6935
6936
6937
6939
6943
6944
6950
6955
6956
6959
6964
6965
6966
6967
6968
6969
6970
6971
6972
6973
6974
6978
6982
6988
6989
6990
6992
6993
6994
7003
7004
7008
7012
7015
7016
7017
7022
7023
7027
7029
7031
7032
7033
7034
7035
7036
7038
7043
7047
7048
7064
7065
7071
7072
7080
7081
7084
7093
7095
7096
7097
7098
7100
7101
7102
7104
7108
7109
7118
7122
7123
7125
7127
7128
7130
7137
7146
7151
7152
7153
7154
7155
7156
7157
7158
7160
7161
7162
7167
7168
7169
7171
7181
7184
7186
7192
7197
7215
7219
7220
7223
7227
7228
7239
7240
7241
7243
7256
7268
7273
7274
7275
7277
7280
7286
7289
7290
7291
7295
7304
7312
7313
7316
7318
7323
7325
7330
7331
7332
7337
7339
7342
7344
7346
7355
7365
7375
7378
7379
7380
7381
7382
7385
7389
7393
7397
7399
7401
7402
7403
7407
7408
7410
7412
7413
7414
7419
7425
7429
7431
7433
7435
7440
7449
7450
7463
7465
7469
7470
7471
7472
7473
7474
7476
7481
7490
7500
7503
7504
7505
7506
7511
7515
7519
7520
7525
7530
7532
7534
7535
7540
7541
7542
7543
7549
7556
7559
7570
7572
7573
7578
7587
7588
7589
7592
7602
7608
7610
7616
7619
7636
7638
7642
7649
7650
7651
7652
7662
7665
7668
7675
7677
7687
7699
7700
7713
7716
7717
7722
7723
7728
7729
7735
7745
7746
7752
7753
7761
7766
7767
7777
7780
7787
7802
7803
7815
7818
7819
7820
7822
7823
7825
7826
7833
7835
7838
7859
7883
7884
7893
7896
7900
7901
7905
7907
7916
7917
7918
7925
7932
7935
7944
7945
7946
7951
7952
7953
7954
7955
7958
7963
7967
7968
7970
7975
7978
7983
7984
7986
7987
7990
7996
7997
8003
8006
8010
8011
8015
8016
8017
8019
8027
8036
8046
8047
8052
8053
8054
8055
8056
8060
8061
8073
8074
8081
8085
8088
8091
8093
8099
8102
8109
8110
8113
8114
8131
8133
8137
8139
8143
8148
8149
8150
8154
8162
8167
8175
8188
8190
8194
8206
8209
8210
8211
8212
8215
8216
8222
8223
8225
8227
8228
8231
8235
8236
8244
8245
8246
8257
8262
8263
8265
8276
8282
8283
8290
8299
8300
8311
8313
8317
8318
8322
8327
8333
8334
8339
8346
8350
8351
8353
8354
8359
8365
8367
8369
8372
8373
8375
8379
8388
8390
8392
8408
8409
8410
8411
8412
8414
8422
8425
8428
8437
8448
8450
8459
8462
8465
8468
8469
8474
8478
8485
8493
8495
8501
8505
8508
8511
8524
8529
8530
8531
8533
8545
8547
8549
8551
8552
8570
8574
8580
8583
8585
8586
8593
8596
8597
8598
8599
8602
8606
8608
8609
8610
8613
8615
8619
8634
8640
8646
8649
