16
49
62
68
74
76
83
87
88
89
92
101
106
112
116
122
137
142
153
165
178
191
248
278
305
330
383
441
460
541
542
587
588
589
633
635
682
782
819
825
828
831
874
879
880
920
927
929
973
1017
1023
1025
1070
1072
1115
1116
1120
1160
1172
1203
1213
1217
1264
1270
1418
1426
1555
1644
1668
2011
2012
2154
2157
2158
2180
2182
2183
2326
2329
2330
2361
2363
2367
2439
2526
2556
2558
2607
2714
2739
2748
2910
2911
2922
3087
3094
3254
3262
3422
3433
3434
3435
3441
3592
3602
3619
3620
3621
3786
3787
3788
3789
3790
3841
3842
3882
3989
3991
3994
4017
4018
4019
4022
4023
4070
4078
4080
4092
4093
4094
4096
4097
4132
4269
4274
4286
4287
4289
4290
4291
4407
4450
4454
4606
4634
4638
4800
4807
4811
4812
4954
4955
4957
4958
4964
4976
5037
5038
5040
5041
5043
5044
5049
5095
5157
5210
5260
5306
5350
5354
5390
5398
5400
5436
5437
5473
5518
5524
5542
5590
5600
5635
5651
5668
5691
5694
5698
5713
5730
5749
5757
5784
5796
5797
5809
5825
5830
5840
5853
5860
5862
5873
5879
5884
5890
5891
5892
5895
5896
5898
5900
5901
5904
5906
5907
5910
5915
5924
5929
5931
5934
5935
5943
5948
5954
