18
2343
2881
2887
2888
2896
2916
2918
2921
2928
2933
2941
2942
2952
2953
2965
2966
2979
2980
2994
3022
3220
3307
3309
3319
3320
3330
3349
3350
3355
3356
3362
3364
3368
3369
3374
3375
3377
3382
3388
3390
3400
3401
3404
3453
3456
3457
3458
3460
3463
3464
3466
3469
3472
3475
3477
3483
3485
3487
3488
3490
3491
3493
3594
3596
3597
3600
3601
3603
3604
3608
3609
3620
3622
3624
3628
3629
3633
3636
3637
3641
3646
3695
3696
3697
3699
3700
3702
3777
3778
3780
3783
3786
3789
3790
3793
3800
3803
3804
3807
3810
3811
3814
3817
3910
3914
3915
3918
3920
3921
3925
3929
3932
3936
3938
3942
3943
3946
3949
3950
3983
3984
3986
4036
4054
4549
4551
4552
4556
4584
4617
4625
4655
4692
4694
4703
4786
4817
4863
4874
4907
4952
4964
4999
5011
5046
5047
5058
5059
5095
5326
5327
5337
5374
5375
5385
5386
5422
5434
5468
5478
5479
5480
5481
5513
5523
5524
5559
5568
5602
5645
5653
5654
5687
5727
5735
5774
5805
5811
5812
5982
6366
6384
6911
