12
37
58
94
102
324
357
372
392
407
539
673
733
923
960
971
974
986
1050
1085
1132
1183
1248
1302
1322
1369
1393
1539
1618
1637
1649
1794
1798
1814
1857
1871
1875
1899
1917
1926
1948
1963
2034
2088
2105
2181
2199
2252
2264
2287
2293
2510
2574
2601
2641
2677
2716
2882
3057
3059
3111
3126
3213
3217
3260
3286
3293
3294
3335
3352
3353
3380
3395
3453
3486
3496
3511
3582
3622
3656
3697
3710
3734
3780
3785
3824
3841
3843
3885
3896
3912
3916
3942
3982
4090
4172
4317
4360
4393
4422
4431
4453
4570
4605
4619
4627
4970
5042
5059
5170
5174
5181
5208
5235
5305
5316
5333
5427
5435
5506
5608
5648
5657
5669
5684
5696
5711
5754
5758
5792
5831
5834
5841
5942
5966
5992
5993
5997
6011
6027
6030
6036
6087
6110
6120
6152
6215
6235
6238
6245
6259
6271
6273
6282
6286
6337
6339
6342
6371
6388
6392
6394
6404
6426
6434
6462
6483
6486
6507
6527
6529
6534
6538
6550
6553
6557
6564
6568
6572
6577
6587
6589
6590
6591
6592
6599
6605
6610
6611
6612
6617
6622
6646
6652
6668
