27
30
32
34
40
65
66
71
75
78
111
119
120
157
196
283
286
293
297
325
326
331
337
341
343
355
364
372
387
390
406
421
431
435
436
437
443
444
461
465
476
492
494
497
498
502
523
529
534
542
546
560
566
576
581
584
586
587
591
592
594
596
613
614
615
618
619
620
622
636
643
648
649
651
657
680
685
687
694
701
706
707
709
713
716
719
725
726
733
736
741
743
750
754
759
760
769
770
771
777
778
780
788
789
802
815
825
828
830
845
849
862
873
889
903
911
941
950
954
960
986
1013
1016
1017
1027
1031
1039
1040
1043
1053
1056
1071
1090
1091
1093
1095
1099
1100
1101
1109
1111
1117
1133
1145
1154
1155
1156
1159
1161
1172
1177
1180
1181
1194
1195
1205
1207
1209
1210
1214
1216
1228
1229
1231
1240
1241
1242
1246
1258
1262
1269
1272
1282
1287
1290
1297
1303
1327
1328
1331
1332
1352
1353
1358
1365
1370
1378
1379
1392
1402
1413
1414
1415
1416
1422
1432
1449
1454
1463
1469
1471
1472
1474
1475
1482
1488
1491
1492
1503
1504
1506
1512
1516
1519
1533
1534
1537
1539
1551
1553
1563
1570
1576
1590
1598
1601
1603
1620
1629
1642
1646
1655
1657
1677
1683
1684
1686
1688
1699
1706
1707
1708
1713
1717
1730
1731
1732
1743
1747
1757
1761
1777
1778
1788
1797
1799
1812
1814
1832
1836
1838
1850
1852
1861
1868
1885
1891
1897
1898
1910
1917
1923
1926
1927
1931
1932
1933
1934
1936
1945
1946
1948
1953
1958
1966
1971
1972
1988
1991
1992
1993
2005
2013
2020
2021
2028
2030
2032
2035
2042
2047
2048
2054
2055
2059
2067
2068
2071
2072
2074
2075
2079
2098
2105
2110
2117
2119
2121
2130
2134
2145
2146
2152
2155
2156
2157
2160
2161
2174
2176
2185
2189
2191
2201
2205
2210
2221
2224
2237
2247
2256
2261
2262
2264
2268
2275
2280
2284
2291
2297
2299
2307
2309
2313
2318
2322
2324
2325
2326
2339
2344
2357
2359
2373
2378
2387
2388
2390
2391
2392
2394
2395
2402
2408
2411
2417
2418
2419
2422
2427
2428
2431
2432
2455
2460
2469
2470
2478
2479
2481
2483
2486
2487
2496
2497
2506
2511
2516
2519
2522
2527
2533
2534
2542
2543
2544
2546
2548
2553
2554
2555
2562
2568
2570
2571
2573
2577
2580
2581
2582
2588
2594
2600
2607
2614
2616
2617
2623
2625
2626
2628
2634
2637
2638
2639
2646
2647
2659
2663
2664
2668
2674
2683
2684
2687
2696
2709
2710
2713
2729
2738
2744
2745
2751
2755
2758
2760
2762
2764
2776
2779
2780
2781
2783
2784
2790
2793
2794
2796
2798
2800
2801
2810
2812
2813
2814
2818
2820
2825
2828
2829
2830
2839
2844
2846
2853
2858
2861
2867
2876
2880
2881
2882
2892
2894
2901
2902
2909
2913
2916
2918
2920
2939
2941
2946
2951
2955
2974
2976
2989
3007
3010
3014
3017
3018
3020
3028
3031
3039
3044
3046
3047
3048
3049
3056
3057
3059
3065
3069
3070
3072
3074
3078
3083
3089
3095
3097
3100
3101
3114
3117
3118
3124
3126
3127
3132
3142
3146
3149
3161
3163
3165
3167
3171
3174
3184
3191
3196
3199
3201
3203
3210
3212
3220
3221
3222
3239
3240
3241
3243
3244
3247
3252
3253
3255
3264
3265
3269
3273
3275
3280
3283
3286
3291
3293
3294
3295
3297
3299
3303
3304
3315
3319
3320
3322
3326
3329
3330
3333
3334
3335
3356
3357
3359
3361
3362
3363
3364
3368
3371
3373
3377
3379
3380
3381
3383
3386
3387
3389
3390
3391
3396
3398
3403
3404
3412
3418
3419
3420
3421
3422
3423
3425
3427
3428
3429
3432
3434
3435
3436
3437
3439
3443
3448
3449
3450
3451
3452
3455
3468
3470
3476
3478
3479
3481
3482
3483
3484
3486
3490
3511
3513
3519
3522
3527
3529
3534
3536
3537
3541
3544
3549
3550
3551
3552
3553
3554
3555
3557
3558
3560
3561
3563
3564
3565
3576
3578
3579
3585
3586
3588
3590
3591
3597
3599
3605
3611
3614
3615
3621
3622
3623
3630
3631
3634
3635
3638
3644
3648
3653
3656
3658
3660
3664
3672
3681
3682
3690
3691
3692
3694
3697
3699
3700
3702
3712
3717
3718
3732
3733
3734
3735
3740
3748
3754
3758
3768
3774
3778
3792
3795
3799
3809
3810
3812
3824
3830
3839
3843
3847
3848
3864
3867
3869
3885
3900
3910
3915
3916
3919
3922
3937
3939
3949
3955
3957
3959
3960
3969
3970
3979
3982
3987
3988
3990
3997
3998
4004
4010
4021
4027
4032
4042
4044
4052
4073
4074
4075
4094
4098
4102
4105
4109
4132
4136
4151
4159
4170
4171
4172
4174
4175
4180
4186
4214
4224
4228
4235
4237
4241
4243
4251
4255
4256
4263
4265
4275
4276
4278
4286
4288
4289
4296
4297
4304
4305
4313
4315
4336
4343
4355
4361
4368
4372
4379
4385
4401
4409
4410
4413
4414
4415
4416
4427
4439
4440
4441
4443
4446
4451
4458
4460
4464
4465
4469
4470
4475
4477
4486
4518
4521
4542
4551
4557
4565
4569
4571
4574
4583
4603
4605
4611
4627
4653
4656
4661
4666
4687
4692
4698
4706
4709
4722
4734
4753
4768
4778
4817
4823
4934
4937
4940
4943
4944
4946
4950
4952
4953
4955
4956
4960
4963
4968
4970
4971
4972
4976
4977
4980
4983
4985
4987
4993
4994
4995
4998
5000
5005
5006
5009
5010
5016
5018
5020
5034
5037
5041
5043
5048
5052
5053
5054
5056
5059
5061
5066
5067
5068
5069
5071
5072
5074
5076
5077
5081
5083
5085
5087
5089
5090
5094
5097
5098
5101
5103
5104
5105
5106
5107
5110
5111
5114
5119
5120
5123
5126
5129
5131
5136
5140
5141
5142
5143
5144
5147
5150
5151
5153
5157
5164
5165
5166
5168
5169
5170
5172
5173
5174
5175
5178
5181
5182
5186
5188
5190
5193
5194
