5
11
16
25
27
34
35
43
44
45
46
60
67
79
90
91
100
102
110
112
125
141
149
152
156
160
161
198
214
226
227
241
242
243
254
302
308
310
326
330
364
366
374
401
402
405
417
445
471
590
649
654
660
670
754
768
788
867
878
928
956
994
1035
1056
1085
1096
1156
1283
1287
1308
1484
1553
1682
1750
1828
1842
1881
1901
1926
1927
1928
1955
1958
1959
1961
1964
1965
1996
2006
2007
2010
2043
2078
2290
2420
2439
2636
2716
2838
2906
2923
3010
3219
3286
3392
3687
3740
3807
3896
4019
4038
4040
4099
4272
4410
4444
4478
4499
4646
5202
5203
5238
5569
5734
5745
5764
5860
5889
5891
5923
5936
6176
6208
6222
6367
6379
6389
6417
6480
6485
6496
6509
6521
6538
6540
6547
6563
6578
6579
6586
6592
6596
6601
6610
6614
6615
6620
6621
6630
6648
