0
1
2
4
6
7
10
11
12
13
14
15
17
18
19
30
31
32
35
36
53
61
62
64
66
68
70
71
101
141
714
719
752
755
760
764
767
801
806
824
865
868
870
889
890
915
925
928
958
984
1003
1037
1073
1120
1135
1176
1178
1180
1193
1196
1226
1235
1236
1279
1280
1298
1320
1345
1360
1372
1373
1394
1411
1433
1462
1477
1487
1503
1507
1531
1537
1540
1545
1574
1609
1610
1611
1614
1637
1638
1657
1659
1711
1730
1731
1732
1755
1756
1764
1775
1777
1790
1796
1842
1843
1845
1851
1920
1952
1997
2099
2213
2237
2317
2318
2367
2398
2405
2488
2560
2592
2649
2651
2667
2685
2686
2691
2734
2816
2822
2893
2931
2985
2989
3010
3015
3057
3058
3113
3138
3140
3149
3164
3167
3171
3237
3358
3392
3478
3480
3481
3510
3515
3516
3586
3603
3608
3623
3636
3670
3711
3789
3802
3826
3857
3865
3908
3975
3978
4026
4049
4053
4056
4057
4138
4139
4214
4246
4247
4267
4269
4284
4293
4305
4310
4321
4330
4372
4373
4407
4424
4425
4427
4434
4438
4441
4448
4453
4456
4475
4477
4480
4550
4688
4701
4702
4719
4833
4986
4991
4996
5013
5115
5134
5225
5272
5292
5297
5419
5422
5424
5426
5448
5566
5573
5606
5625
5684
5686
5701
5737
5741
5743
5754
5761
5764
5828
5830
5832
5851
5864
5866
5887
5889
5893
5911
5926
5931
5995
6015
6021
6046
6047
6056
6069
6072
6078
6136
6162
6196
6200
6209
6227
6228
6230
6231
6283
6339
6347
6349
6354
6355
6437
6447
6453
6456
6461
6474
6478
6539
6542
6553
6561
6572
6578
6581
6589
6647
6648
6671
6672
6673
6733
6782
6812
6835
6844
6918
6932
6953
6972
6984
7031
7043
7176
7193
7194
7208
7316
7371
7399
7402
7448
7784
7792
7793
7795
7816
7820
7834
7945
7973
8008
8037
8065
8109
8134
8148
8152
8250
8252
8291
8308
8323
8351
8354
8355
8413
8433
8444
8514
8560
8565
8584
8596
8598
8614
8617
8647
8660
8667
8685
8689
8862
8876
8882
8884
8889
8893
8894
8895
8917
8920
8923
8925
8955
8967
8977
8980
8981
8997
9065
9154
9171
9187
9192
9243
9318
9319
9341
9401
9433
9449
9450
9560
9563
