11
12
14
32
36
43
47
52
53
65
70
80
85
89
91
92
93
100
108
109
110
111
112
116
125
126
127
130
131
149
152
153
167
174
175
177
178
179
182
186
187
193
203
208
210
212
215
217
218
229
233
235
239
241
244
245
246
247
257
267
269
271
274
275
286
289
298
303
313
314
318
325
327
331
338
341
343
344
351
368
373
380
382
388
395
398
401
415
416
421
426
429
437
441
443
449
452
461
463
464
466
469
473
475
478
480
485
487
492
493
495
497
499
509
521
529
536
552
559
560
561
576
596
601
602
613
615
616
621
623
625
640
644
647
652
656
659
660
662
673
674
675
688
691
697
703
704
708
716
725
728
730
735
748
757
763
765
771
772
777
778
781
787
796
799
800
810
816
817
825
838
847
866
869
873
884
885
889
890
908
909
913
914
915
922
930
935
937
938
942
949
952
954
955
957
958
959
960
961
964
966
972
974
979
993
1016
1022
1023
1028
1037
1040
1041
1043
1045
1057
1061
1063
1064
1072
1085
1091
1096
1101
1107
1123
1130
1136
1142
1146
1148
1149
1166
1172
1173
1185
1189
1191
1192
1196
1200
1202
1205
1217
1224
1245
1248
1249
1253
1270
1271
1291
1295
1299
1308
1322
1325
1329
1346
1355
1359
1360
1374
1381
1386
