23
45
56
78
99
102
104
106
107
112
113
115
117
122
123
124
126
128
134
139
140
146
152
177
190
201
207
209
220
224
228
238
239
252
295
304
306
312
314
315
316
318
332
335
339
340
349
357
359
365
368
369
377
390
395
399
414
417
432
439
440
441
443
449
450
451
458
489
507
543
545
550
554
558
562
563
566
567
581
584
585
588
590
596
604
605
606
621
636
653
654
656
661
670
671
674
677
707
747
760
762
767
789
796
800
815
821
823
825
828
847
857
891
896
899
902
905
908
909
910
911
914
917
935
938
959
977
979
980
981
1016
1031
1042
1086
1093
1094
1098
1099
1107
1124
1127
1137
1145
1154
1157
1161
1181
1208
1210
1216
1228
1234
1238
1240
1255
1266
1269
1271
1274
1282
1285
1296
1307
1310
1311
1316
1322
1329
1331
1332
1338
1341
1342
1343
1344
1347
1353
1356
1357
1358
1361
1362
1367
1488
1490
1492
1516
1545
1555
1578
1592
1601
1602
1612
1623
1627
1633
1650
1676
1687
1690
1693
1710
1711
1719
1724
1739
1780
1785
1798
1865
1886
1912
1923
1937
1939
2050
2063
2101
2104
2112
2155
2161
2169
2170
2172
2184
2193
2201
2206
2218
2246
2247
2259
2263
2275
2279
2289
2293
2314
2357
2364
2371
2424
2456
2484
2491
2504
2509
