2
19
21
26
37
39
42
43
49
59
60
67
68
72
73
74
83
85
90
92
96
97
100
101
103
104
105
106
118
131
146
148
154
158
161
162
166
167
169
174
178
181
183
186
189
190
191
192
195
196
204
206
209
210
217
223
232
236
245
257
268
270
274
276
280
284
286
287
291
296
313
328
329
343
346
347
351
362
405
406
407
411
414
419
422
423
428
430
440
441
455
459
460
461
463
467
474
480
481
490
492
494
496
497
500
514
520
525
534
536
538
541
543
545
553
556
565
569
580
584
585
587
590
595
596
597
598
602
603
613
657
658
660
664
666
671
679
681
685
689
693
704
709
711
712
713
716
722
725
732
735
737
739
742
746
750
754
758
771
772
773
777
778
789
791
795
801
803
810
811
815
818
820
821
831
835
839
842
843
848
851
852
856
863
876
883
900
905
908
912
915
916
918
932
935
937
948
949
952
956
959
963
965
972
987
991
1004
1036
1037
1039
1042
1044
1054
1073
1075
1080
1082
1083
1085
1088
1093
1094
1095
1097
1105
1106
1111
1113
1130
1131
1139
1141
1142
1159
1161
1172
1177
1178
1179
1181
1182
1184
1187
1193
1199
1203
1207
1209
1212
1243
1253
1256
1280
1302
1309
1312
1313
1314
1316
1317
1323
1328
1330
1333
1338
1343
1347
1357
1361
1362
1374
1386
1387
1389
1405
1419
1425
1427
1431
1437
1440
1441
1467
1469
1472
1478
1480
1481
1483
1484
1489
1498
