2
13
19
21
37
39
42
43
53
60
65
66
67
68
70
72
73
89
91
96
97
100
104
105
106
111
118
120
123
129
131
132
135
138
148
149
150
152
158
161
162
169
174
177
178
181
183
185
186
187
190
191
195
209
210
223
228
240
241
242
247
249
263
268
270
274
280
284
286
287
291
295
296
301
302
305
308
313
318
319
328
329
341
343
347
351
362
377
391
398
402
405
406
407
409
411
414
419
422
430
434
441
445
447
449
452
455
459
460
461
463
467
486
495
496
500
514
518
525
534
536
538
541
547
552
553
556
563
564
565
567
569
574
581
587
603
608
613
626
627
629
634
655
657
658
660
664
666
671
679
689
704
709
711
712
713
716
720
730
734
737
742
746
749
750
754
758
771
772
773
789
790
791
795
810
815
820
821
831
837
845
846
849
851
852
862
864
868
888
900
902
908
912
915
916
918
932
937
940
948
949
952
956
958
963
965
973
975
986
987
991
998
1000
1007
1014
1034
1042
1044
1062
1063
1068
1073
1075
1077
1080
1082
1083
1088
1090
1091
1093
1094
1097
1106
1109
1112
1113
1126
1128
1129
1153
1159
1161
1172
1177
1178
1182
1187
1197
1201
1202
1208
1209
1212
1235
1238
1252
1261
1272
1282
1284
1287
1295
1298
1313
1314
1323
1328
1333
1338
1343
1347
1357
1361
1362
1374
1379
1384
1389
1394
1396
1398
1401
1403
1419
1425
1427
1437
1440
1441
1453
1454
1462
1466
1467
1469
1472
1478
1479
1480
1481
1484
1487
1488
1489
1495
1496
1498
1500
