14
17
19
23
25
42
47
48
53
60
64
65
67
71
72
75
77
99
100
111
116
120
124
130
131
156
160
161
173
174
175
176
177
178
185
186
195
211
214
224
228
231
232
242
244
245
246
268
269
275
276
286
287
291
296
305
308
310
311
313
314
315
317
318
324
329
333
334
335
338
345
347
355
372
373
377
389
391
393
396
402
405
406
407
409
414
419
422
424
425
430
431
434
440
450
456
462
463
464
471
477
479
480
491
492
494
498
499
514
518
521
525
531
532
534
538
540
541
543
545
556
560
564
567
569
576
577
578
579
580
583
608
614
618
624
625
627
629
645
646
653
654
655
658
660
664
667
671
672
679
686
690
692
695
696
711
713
715
716
718
722
737
738
740
742
744
748
768
770
771
772
776
787
789
790
791
794
795
801
803
806
810
815
817
819
821
822
823
831
832
842
843
844
852
856
862
872
877
888
900
902
908
914
916
925
930
936
940
941
953
956
957
958
967
973
982
984
986
987
988
992
994
995
998
1037
1046
1048
1050
1062
1075
1080
1082
1088
1092
1093
1094
1102
1106
1107
1113
1125
1127
1131
1133
1135
1136
1140
1142
1145
1155
1156
1158
1161
1172
1179
1188
1192
1196
1197
1199
1203
1207
1212
1231
1235
1247
1258
1266
1269
1272
1287
1290
1295
1299
1307
1309
1312
1313
1317
1321
1323
1325
1326
1328
1329
1332
1336
1338
1341
1343
1348
1349
1357
1358
1361
1364
1366
1371
1372
1392
1395
1403
1416
1417
1418
1419
1426
1427
1432
1446
1454
1467
1471
1474
1479
1480
1482
1483
1489
1491
1493
1495
