11
12
15
16
17
30
31
34
35
48
63
65
73
81
83
85
88
101
110
115
125
127
128
138
185
204
208
209
219
226
237
240
247
248
250
251
255
260
264
270
276
278
289
296
297
302
310
315
316
321
324
327
328
334
337
350
351
356
359
365
369
373
377
380
381
385
427
429
431
440
447
451
460
462
464
470
472
478
484
486
489
490
491
506
507
527
537
541
542
552
555
556
557
562
566
567
569
570
574
575
585
586
587
588
590
601
609
610
614
618
624
625
626
627
630
631
636
643
647
648
657
668
676
679
680
681
689
704
707
708
716
726
728
735
743
746
747
759
763
766
783
805
810
822
823
829
834
839
845
859
866
871
881
887
890
899
901
911
937
940
942
945
950
951
954
956
958
968
989
997
1004
1013
1026
1041
1076
1106
1109
1117
1138
1162
1167
1169
1173
1176
1177
1184
1203
1208
1210
1212
1213
1218
1221
1223
1245
1254
1265
1269
1279
1282
1290
1338
1339
1347
1351
1355
1356
1361
1377
1384
1391
1392
1400
1405
1406
1419
1424
1429
1430
1431
1437
1460
1466
1473
1477
1483
