2
17
30
31
44
48
53
54
56
75
76
78
80
91
93
103
105
112
125
126
133
163
179
182
191
195
201
203
220
224
225
226
234
236
246
249
269
272
274
275
282
285
290
293
294
295
304
305
312
318
319
320
322
333
337
340
341
343
352
353
372
378
379
398
401
407
414
415
421
422
454
468
471
474
475
479
483
485
493
495
497
516
517
518
520
522
527
528
529
530
533
538
545
549
550
563
564
573
575
578
581
591
596
604
607
609
610
617
621
626
630
634
636
637
638
642
646
648
649
652
653
664
666
667
668
670
672
675
678
679
681
682
683
684
686
687
689
690
692
695
697
698
703
705
708
713
755
778
779
783
788
810
839
842
846
855
869
877
878
879
880
881
890
891
893
896
897
899
903
905
906
932
935
936
938
954
961
982
986
994
1007
1008
1009
1013
1015
1020
1021
1024
1027
1036
1037
1038
1046
1059
1060
1083
1090
1105
1106
1109
1111
1112
1115
1116
1124
1126
1128
1132
1138
1139
1143
1144
1147
1177
1179
1180
1182
1187
1196
1201
1206
1214
1222
1233
1238
1239
1241
1246
1253
1259
1261
1264
1265
1266
1270
1272
1279
1282
1291
1295
1301
1303
1304
1316
1321
1323
1326
1348
1353
1360
1363
1366
1367
1378
1383
1398
1415
1422
1434
1445
1449
1450
1467
1471
1475
1482
1483
