19
37
56
57
63
101
107
114
119
121
129
136
140
142
147
149
150
152
158
173
184
194
195
200
214
215
221
233
239
257
266
286
312
325
364
372
383
400
416
429
449
483
487
499
503
506
510
513
514
522
557
595
605
612
631
662
669
710
724
746
756
757
758
760
764
783
786
812
817
833
838
841
846
850
863
866
876
883
885
887
894
911
915
931
936
941
947
954
955
1010
1013
1020
1028
1032
1034
1036
1042
1043
1050
1054
1056
1063
1064
1072
1074
1081
1083
1089
1100
1107
1110
1127
1129
1131
1142
1145
1146
1147
1160
1161
1163
1172
1177
1179
1209
1234
1239
1256
1257
1272
1275
1277
1295
1296
1328
1337
1339
1347
1351
1360
1398
1400
1410
1420
1424
1425
1433
1443
1444
1466
1472
1474
1481
1485
1486
1492
1493
1496
