45
79
80
84
94
120
128
130
131
136
153
159
161
162
166
175
177
185
197
205
215
216
217
230
231
247
248
254
255
264
299
303
304
316
340
366
373
398
409
416
418
427
433
436
437
462
508
510
521
522
526
528
534
541
542
553
559
578
618
625
639
641
703
709
712
732
762
763
789
792
796
801
828
830
838
850
853
854
861
870
922
950
978
1000
1001
1004
1005
1012
1028
1041
1058
1081
1088
1096
1101
1106
1108
1112
1114
1119
1120
1130
1133
1137
1144
1145
1162
1163
1164
1170
1215
1236
1240
1264
1268
1292
1298
1318
1319
1325
1331
1353
1354
1357
1363
1406
1422
1439
1457
1458
1472
1479
1484
1487
