1
19
23
26
36
63
97
98
101
102
105
107
115
119
121
140
143
146
147
149
152
153
155
169
172
173
196
202
204
205
214
215
220
222
224
230
233
234
235
237
252
256
257
258
260
268
271
286
295
296
318
327
332
334
341
346
350
368
372
373
378
384
390
391
398
401
406
409
416
429
434
440
441
449
451
456
460
466
481
485
487
488
489
493
495
506
513
529
541
545
548
549
552
557
567
569
570
577
579
593
601
608
613
621
622
633
636
643
652
658
659
660
665
671
677
696
709
711
712
724
742
752
756
768
770
775
780
791
795
804
808
810
823
841
842
845
846
850
873
877
884
885
886
887
893
895
897
901
902
908
918
924
926
929
935
936
941
942
951
954
964
970
971
982
996
1004
1006
1007
1018
1022
1024
1026
1035
1036
1044
1045
1065
1070
1071
1072
1074
1075
1079
1085
1087
1092
1093
1111
1113
1114
1122
1129
1132
1140
1151
1155
1157
1164
1167
1170
1177
1178
1183
1184
1186
1195
1209
1236
1243
1260
1261
1267
1275
1280
1290
1294
1301
1306
1312
1316
1328
1329
1332
1339
1352
1356
1367
1375
1379
1399
1402
1406
1409
1417
1422
1424
1430
1433
1437
1470
1484
1486
1491
1496
