52
260
350
620
784
852
1189
1192
1222
1914
2071
2375
2448
2506
2740
2841
2874
2878
2977
3113
3220
3333
3884
4010
4116
4417
4467
4548
4726
4738
4976
5025
5082
5351
5431
5627
5986
5994
6080
6125
6204
6308
6471
6568
6573
6587
6709
6713
6882
6961
7023
7095
7137
7154
7171
7246
7296
7633
7698
7710
7843
7900
8101
8271
8366
8426
8484
8485
8503
8838
8989
9192
9273
9309
9406
9471
9651
9664
9671
9734
9759
9819
9987
9997
10121
10288
10370
10435
10510
10590
10684
10707
10847
10907
11037
11040
11100
11353
11599
11748
11753
11845
11848
11882
11892
11992
