152
170
175
194
210
212
268
557
740
905
997
1131
1200
1209
1230
1343
1546
1604
1663
1675
1696
1886
1900
2131
2144
2292
2312
2368
2546
2550
2563
2907
2939
2950
3027
3189
3245
3451
3467
3498
3500
3567
3592
3606
3737
3753
3769
3830
3833
3844
3915
3929
3940
3977
4004
4018
4031
4062
4095
4276
4332
4351
4399
4525
4552
4682
4862
4898
4956
4981
5047
5065
5132
5144
5229
5399
5427
5432
5449
5453
5532
5557
5625
5637
5907
6228
6321
6336
6346
6363
6367
6397
6468
6702
6715
6787
6803
6952
7079
7115
7207
7412
7484
7522
7551
7600
7607
7671
7798
7834
7870
7930
8002
8006
8106
8330
8390
8523
8696
8741
8817
8875
8883
8891
8949
9137
9185
9243
9310
9533
9545
9562
9564
9677
9688
9692
9736
9816
9851
9864
9869
9897
10006
10036
10098
10141
10255
10324
10489
10506
10510
10521
10534
10542
10582
10797
10810
11252
11308
11552
11569
11615
11734
11745
11757
11784
11871
11885
11952
12057
12076
12395
12466
12470
12516
12519
12566
12727
12756
12767
12797
12816
12835
12845
12850
12901
13244
13406
13411
13421
13475
13526
13621
13659
13663
13664
13677
13881
13915
14261
14317
