6
12
16
27
33
40
45
49
69
71
75
76
78
82
89
93
95
96
97
109
112
113
114
115
116
119
123
126
136
137
139
153
158
159
168
170
190
191
192
200
201
213
216
233
249
251
252
257
262
273
277
284
285
287
290
295
297
341
346
347
351
352
355
379
388
392
395
396
397
409
411
414
443
444
451
455
458
462
470
473
593
600
601
602
608
631
636
637
638
640
646
656
658
659
664
667
689
697
704
705
719
723
754
757
760
796
831
840
843
844
850
856
864
872
873
875
878
880
883
885
887
919
929
939
949
972
974
976
982
983
993
1015
1023
1040
1049
1050
1068
1075
1082
1085
1091
1097
1099
1100
1102
1114
1117
1118
1119
1122
1123
1128
1129
1138
1143
1147
1151
1157
1170
1172
1178
1186
1187
1202
1211
1212
1213
1224
1237
1238
1239
1244
1245
1246
1256
1261
1263
1269
1275
1278
1295
1298
1299
1301
1302
1304
1308
1313
1317
1323
1339
1357
1358
1375
1381
1382
1395
1396
1399
1400
1401
1402
1407
1416
1418
1419
1420
1427
1431
1437
1439
1440
1441
1459
1460
1461
1463
1464
1465
1466
1471
1473
1477
1478
1486
1492
1504
1529
1566
1569
1572
1573
1574
1583
1585
1586
1587
1591
1601
1607
1608
1609
1611
1612
1630
1631
1633
1635
1636
1641
1650
1651
1652
1655
1656
1657
1658
1659
1662
1663
1667
1670
1671
1676
1677
1678
1680
1712
1737
1742
1746
1747
1749
1752
1757
1760
1761
1762
1763
1764
1776
1782
1785
1787
1803
1804
1805
1807
1824
1825
1826
1827
1828
1829
1830
1840
1841
1843
1846
1848
1849
1850
1851
1852
1854
1855
1856
1859
1860
1861
1863
1865
1872
1900
1908
1918
1923
1926
1927
1928
1929
1932
1939
1941
1942
1943
1944
1945
1951
1956
1961
1963
1971
1980
1982
1984
1985
1995
1998
2001
2002
2003
2005
2006
2022
2023
2024
2026
2028
2037
2038
2039
2043
2046
2050
2051
2054
2055
2056
2059
2061
2062
2065
2069
2073
2094
2128
2129
2130
2132
2133
2134
2147
2149
2160
2162
2176
2177
2183
2185
2186
2187
2188
2189
2191
2194
2199
2201
2202
2204
2206
2208
2210
2221
2227
2230
2231
2235
2236
2238
2240
2246
2249
2250
2251
2254
2255
2256
2257
2259
2262
2263
2264
2269
2310
2313
2314
2321
2322
2324
2325
2330
2332
2333
2338
2341
2343
2345
2355
2357
2359
2360
2361
2371
2384
2391
2392
2393
2402
2403
2404
2409
2410
2417
2420
2424
2425
2428
2431
2436
2445
2448
2451
2457
2458
2459
2460
2461
2463
2464
2465
2466
2468
2469
2470
2517
2518
2519
2522
2529
2534
2539
2540
2549
2555
2556
2562
2563
2570
2578
2579
2580
2581
2582
2585
2589
2590
2592
2593
2594
2595
2598
2600
2606
2607
2609
2610
2613
2616
2617
2620
2621
2623
2626
2640
2641
2644
2651
2653
2655
2656
2662
2701
2702
2713
2716
2720
2721
2723
2729
2734
2739
2745
2751
2752
2757
2760
2761
2762
2763
2767
2770
2771
2772
2782
2783
2792
2793
2804
2806
2807
2809
2810
2813
2814
2818
2826
2831
2834
2836
2837
2838
2841
2843
2847
2849
2852
2859
2865
2891
2905
2910
2914
2915
2917
2920
2929
2930
2931
2934
2940
2943
2947
2951
2956
2959
2960
2964
2965
2978
2980
2986
2997
3006
3007
3019
3023
3024
3026
3027
3028
3039
3042
3048
3054
3055
3056
3062
3065
3066
3102
3109
3110
3112
3115
3116
3117
3118
3119
3122
3129
3130
3131
3132
3137
3140
3143
3144
3146
3147
3148
3155
3156
3161
3163
3164
3166
3173
3176
3177
3179
3185
3189
3191
3196
3202
3204
3205
3211
3212
3216
3226
3240
3244
3245
3250
3254
3255
3256
3266
3304
3306
3307
3312
3314
3315
3324
3330
3333
3335
3336
3340
3341
3346
3347
3353
3354
3356
3357
3359
3360
3363
3366
3367
3372
3373
3374
3378
3379
3380
3383
3385
3386
3389
3390
3394
3395
3396
3400
3422
3428
3433
3452
3454
3457
3459
3460
3461
3462
3466
3467
3468
3471
3472
3474
3475
3480
3481
3482
3489
3494
3523
3537
3538
3542
3543
3554
3563
3569
3570
3574
3580
3581
3584
3585
3587
3588
3590
3592
3597
3600
3608
3609
3610
3613
3617
3622
3623
3625
3627
3628
3632
3646
3647
3650
3665
3672
3673
3676
3677
3678
3679
3682
3685
3687
3698
3699
3702
3705
3706
3707
3741
3744
3747
3758
3759
3762
3769
3781
3783
3788
3790
3791
3792
3797
3800
3803
3809
3814
3815
3817
3819
3821
3822
3828
3835
3836
3837
3838
3840
3846
3852
3857
3873
3875
3876
3879
3881
3891
3899
3903
3906
3913
3914
3915
3916
3917
3920
3921
3922
3923
3924
3925
3926
3932
3933
3937
3941
3943
3945
3946
3948
3949
3954
3955
3956
3991
3997
3998
4005
4006
4007
4009
4011
4012
4015
4023
4028
4030
4032
4036
4037
4042
4044
4049
4051
4053
4056
4058
4059
4061
4064
4065
4067
4071
4072
4073
4078
4079
4087
4088
4093
4095
4103
4107
4108
4112
4115
4116
4117
4133
4141
4144
4149
4151
4154
4156
4163
4164
4165
4173
4174
4176
4177
4179
4180
4181
4182
4183
4187
4188
4189
4191
4194
4195
4207
4209
4211
4221
4226
4247
4259
4261
4264
4266
4267
4270
4275
4278
4279
4280
4284
4290
4291
4293
4296
4297
4298
4299
4301
4306
4307
4314
4315
4316
4322
4323
4325
4326
4330
4331
4332
4339
4341
4344
4346
4347
4353
4360
4363
4370
4371
4374
4378
4381
4385
4386
4392
4393
4398
4401
4403
4407
4410
4416
4418
4420
4422
4423
4425
4430
4431
4432
4440
4443
4446
4453
4454
4455
4458
4464
4466
4469
4471
4478
4479
4482
4489
4490
4491
4493
4498
4499
4500
4501
4508
4509
4510
4512
4521
4522
4535
4572
4577
4591
4597
4603
4604
4608
4609
4611
4619
4620
4621
4623
4626
4630
4634
4635
4637
4639
4642
4650
4653
4656
4659
4670
4678
4685
4686
4691
4694
4697
4700
4701
4702
4704
4705
4708
4713
4716
4718
4723
4735
4737
4742
4744
4746
4747
4760
4761
4768
4769
4770
4776
4783
4784
4785
4839
4841
4850
4853
4872
4879
4881
4887
4888
4889
4890
4897
4899
4901
4904
4911
4912
4916
4919
4942
4945
4958
4968
4977
4978
4980
4982
4983
4985
4988
4989
4990
4993
4995
4999
5000
5005
5007
5009
5012
5013
5014
5016
5060
5069
5080
5085
5093
5095
5104
5105
5107
5109
5114
5115
5116
5121
5127
5130
5140
5142
5143
5154
5156
5174
5177
5181
5183
5191
5192
5193
5196
5198
5200
5203
5205
5206
5211
5212
5213
5216
5217
5219
5236
5245
5278
5281
5291
5294
5295
5297
5307
5308
5309
5311
5312
5314
5315
5319
5320
5326
5335
5337
5340
5343
5346
5348
5351
5364
5365
5377
5379
5381
5382
5391
5392
5399
5400
5401
5408
5410
5424
5432
5436
5444
5450
5454
5459
5472
5477
5479
5484
5487
5488
5492
5507
5508
5512
5513
5523
5524
5526
5528
5529
5530
5531
5533
5534
5536
5539
5557
5567
5569
5574
5576
5577
5582
5583
5590
5597
5609
5614
5617
5629
5630
5641
5650
5657
5660
5661
5662
5664
5668
5670
5673
5681
5683
5687
5690
5697
5706
5711
5712
5716
5717
5720
5733
5749
5750
5752
5757
5758
5762
5763
5766
5787
5792
5796
5800
5810
5815
5823
5828
5829
5846
5853
5867
5868
5871
5872
5878
5881
5887
5890
5891
5893
5898
5904
5908
5912
5913
5914
5917
5923
5924
5929
5938
5945
5946
5950
5951
5964
5976
5978
5979
5980
5987
5999
6003
6004
6012
6013
6016
6024
6027
6028
6035
6039
6043
6047
6048
6049
6054
6055
6066
6067
6069
6071
6072
6086
6088
6097
6099
6107
6113
6131
6132
6134
6135
6140
6152
6155
6160
6164
6171
6181
6195
6196
6199
6204
6209
6210
6211
6212
6231
6246
6249
6256
6257
6259
6274
6283
6285
6290
6293
6294
6297
6302
6312
6314
6325
6334
6337
6348
6354
6355
6357
6376
6384
6400
6401
6403
6407
6409
6412
6424
6426
6428
6430
6434
6439
6440
6442
6444
6447
6464
6465
6468
6469
6471
6474
6476
6478
6481
6496
6497
6517
6519
6522
6525
6535
6536
6538
6541
6555
6556
6561
6562
6576
6580
6593
6594
6596
6601
6605
6606
6612
6614
6615
6621
6632
6635
6647
6651
6654
6661
6664
6669
6672
6674
6675
6678
6680
6681
6682
6692
6708
6723
6726
6746
6748
6752
6754
6760
6767
6770
6779
6782
6794
6798
6800
6802
6809
6813
6816
6822
6824
6828
6829
6833
6844
6850
6862
6865
6870
6871
6874
6875
6884
6888
6898
6913
6914
6927
6931
6936
6937
6939
6944
6951
6953
6954
6957
6958
6960
6969
6970
6973
6979
7007
7010
7018
7019
7021
7026
7027
7035
7038
7045
7047
7058
7059
7069
7070
7079
7081
7091
7100
7101
7102
7103
7107
7108
7110
7113
7131
7151
7161
7166
7168
7173
7186
7192
7201
7203
7210
7211
7227
7242
7244
7262
7273
7287
7291
7292
7293
7334
7336
7337
7344
7345
7367
7369
7375
7397
7422
7423
7425
7430
7435
7438
7459
7463
7484
7485
7488
7510
7511
7515
7526
7529
7538
7540
7543
7569
7570
7572
7598
7599
7621
7631
7656
7657
7659
7660
7663
7664
7687
7701
7709
7712
7723
7725
7729
7736
7764
7796
7801
7807
7811
7812
7825
7830
7850
7854
7861
7865
7867
7868
7871
7897
7907
7926
7964
7979
7983
7987
8002
8019
8024
8032
8033
8044
8076
8077
8078
8138
8161
8164
8167
8172
8173
8177
8187
8199
8201
8202
8206
8207
8210
8211
8216
8217
8218
8221
