20
21
36
50
64
65
80
99
116
147
148
160
170
173
180
205
217
219
221
229
231
237
242
249
253
266
277
292
294
296
299
300
309
323
324
335
353
367
376
389
398
405
413
414
440
450
452
457
464
472
482
493
505
509
524
525
526
530
544
546
548
581
590
596
607
608
629
630
648
657
658
659
687
690
695
703
705
707
710
720
727
778
779
780
782
830
840
844
845
849
850
858
859
862
868
870
878
889
892
904
914
927
936
939
942
951
968
981
1002
1004
1006
1007
1008
1017
1018
1020
1039
1040
1041
1044
1047
1066
1068
1069
1072
1075
1081
1086
1087
1100
1102
1109
1110
1140
1164
1165
1166
1169
1175
1195
1198
1201
1203
1223
1224
1225
1226
1254
1255
1261
1262
1267
1285
1286
1287
1288
1292
1294
1295
1297
1318
1319
1321
1322
1327
1333
1348
1349
1350
1353
1358
1360
1364
1379
1393
1397
1398
1399
1400
1402
1416
1417
1418
1419
1421
1422
1423
1427
1440
1443
1444
1445
1446
1447
1448
1472
1475
1498
1499
1524
1539
1541
1542
1544
1548
1561
1563
1565
1566
1568
1583
1588
1594
1601
1610
1623
1624
1666
1712
1713
1715
1728
1744
1747
1762
1765
1778
1798
1810
1814
1827
1829
1843
1844
1845
1859
1907
1936
1954
1960
1964
1965
1973
1975
1988
1989
1995
1996
2004
2005
2006
2016
2021
2025
2026
2030
2043
2046
2047
2054
2057
2060
2061
2062
2063
2069
2071
2072
2073
2082
2084
2087
2090
2091
2096
2098
2099
2100
2105
2108
2111
2116
2119
2121
2128
2129
2142
2143
2144
2146
2164
2165
2166
2173
2174
2178
2182
2184
2185
2187
2188
2189
2202
2204
2208
2214
2215
2216
2217
2218
2221
2224
2228
2229
2230
2231
2271
2292
2294
2295
2312
2313
2314
2322
2326
2334
2344
2351
2352
2363
2369
2372
2382
2399
2405
2411
2412
2421
2427
2440
2443
2476
2477
2484
2485
2487
2493
2495
2498
2503
2505
2506
2510
2513
2514
2517
2518
2521
2522
2524
2528
2529
2531
2534
2539
2543
2547
2556
2559
2560
2561
2566
2569
2572
2583
2594
2596
2604
2608
2610
2612
2616
2620
2624
2629
2630
2638
2644
2647
2648
2657
2663
2679
2696
2697
2725
2727
2749
2755
2759
2770
2775
2802
2803
2823
2824
2829
2857
2858
2880
2900
2905
2924
2926
2932
2954
2955
2956
2957
2961
2976
2980
2985
2989
3019
3046
3050
3071
3079
3084
3086
3088
3097
3101
3102
3107
3115
3116
3121
3128
3132
3138
3153
3154
3183
3185
3197
3214
3218
3219
3243
3246
3275
3289
3293
3305
3320
3333
3366
3371
3374
3376
3380
3383
3400
3404
3406
3407
3411
3414
3419
3420
3421
3423
3428
3429
3430
3432
3436
3440
3444
3445
3449
3454
3455
3456
3459
3460
3462
3463
3465
3466
3469
3470
3471
3472
3476
3489
3500
3501
3508
3516
3541
3576
3577
3601
3658
3663
3678
3679
3690
3693
3694
3698
3702
3705
3709
3729
3734
3735
3743
3750
3758
3764
3767
3768
3778
3779
3793
3824
3829
3845
3850
3867
3874
3878
3883
3890
3989
3994
3999
4003
4006
4007
4011
4012
4014
4018
4019
4022
4025
4027
4028
4032
4038
4040
4043
4045
4046
4049
4050
4054
4062
4063
4065
4067
4074
4076
4078
4085
4092
4093
4102
4104
4107
4110
4111
4112
4114
4121
4122
4128
4133
4143
4148
4150
4151
4152
4157
4164
4178
4280
4281
4333
4426
4463
4475
4479
4481
4488
4491
4494
4495
4510
4512
4552
4562
4565
4578
4580
4582
4583
4592
4593
4594
4597
4608
4632
4642
4657
4683
4684
4793
4919
4922
4924
4926
4947
4951
4964
4965
4966
4972
4979
4980
4986
4990
4994
5002
5003
5004
5008
5010
5012
5017
5028
5029
5030
5034
5035
5040
5043
5055
5060
5077
5081
5093
5095
5097
5207
5232
5274
5295
5296
5364
5370
5379
5382
5385
