14
23
38
41
47
50
58
63
65
90
93
95
97
98
99
100
102
105
135
136
138
143
173
174
175
177
181
204
205
209
212
213
215
216
217
237
255
256
257
262
265
280
310
313
314
316
325
326
327
348
350
351
355
377
379
381
382
403
428
435
445
448
464
465
468
473
501
504
530
543
544
551
558
560
563
567
576
581
584
604
610
626
628
637
638
654
664
666
699
702
706
707
709
719
722
748
750
751
754
772
815
818
823
827
828
832
837
839
849
855
856
863
886
892
912
920
921
933
935
938
941
1001
1003
1012
1020
1022
1068
1083
1085
1091
1109
1110
1117
1121
1124
1129
1132
1142
1145
1148
1153
1158
1165
1181
1182
1184
1220
1221
1224
1225
1243
1262
1267
1276
1286
1295
1303
1310
1312
1314
1315
1320
1331
1338
1342
1350
1358
1366
1389
1390
1396
1410
1415
1420
1423
1424
1429
1437
1457
1465
1476
1477
1482
1488
1489
1490
1492
1504
1506
1507
1524
1526
1528
1529
1536
1538
1563
1564
1565
1576
1583
1588
1596
1612
1618
1623
1624
1633
1636
1663
1678
1687
1694
1706
1716
1717
1720
1722
1727
1728
1736
1741
1743
1755
1756
1782
1806
1807
1830
1879
1899
1901
1913
1915
1942
1953
1954
2004
2006
2008
2021
2023
2028
2037
2043
2047
2074
2078
2104
2106
2107
2110
2123
2149
2160
2181
2195
2207
2219
2220
2231
2232
2239
2243
2253
2258
2284
2340
2356
2363
2366
2394
2458
2459
2460
2474
2480
2481
2483
2549
2568
2613
2614
2618
2619
2622
2651
2657
2662
2716
2734
2736
2745
2753
2764
2785
2799
2833
2868
2869
2871
2872
2874
2880
2883
2885
2902
2908
2931
2934
2960
2974
2977
2980
2986
3033
3053
3056
3058
3059
3063
3066
3076
3134
3136
3151
3155
3163
3177
3193
3207
3216
3217
3226
3228
3232
3238
3249
3251
3252
3305
3320
3321
3345
3397
3398
3411
3417
3423
3439
3453
3458
3461
3469
3474
3475
3476
3486
3492
3502
3528
3534
3535
3548
3592
3619
3626
3639
3641
3647
3664
3679
3680
3687
3688
3692
3698
3699
3703
3711
3714
3750
3753
3763
3780
3781
3814
3839
3840
3857
3873
3874
3881
3882
3886
3889
3892
3899
3909
3910
3914
3938
3941
3944
3945
3946
3955
3960
3967
3977
3978
3989
3990
4004
4037
4041
4051
4053
4063
4078
4081
4082
4084
4086
4094
4098
4109
4114
4117
4130
4131
4138
4142
4145
4146
4148
4149
4154
4158
4160
4166
4214
4222
4225
4226
4229
4252
4256
4260
4263
4280
4290
4295
4298
4310
4344
4348
4366
4369
4383
4384
4392
4411
4421
4455
4458
4459
4479
4499
4513
4542
4543
4545
4546
4563
4564
4573
4579
4589
4617
4625
4632
4634
4637
4642
4644
4647
4649
4656
4657
4658
4661
4663
4668
4674
4680
4681
4691
4696
4699
4700
4702
4713
4715
4720
4737
4745
4753
4757
4758
4766
4769
4770
4772
4773
