5
14
18
19
20
23
25
26
28
36
45
46
54
57
66
69
70
90
105
106
119
135
169
170
197
204
208
210
218
233
235
237
239
240
243
247
248
255
262
286
290
295
300
304
308
311
314
322
326
329
344
355
361
362
365
384
385
398
414
415
416
417
419
423
435
438
453
461
465
468
471
488
498
499
502
505
547
562
564
566
574
577
587
607
613
618
625
642
648
651
655
664
717
727
729
738
763
764
766
782
785
787
788
789
790
791
799
805
807
810
816
817
842
849
855
862
869
871
875
882
886
890
892
906
911
912
913
915
923
924
958
960
963
965
969
970
983
990
991
997
1000
1001
1030
1034
1035
1040
1045
1050
1052
1074
1078
1082
1084
1118
1120
1122
1123
1126
1128
1137
1143
1154
1158
1215
1221
1231
1233
1234
1240
1244
1250
1254
1259
1300
1329
1341
1347
1350
1359
1360
1361
1362
1365
1366
1368
1373
1379
1409
1412
1413
1419
1420
1425
1426
1427
1430
1436
1438
1449
1453
1457
1460
1465
1475
1476
1483
1487
1490
1491
1544
1547
1548
1549
1550
1551
1572
1573
1584
1598
1605
1607
1615
1621
1630
1649
1683
1688
1693
1697
1698
1702
1703
1704
1708
1718
1724
1725
1726
1731
1734
1737
1740
1758
1765
1770
1777
1785
1787
1794
1795
1797
1800
1801
1804
1806
1811
1812
1863
1864
1872
1886
1892
1928
1934
1936
1942
1947
1950
1968
1989
1996
2002
2003
2013
2014
2022
2025
2027
2029
2033
2041
2042
2044
2051
2078
2087
2101
2102
2103
2129
2142
2156
2158
2163
2165
2171
2172
2173
2181
2195
2207
2213
2214
2223
2224
2230
2247
2250
2253
2256
2258
2273
2284
2285
2287
2304
2305
2307
2312
2329
2331
2339
2350
2354
2355
2359
2363
2369
2370
2371
2381
2383
2386
2388
2401
2417
2425
2438
2449
2458
2462
2464
2468
2473
2474
2485
2490
2492
2510
2516
2529
2531
2537
2546
2549
2552
2564
2570
2571
2584
2595
2596
2600
2632
2635
2636
2637
2643
2652
2659
2683
2684
2696
2711
2715
2724
2736
2759
2788
2813
2817
2824
2828
2829
2830
2832
2835
2844
2846
2851
2860
2861
2864
2874
2875
2876
2884
2887
2890
2902
2906
2908
2912
2925
2951
2953
2959
2982
2986
2988
2996
3002
3011
3013
3025
3027
3044
3045
3088
3089
3099
3118
3151
3161
3162
3172
3179
3185
3186
3187
3189
3209
3211
3222
3228
3258
3267
3273
3286
3289
3292
3296
3310
3340
3407
3410
3415
3437
3445
3454
3455
3456
3457
3477
3478
3480
3484
3489
3502
3516
3519
3535
3542
3553
3554
3556
3557
3562
3569
3572
3573
3595
3596
3605
3619
3620
3643
3649
3659
3689
3694
3709
3729
3737
3738
3756
3758
3760
3771
3800
3801
3803
3813
3816
3825
3830
3873
3880
3883
3890
3891
3907
3924
3925
3976
3999
4009
4025
4029
4032
4034
4035
4036
4038
4044
4049
4070
4089
4103
4127
4143
4151
4153
4155
4173
4188
4198
4247
4251
4277
4293
4294
4300
4306
4314
4327
4332
4334
4338
4339
4341
4385
4389
4394
4408
4437
4440
4448
4451
4455
4465
4477
4486
4502
4507
4509
4521
4529
4536
4546
4558
4577
4594
4603
4613
4614
4616
4620
4623
4624
4627
4647
4650
4654
4671
4714
4715
4719
4746
4752
4771
4776
4778
4813
4818
4823
4837
4838
4847
4858
4862
4870
4872
4881
4883
4888
4904
4908
4909
4927
4932
4936
4953
4959
4964
4979
4991
4992
4994
4996
4997
5013
5014
5015
5019
5023
5027
5028
5030
5036
5039
5040
5054
5058
5059
5090
5091
5095
5096
5100
5103
5144
5145
5156
5167
5174
5179
5184
5207
5209
5211
5230
5232
5244
5245
5250
5254
5279
5280
5281
5297
5302
5316
5318
5321
5322
5333
5343
5356
5358
5362
5376
5382
5385
5395
5400
5406
5410
5416
5450
5477
5496
5497
5521
5522
5538
5541
5542
5543
5552
5554
5563
5583
5584
5585
5589
5590
5596
5599
5610
5612
5614
5617
5629
5630
5646
5649
5656
5658
5659
5664
5672
5673
5681
5682
5685
5703
5706
5717
5723
5725
5741
5764
5794
5813
5822
5832
5846
5882
5884
5888
5893
5906
5908
5915
5920
5922
5927
5947
5964
5980
5990
5991
5992
6005
6008
6016
6026
6030
6036
6039
6044
6060
6073
6124
6136
6141
6158
6160
6163
6167
6171
6172
6173
6174
6179
6180
6184
6199
6206
6207
6213
6230
6239
6244
6300
6301
6311
6320
6332
6344
6345
6346
6348
6349
6351
6355
6365
6376
6387
6393
6394
6398
6430
6433
6465
6469
6476
6477
6498
6500
6509
6541
6543
6547
6555
6570
6586
6590
6600
6604
6607
6608
6610
6611
6631
6633
6634
6635
6639
6650
6651
6653
6682
6691
6700
6702
6716
6724
6725
6728
6730
6731
6738
6739
6745
6753
6761
6764
6771
6775
6782
6792
6811
6824
6838
6842
6845
6856
6865
6868
6876
6887
6893
6896
6897
6901
6902
6912
6913
6921
6923
6950
6959
6964
6968
6982
6983
6987
7013
7014
7020
7021
7037
7042
7047
7054
7062
7065
7067
7073
7074
7079
7082
7104
7111
7114
7118
7121
7123
7131
7133
7134
7187
7190
7208
7209
7213
7214
7219
7229
7233
7237
7241
7243
7248
7257
7258
7261
7284
7298
7311
7312
7317
7322
7329
7332
7334
7338
7343
7347
7348
7354
7357
7367
7368
7374
7385
7396
7407
7410
7416
7431
7435
7438
7445
7450
7452
7468
7473
7481
7484
7485
7496
7501
7502
7506
7524
7532
7551
7572
7574
7596
7617
7622
7635
7645
7650
7651
7659
7662
7664
7667
7687
7692
7694
7716
7719
7721
7743
7767
7773
7785
7802
7806
7820
7821
7822
7847
7857
7860
7861
7862
7864
7866
7870
7872
7875
7881
7883
7885
7890
7916
7922
7928
7932
7933
7938
7943
7950
7951
7958
7979
7983
7994
8011
8021
8035
8040
8051
8052
8053
8055
8058
8069
8076
8081
8083
8085
8100
8118
8121
8122
8138
8164
8165
8167
8183
8193
8194
8208
8214
8216
8221
8239
8241
8248
8256
8263
8272
8291
8299
8306
8317
8325
8328
8329
8336
8350
8367
8371
8376
8386
8389
8398
8412
8413
8428
8431
8438
8440
8442
8449
8451
8456
8457
8458
8461
8466
8468
8471
8472
8473
8475
8486
8495
8503
8511
8515
8516
8521
8526
8530
8531
8538
8540
8550
8552
8554
8582
8591
8594
8603
8618
8622
8625
8629
8631
8651
8653
8654
8666
8667
8670
8683
8686
8689
8699
8701
8709
8712
8725
8750
8755
8766
8776
8785
8802
8803
8815
8825
8829
8830
8839
8844
8851
8870
8871
8875
8878
8879
8880
8887
8889
8890
8891
8893
8903
8905
8906
8907
8908
8911
8938
8959
8973
8978
8980
8981
9011
9016
9027
9034
9043
9051
9056
9058
9060
9085
9092
9105
9106
9109
9116
9121
9132
9135
9137
9154
9158
9171
9192
9199
9200
9204
9207
9208
9211
9216
9218
9222
9225
9233
9236
9242
9248
9266
9267
9268
9269
9273
9275
9295
9305
9308
9322
9324
9328
9342
9347
9351
9353
9356
9362
9363
9368
9375
9378
9393
9395
9404
9408
9411
9417
9421
9431
9438
9440
9469
9470
9474
9484
9493
9494
9501
9513
9514
9518
9519
9522
9524
9529
9532
9533
9537
9538
9547
9549
9554
9555
9559
9577
9593
9594
9613
9620
9625
9635
9654
9663
9664
9665
9667
9686
9696
9698
9699
9701
9702
9706
9707
9717
9723
9727
9732
9741
9742
9743
9746
9750
9751
9761
9767
9775
9777
9782
9790
9796
9806
9807
9816
9818
9822
9826
9827
9830
9835
9840
9851
9855
9858
9859
9878
9893
9897
9905
9914
9926
9931
9941
9950
9951
9954
9967
9971
9988
9991
9993
9998
10000
10001
10002
10004
10012
10029
10041
10042
10057
10068
10077
10078
10081
10088
10091
10094
10101
10107
10116
10117
10119
10121
10178
10183
10187
10195
10199
10200
10202
10236
10239
10241
10243
10246
10252
10256
10258
10273
10281
10294
10298
10323
10330
10332
10335
10339
10352
10354
10355
10368
10371
10373
10377
10378
10379
10386
10389
10390
10409
10410
10422
10425
10434
10440
10445
10449
10471
10489
10492
10495
10496
10500
10511
10516
10526
10529
10532
10537
10564
10571
10575
10579
10592
10598
10603
10604
10610
10612
10613
10614
10622
10623
10629
10631
10640
10644
10650
10652
10663
10670
10673
10675
10687
10694
10696
10705
10707
10714
10717
10734
10755
10756
10757
10764
10768
10793
10802
10811
10826
10830
10831
10841
10842
10844
10845
10851
10867
10876
10877
10888
10896
10897
10922
10928
10931
10936
10941
10943
10953
10966
10974
10979
10981
10993
10994
11006
11012
11018
11027
11028
11033
11038
11043
11058
11073
11077
11079
11103
11114
11116
11127
11139
11146
11148
11155
11159
11163
11169
11170
11182
11184
11190
11193
11196
11198
11205
11210
11215
11226
11227
11232
11235
11236
11242
11246
11255
11264
11269
11281
11294
11320
11322
11325
11339
11342
11352
11353
11358
11364
11369
11375
11382
11389
11395
11397
11403
11404
11407
11409
11413
11419
11420
11423
11424
11440
11443
11444
11445
11446
11457
11489
11501
11503
11517
11527
11528
11530
11534
11540
11554
11558
11562
11580
11607
11608
11611
11616
11633
11656
11660
11661
11670
11684
11694
11727
11729
11732
11738
11739
11743
11750
11754
11755
11757
11762
11765
11787
11800
11828
11833
11844
11860
11873
11874
11877
11880
11882
11893
11898
11909
11920
11928
11947
11955
11967
11980
11985
11993
12002
12011
12026
12031
12037
12040
12045
12048
12075
12081
12095
12103
12109
12119
12123
12130
12131
12135
12143
12144
12150
12152
12172
12214
12239
12241
12253
12259
12269
12279
12288
12289
12290
12298
12335
12348
12351
12354
12359
12361
12364
12366
12367
12368
12372
12387
12394
12395
12405
12425
12429
12430
12436
12440
12443
12445
12461
12477
12480
12481
12486
12488
12490
12495
12505
12536
12539
12540
12554
12564
12565
12568
12572
12581
12584
12609
12621
12630
12644
12646
12653
12658
12688
12694
12698
12712
12713
12714
12719
12720
12725
12742
12755
12759
12774
12775
12786
12803
12805
12839
12875
12881
12888
12919
12929
12930
12933
12940
12944
12946
12947
12956
12958
12959
12972
12973
12975
12976
12990
12997
13007
13008
13031
13036
13050
13073
13087
13113
13125
13126
13130
13132
13134
13136
13146
13175
13189
13190
13193
13195
13196
13243
13244
13251
13265
13280
13290
13291
13308
13311
13314
13323
13326
13329
13344
13357
13364
13369
13394
13414
13427
13429
13444
13463
13465
13469
13480
13481
13491
13494
13497
13500
13509
13524
13525
13552
13574
13585
13586
13596
13601
13604
13621
13648
13673
13693
13700
13706
13715
13716
13719
13734
13752
13759
13776
13788
13789
13801
13807
13812
13851
13859
13860
13908
13909
13910
13914
13923
13947
13948
13965
13967
14018
14020
14022
14050
14052
14053
14055
14085
14097
14112
14117
14136
14142
14157
14160
14171
14176
14179
14185
14186
14192
14210
14226
14242
14246
