541
740
1046
1102
1103
1107
1383
1588
1622
1643
1665
1666
1825
1859
1860
1923
1942
2119
2262
2328
2349
2519
2541
2549
2772
2797
2807
2957
2970
2973
2978
2982
2984
2989
3119
3143
3312
3321
3323
3329
3458
3488
3641
3642
3648
3678
3720
3823
3829
3960
3981
3982
3989
4119
4126
4127
4131
4162
4408
4564
4676
4701
4919
4957
4975
5013
5084
5103
5107
5324
5332
5401
5452
5457
5500
5504
5512
5520
5521
5563
5676
5875
5887
5891
5892
5981
5995
5997
6012
6484
6487
6490
6576
6613
6632
6639
6640
6718
6769
6804
6819
6951
7220
7242
7250
7254
7256
7274
7488
7587
7665
7971
7989
8097
8325
8366
8450
8522
8523
8570
8588
8891
8909
8980
8991
8996
9008
9009
9154
9260
9265
12882
13002
13058
13549
13601
13605
13625
13757
13820
13863
14271
14539
14668
14677
14687
14691
14803
14944
14989
15014
15017
15072
