13
141
271
282
288
298
528
556
582
583
586
590
712
720
738
767
768
831
864
922
949
957
968
970
977
1021
1070
1113
1165
1181
1191
1262
1265
1283
1289
1333
1371
1386
1401
1487
1514
1543
1573
1583
1597
1859
1874
1921
1935
1938
2010
2063
2066
2110
2170
2218
2223
2231
2249
2260
2287
2297
2303
2428
2486
2590
2607
2608
2609
2713
2718
2742
2807
2817
2835
2929
2938
3083
3176
3298
3436
3459
3544
3564
3597
3601
3770
3799
3883
3905
3941
3995
4136
4150
4257
4291
4325
4395
4400
4530
4605
4647
4648
4693
4758
4766
4774
4994
5035
5046
5049
5311
6015
6635
6727
6735
6756
6759
6900
6901
7068
7101
7366
7741
7962
8033
8119
8144
8363
8636
11344
11546
11570
11573
11651
11702
11786
11813
11911
11924
12165
12211
12478
12646
12787
13070
13174
13571
13587
13641
13692
13855
13994
14006
14048
14054
15527
