13
41
44
104
108
194
234
262
270
276
294
295
399
411
450
479
491
579
583
603
612
649
866
938
985
1029
1033
1058
1134
1206
1267
1395
1397
1612
1636
1651
1652
1753
1770
1800
1838
1880
1910
1972
2146
2367
2418
2439
2473
2482
2590
2616
2619
2646
2938
2971
3178
3183
3240
3356
3366
3370
3375
3393
3493
3494
3506
3523
3538
3567
3578
3935
3957
3961
3996
4165
4182
4303
4327
4347
4377
4467
4470
4471
4563
4580
4693
4761
4768
4858
4859
4866
4873
4882
4929
4933
4978
5022
5036
5202
5225
5236
5247
5332
5348
5458
5475
5484
5641
5700
5706
5736
5835
5838
5845
5849
5996
6104
6105
6107
6114
6246
6597
6969
7352
7363
7713
8219
9077
9844
10609
10685
10812
10872
10940
10943
10947
10959
11193
11194
11462
11521
11569
11596
11682
11850
11902
12118
12133
12207
12210
12216
12357
12415
12417
12421
12425
12484
12520
12523
12536
12543
12598
12640
12655
12678
12712
12725
12744
12751
