8
32
35
41
128
168
231
279
387
438
488
499
505
510
541
548
805
831
855
887
906
907
931
988
1001
1048
1075
1078
1082
1130
1144
1145
1165
1173
1177
1205
1225
1250
1266
1267
1274
1310
1315
1342
1357
1362
1367
1375
1389
1404
1420
1424
1437
1464
1523
1538
1548
1551
1556
1616
1638
1657
1670
1678
1689
1693
1755
1870
2019
2045
2053
2069
2221
2230
2256
2274
2382
2444
2478
2523
2557
2618
2641
2642
2664
2747
2853
2944
2991
2997
2999
3001
3067
3104
3182
3220
3224
3249
3274
3348
3393
3457
3469
3512
3513
3534
3580
3588
3609
3622
3697
3702
3722
3728
3774
3883
3899
3989
3996
4149
4151
4201
4321
4343
4547
4566
4615
4639
4662
4677
4711
4718
4774
5002
5005
5024
5072
5452
5475
5512
5589
5690
5719
5720
5766
5779
5839
5856
5861
5913
5930
5936
5939
5946
5977
5984
6015
6029
6055
6162
6185
6187
6232
6237
6252
6279
6311
6323
6326
6352
6408
6485
6533
6552
6593
6696
6722
