0
1
2
3
4
5
6
8
10
11
12
14
15
16
17
18
19
21
23
24
26
27
29
30
31
32
33
36
37
38
39
40
42
43
44
45
48
49
50
51
52
53
54
55
56
57
58
59
60
63
67
68
70
71
73
74
75
76
77
79
80
82
83
84
86
88
89
90
91
93
96
97
98
104
105
106
107
108
109
116
117
119
124
125
126
127
128
129
134
136
137
146
147
149
154
155
156
157
158
159
164
166
167
168
169
173
175
176
177
179
182
184
185
188
190
191
192
193
194
195
197
198
199
200
202
203
205
206
207
211
212
214
215
217
218
220
222
225
227
228
229
231
233
234
235
236
239
240
242
246
250
254
255
256
262
266
267
271
272
276
277
283
284
286
287
289
290
298
299
334
339
348
350
351
352
386
389
391
392
400
402
434
436
438
439
440
441
445
449
451
455
459
462
468
469
473
478
479
480
481
483
485
486
487
488
489
490
491
493
494
495
496
498
499
500
501
502
503
504
505
506
507
508
509
510
511
512
513
516
518
519
520
521
523
528
529
530
531
532
534
535
536
537
538
540
541
542
543
547
550
551
552
553
560
561
562
563
570
571
572
573
578
580
581
583
589
590
591
593
598
599
600
601
602
603
608
609
611
612
613
618
620
621
628
629
630
631
632
636
639
641
643
647
648
649
650
652
653
654
656
657
659
661
663
664
666
667
669
670
672
673
676
681
683
684
686
687
689
690
691
692
693
695
696
698
699
700
701
704
705
706
708
709
711
712
714
715
717
718
722
723
726
727
728
730
731
733
735
736
738
739
741
742
744
745
747
748
750
751
753
754
757
759
760
761
763
764
767
770
771
772
773
776
777
778
779
781
782
783
784
787
788
789
790
793
794
796
797
802
805
806
807
808
817
819
820
822
829
830
831
832
833
835
842
844
845
846
848
855
856
857
858
867
869
870
871
879
881
883
884
891
895
902
904
905
907
908
909
910
912
914
919
921
922
928
932
933
934
940
945
946
947
950
952
955
956
957
958
960
961
962
965
966
967
968
970
974
975
976
980
981
987
988
992
994
997
999
1005
1006
1007
1009
1016
1018
1019
1020
1021
1023
1024
1025
1026
1029
1031
1033
1034
1035
1036
1038
1039
1041
1042
1045
1047
1049
1051
1052
1053
1054
1060
1062
1064
1065
1066
1067
1068
1069
1070
1071
1072
1073
1075
1076
1077
1079
1080
1081
1082
1085
1087
1089
1093
1094
1096
1097
1099
1101
1106
1107
1109
1110
1111
1112
1114
1116
1117
1120
1123
1124
1125
1127
1128
1129
1130
1133
1134
1135
1136
1138
1139
1141
1143
1144
1145
1146
1147
1148
1163
1165
1167
1170
1171
1172
1173
1175
1177
1179
1180
1182
1185
1186
1187
1188
1189
1190
1191
1194
1195
1196
1197
1200
1201
1202
1205
1207
1208
1209
1214
1215
1216
1217
1218
1219
1220
1228
1230
1231
1241
1242
1243
1244
1246
1254
1256
1257
1258
1259
1268
1269
1270
1271
1272
1280
1282
1283
1285
1293
1294
1295
1296
1297
1298
1306
1308
1309
1310
1311
1318
1320
1321
1322
1329
1332
1334
1335
1337
1338
1340
1341
1342
1343
1344
1345
1346
1348
1349
1352
1354
1355
1357
1358
1361
1363
1364
1366
1367
1369
1370
1372
1373
1375
1376
1378
1379
1381
1382
1386
1387
1389
1391
1392
1394
1396
1397
1399
1402
1403
1404
1405
1406
1408
1411
1412
1414
1416
1417
1418
1420
1421
1423
1424
1425
1428
1429
1430
1431
1432
1433
1436
1437
1438
1442
1443
1444
1446
1447
1452
1454
1455
1457
1458
1461
1462
1463
1464
1466
1467
1469
1470
1471
1472
1473
1474
1476
1478
1479
1480
1482
1483
1485
1486
1488
1489
1491
1492
1494
1495
1497
1500
1502
1503
1505
1506
1507
1508
1509
1511
1512
1513
1514
1516
1517
1519
1521
1522
1524
1525
1527
1528
1530
1531
1533
1534
1537
1540
1542
1543
1545
1546
1547
1549
1550
1552
1554
1555
1558
1559
1561
1562
1564
1565
1567
1568
1571
1572
1573
1577
1579
1582
1583
1585
1587
1589
1590
1591
1593
1594
1596
1598
1599
1600
1603
1604
1605
1606
1609
1613
1614
1615
1616
1617
1619
1620
1621
1625
1626
1627
1628
1629
1634
1635
1636
1637
1649
1650
1651
1663
1664
1665
1666
1667
1668
1679
1680
1681
1682
1683
1693
1694
1696
1708
1711
1723
1725
1726
1728
1737
1739
1740
1743
1749
1750
1751
1752
1753
1754
1755
1757
1758
1759
1760
1762
1763
1764
1766
1769
1770
1773
1775
1777
1780
1781
1782
1783
1787
1789
1790
1792
1793
1794
1795
1796
1798
1799
1806
1809
1811
1815
1816
1817
1818
1819
1820
1821
1822
1823
1824
1825
1827
1831
1832
1833
1834
1835
1836
1838
1842
1854
1855
1859
1861
1862
1864
1866
1868
1869
1871
1874
1875
1876
1879
1880
1881
1882
1885
1886
1888
1889
1892
1893
1895
1896
1897
1899
1902
1903
1904
1905
1906
1908
1909
1910
1911
1913
1916
1919
1924
1928
1930
1932
1933
1935
1937
1938
1939
1940
1941
1942
1947
1950
1951
1952
1954
1956
1957
1959
1960
1962
1964
1965
1966
1967
1968
1969
1970
1971
1973
1978
1979
1980
1981
1982
1988
1989
1990
1991
1992
1993
1995
1996
1997
1998
2000
2003
2005
2007
2008
2009
2010
2015
2016
2017
2018
2019
2020
2021
2022
2023
2024
2025
2026
2028
2029
2030
2031
2039
2041
2043
2046
2049
2051
2052
2053
2055
2056
2059
2060
2061
2062
2063
2064
2066
2067
2068
2069
2070
2071
2072
2073
2074
2075
2076
2079
2080
2082
2088
2089
2090
2092
2098
2099
2101
2102
2103
2113
2116
2117
2118
2128
2129
2131
2132
2145
2147
2148
2150
2161
2163
2164
2166
2177
2179
2181
2182
2193
2195
2196
2197
2210
2211
2212
2214
2227
2230
2234
2235
2237
2243
2244
2245
2246
2248
2249
2250
2251
2253
2254
2256
2257
2259
2260
2262
2263
2265
2266
2268
2269
2270
2271
2274
2276
2278
2279
2281
2282
2284
2285
2287
2288
2290
2291
2293
2294
2296
2297
2299
2300
2302
2303
2305
2306
2309
2311
2312
2314
2315
2317
2318
2320
2321
2323
2325
2326
2328
2329
2331
2334
2335
2336
2337
2339
2341
2342
2345
2346
2347
2348
2349
2351
2353
2354
2356
2357
2359
2360
2362
2364
2365
2367
2368
2370
2371
2373
2374
2376
2377
2378
2380
2382
2384
2386
2390
2392
2393
2397
2399
2401
2402
2403
2404
2408
2410
2411
2413
2417
2418
2419
2420
2421
2422
2423
2425
2426
2431
2432
2436
2437
2438
2439
2440
2443
2444
2445
2446
2449
2451
2452
2458
2459
2460
2462
2469
2470
2471
2476
2478
2479
2480
2481
2488
2489
2490
2492
2494
2495
2501
2502
2504
2505
2507
2509
2511
2513
2514
2515
2517
2518
2519
2520
2521
2522
2523
2525
2528
2530
2531
2533
2536
2538
2539
2540
2541
2542
2543
2545
2547
2548
2549
2550
2551
2552
2555
2557
2560
2561
2563
2564
2566
2568
2569
2571
2572
2573
2574
2575
2576
2577
2578
2580
2581
2583
2584
2586
2589
2590
2593
2594
2595
2597
2598
2599
2600
2602
2603
2604
2606
2608
2609
2611
2612
2614
2615
2618
2620
2623
2624
2625
2626
2628
2629
2630
2632
2634
2635
2636
2639
2640
2642
2643
2644
2645
2646
2647
2648
2649
2650
2651
2652
2653
2655
2657
2658
2660
2661
2663
2664
2665
2668
2670
2671
2672
2673
2676
2677
2679
2680
2681
2682
2683
2684
2685
2688
2689
2690
2692
2705
2706
2707
2708
2709
2710
2711
2724
2726
2727
2728
2729
2743
2745
2746
2747
2762
2763
2765
2766
2767
2769
2771
2772
2773
2774
2777
2778
2785
2786
2790
2791
2792
2793
2794
2797
2799
2801
2805
2807
2808
2811
2812
2813
2814
2815
2816
2817
2819
2820
2823
2825
2828
2830
2831
2832
2834
2836
2840
2842
2843
2845
2847
2849
2851
2852
2855
2858
2859
2862
2863
2866
2869
2870
2871
2872
2874
2875
2876
2877
2878
2880
2882
2883
2884
2886
2887
2890
2892
2893
2896
2898
2900
2902
2903
2904
2905
2906
2909
2911
2912
2914
2915
2916
2919
2922
2924
2925
2926
2927
2929
2930
2931
2932
2937
2938
2940
2941
2942
2944
2946
2947
2949
2950
2952
2954
2957
2958
2959
2961
2964
2966
2967
2968
2972
2973
2975
2976
2977
2978
2979
2980
2981
2983
2985
2986
2987
2989
2990
2991
2993
2995
2996
2997
2999
3000
3001
3002
3003
3004
3005
3007
3009
3010
3012
3013
3014
3015
3016
3021
3022
3032
3033
3034
3035
3051
3053
3067
3068
3069
3070
3084
3086
3088
3094
3095
3096
3097
3098
3100
3104
3105
3107
3111
3113
3116
3117
3118
3119
3122
3123
3124
3125
3126
3127
3128
3129
3130
3131
3132
3133
3134
3135
3136
3137
3138
3139
3140
3142
3143
3145
3147
3148
3149
3150
3151
3154
3155
3158
3160
3163
3164
3166
3167
3168
3169
3170
3172
3173
3175
3176
3179
3181
3182
3184
3185
3188
3190
3191
3193
3194
3199
3200
3202
3203
3205
3206
3208
3209
3211
3213
3214
3216
3217
3218
3220
3221
3222
3224
3226
3227
3228
3230
3231
3233
3235
3236
3238
3239
3240
3241
3243
3245
3246
3248
3250
3251
3253
3254
3256
3257
3259
3260
3261
3263
3264
3266
3267
3268
3270
3271
3273
3274
3276
3277
3278
3280
3281
3283
3286
3287
3288
3293
3296
3298
3299
3301
3303
3308
3310
3311
3312
3313
3320
3321
3323
3328
3329
3330
3331
3332
3333
3339
3340
3342
3347
3348
3349
3350
3351
3355
3358
3359
3362
3364
3365
3366
3370
3371
3373
3374
3375
3376
3377
3378
3379
3382
3383
3384
3386
3391
3392
3393
3395
3396
3402
3403
3404
3405
3406
3413
3414
3415
3425
3427
3428
3429
3431
3432
3439
3440
3441
3443
3444
3447
3452
3453
3454
3455
3458
3459
3460
3461
3465
3467
3468
3470
3471
3472
3473
3474
3477
3478
3479
3481
3482
3483
3484
3486
3487
3489
3491
3493
3494
3496
3497
3499
3500
3502
3503
3504
3506
3508
3510
3512
3514
3516
3517
3519
3520
3521
3524
3525
3527
3528
3531
3533
3535
3536
3537
3538
3539
3540
3541
3542
3543
3545
3547
3548
3549
3550
3552
3555
3558
3559
3560
3561
3563
3564
3565
3566
3568
3569
3571
3572
3573
3575
3576
3578
3579
3581
3582
3583
3584
3586
3587
3588
3589
3590
3592
3595
3597
3598
3599
3601
3602
3614
3616
3621
3624
3625
3626
3627
3628
3633
3634
3635
3636
3637
3638
3639
3641
3642
3643
3645
3646
3647
3648
3649
3653
3655
3656
3658
3659
3660
3661
3662
3664
3665
3666
3668
3671
3673
3676
3677
3679
3681
3683
3685
3686
3687
3690
3692
3694
3695
3697
3699
3701
3703
3704
3707
3709
3710
3711
3712
3714
3715
3717
3718
3719
3721
3725
3727
3729
3730
3731
3734
3735
3736
3737
3739
3741
3746
3747
3748
3749
3750
3751
3752
3754
3766
3768
3769
3771
3773
3775
3776
3778
3781
3782
3783
3784
3785
3786
3787
3788
3789
3791
3792
3793
3795
3797
3798
3800
3801
3802
3804
3805
3807
3808
3809
3810
3812
3814
3815
3817
3818
3819
3821
3824
3825
3828
3830
3831
3832
3833
3835
3836
3837
3838
3839
3840
3843
3844
3845
3847
3848
3849
3850
3851
3854
3856
3857
3859
3860
3864
3865
3869
3874
3875
3876
3877
3878
3879
3881
3882
3884
3885
3888
3890
3892
3893
3894
3896
3897
3898
3899
3900
3901
3903
3904
3905
3907
3908
3909
3910
3911
3913
3914
3916
3918
3919
3921
3925
3927
3928
3932
3934
3935
3936
3937
3939
3946
3947
3948
3950
3959
3960
3961
3971
3972
3974
3981
3982
3983
3984
3986
3991
3993
3994
4000
4002
4003
4005
4006
4007
4009
4010
4016
4017
4018
4019
4020
4022
4023
4024
4025
4026
4028
4029
4031
4033
4034
4035
4036
4043
4044
4045
4046
4048
4056
4057
4068
4069
4070
4082
4083
4084
4086
4088
4089
4099
4100
4102
4104
4106
4115
4116
4120
4121
4122
4123
4127
4129
4130
4132
4135
4136
4138
4139
4140
4141
4143
4144
4145
4146
4148
4149
4150
4152
4153
4154
4155
4156
4157
4160
4162
4164
4165
4167
4168
4170
4171
4172
4174
4175
4177
4178
4180
4183
4184
4186
4188
4189
4191
4193
4194
4195
4198
4199
4200
4201
4202
4205
4206
4209
4211
4212
4213
4217
4218
4220
4221
4222
4223
4225
4228
4229
4230
4231
4233
4234
4235
4242
4245
4246
4247
4248
4255
4259
4260
4261
4262
4263
4264
4270
4272
4274
4285
4287
4292
4293
4295
4296
4298
4305
4306
4307
4309
4312
4321
4323
4325
4328
4329
4336
4338
4339
4343
4345
4346
4347
4348
4349
4350
4351
4352
4353
4355
4356
4358
4359
4361
4363
4364
4366
4367
4368
4369
4374
4378
4379
4380
4382
4383
4384
4385
4387
4388
4389
4390
4392
4393
4394
4396
4397
4398
4403
4405
4408
4411
4413
4415
4416
4417
4418
4419
4421
4431
4433
4435
4436
4439
4440
4442
4444
4448
4458
4459
4460
4461
4463
4464
4465
4466
4467
4468
4469
4476
4478
4480
4481
4482
4483
4484
4485
4491
4493
4495
4496
4498
4505
4506
4508
4510
4512
4518
4519
4521
4522
4523
4524
4526
4531
4532
4534
4535
4538
4539
4541
4543
4544
4546
4547
4548
4549
4550
4551
4552
4553
4555
4557
4558
4560
4561
4562
4564
4565
4566
4569
4571
4572
4573
4575
4577
4578
4581
4582
4584
4585
4586
4587
4588
4591
4592
4593
4594
4595
4596
4599
4600
4602
4604
4605
4607
4608
4610
4612
4613
4614
4615
4618
4619
4621
4625
4626
4627
4628
4629
4630
4634
4636
4642
4643
4644
4645
4649
4650
4658
4659
4662
4673
4674
4676
4686
4687
4689
4697
4698
4699
4701
4708
4709
4710
4711
4712
4719
4721
4722
4726
4728
4729
4730
4731
4732
4733
4734
4735
4736
4737
4739
4741
4743
4745
4748
4751
4752
4756
4758
4759
4761
4762
4769
4771
4772
4783
4784
4785
4786
4787
4798
4799
4800
4802
4803
4804
4806
4817
4819
4820
4821
4822
4823
4825
4826
4827
4828
4829
4830
4832
4833
4841
4842
4843
4844
4845
4848
4849
4850
4851
4854
4856
4858
4865
4867
4868
4873
4874
4876
4879
4880
4882
4888
4889
4891
4892
4897
4898
4901
4902
4904
4909
4910
4912
4914
4919
4921
4922
4923
4924
4927
4928
4930
4932
4933
4934
4935
4936
4940
4942
4947
4948
4950
4951
4956
4958
4959
4961
4962
4963
4965
4966
4968
4969
4970
4972
4973
4975
4976
4977
4979
4980
4981
4982
4983
4984
4986
4987
4988
4989
4994
4995
4996
4998
4999
5001
5002
5003
5005
5006
5008
5009
5011
5012
5016
5018
5019
5020
5022
5024
5025
5026
5028
5029
5030
5032
5034
5036
5038
5039
5040
5042
5044
5045
5047
5056
5057
5058
5059
5060
5061
5062
5063
5065
5066
5070
5071
5072
5074
5075
5077
5078
5080
5083
5084
5087
5093
5094
5095
5096
5099
5101
5102
5104
5106
5110
5111
5112
5114
5115
5116
5119
5120
5121
5131
5133
5135
5136
5137
5138
5142
5143
5154
5156
5157
5158
5163
5164
5166
5168
5169
5170
5172
5173
5175
5177
5179
5180
5183
5186
5187
5188
5189
5190
5191
5192
5198
5199
5203
5205
5206
5209
5211
5212
5214
5215
5216
5218
5219
5221
5222
5223
5225
5226
5230
5231
5232
5234
5235
5237
5239
5240
5242
5243
5246
5247
5248
5249
5250
5252
5253
5254
5255
5257
5259
5261
5263
5264
5268
5269
5270
5271
5272
5274
5277
5278
5279
5283
5284
5286
5290
5291
5292
5298
5299
5302
5304
5305
5306
5308
5310
5317
5318
5319
5320
5325
5326
5327
5329
5331
5332
5333
5340
5341
5342
5344
5347
5348
5349
5350
5351
5362
5363
5364
5365
5367
5368
5370
5371
5372
5373
5374
5385
5386
5389
5390
5391
5392
5393
5404
5405
5415
5417
5420
5425
5427
5428
5429
5430
5431
5432
5433
5434
5435
5436
5442
5444
5448
5451
5452
5457
5458
5461
5462
5463
5464
5465
5466
5467
5471
5472
5473
5475
5478
5480
5481
5482
5484
5486
5487
5492
5493
5494
5495
5497
5498
5500
5501
5502
5503
5513
5515
5516
5517
5518
5519
5520
5534
5535
5537
5539
5551
5552
5554
5556
5557
5571
5572
5573
5574
5577
5578
5580
5584
5585
5595
5596
5598
5599
5600
5601
5602
5603
5604
5605
5606
5607
5608
5618
5619
5620
5621
5622
5624
5625
5628
5629
5630
5632
5634
5638
5640
5642
5643
5644
5645
5647
5648
5649
5650
5651
5656
5657
5660
5661
5662
5663
5664
5665
5667
5675
5676
5677
5681
5683
5687
5689
5691
5693
5695
5701
5702
5705
5706
5708
5709
5711
5712
5715
5718
5719
5720
5722
5724
5725
5727
5729
5730
5731
5733
5734
5736
5738
5739
5740
5741
5743
5744
5748
5749
5750
5751
5752
5753
5755
5757
5760
5766
5767
5768
5769
5771
5772
5773
5775
5776
5779
5781
5782
5789
5790
5792
5793
5794
5795
5797
5798
5799
5800
5801
5802
5803
5804
5805
5806
5807
5808
5809
5810
5812
5814
5815
5818
5819
5820
5822
5824
5825
5826
5828
5829
5830
5831
5832
5833
5834
5836
5837
5838
5840
5841
5842
5845
5846
5847
5850
5851
5852
5854
5856
5858
5859
5861
5862
5864
5869
5878
5879
5880
5882
5883
5884
5886
5902
5903
5905
5907
5919
5920
5921
5922
5924
5925
5926
5937
5940
5941
5943
5944
5945
5946
5955
5958
5959
5961
5962
5964
5973
5980
5981
5982
5983
5984
5985
5986
5987
5988
5989
5991
5993
5995
5997
5998
5999
6000
6008
6010
6011
6013
6015
6016
6017
6022
6023
6025
6026
6027
6028
6029
6030
6032
6033
6034
6035
6036
6039
6040
6041
6042
6047
6048
6050
6055
6057
6058
6064
6065
6066
6068
6075
6077
6079
6080
6081
6082
6085
6086
6087
6089
6090
6092
6094
6095
6097
6098
6100
6101
6102
6103
6105
6107
6109
6110
6111
6112
6113
6114
6116
6117
6118
6120
6121
6122
6123
6124
6126
6128
6130
6132
6134
6135
6136
6138
6140
6142
6144
6145
6146
6147
6153
6155
6157
6161
6163
6165
6168
6171
6172
6173
6175
6180
6182
6183
6186
6190
6192
6193
6194
6197
6199
6200
6202
6203
6204
6206
6208
6213
6214
6216
6218
6221
6222
6223
6224
6227
6228
6229
6230
6231
6232
6233
6234
6237
6239
6242
6243
6245
6246
6247
6248
6249
6251
6255
6256
6257
6258
6260
6261
6263
6264
6266
6267
6268
6270
6271
6272
6273
6274
6275
6277
6278
6280
6281
6283
6285
6288
6289
6290
6291
6292
6295
6297
6301
6302
6304
6305
6307
6308
6309
6312
6315
6316
6317
6318
6321
6322
6323
6324
6325
6328
6334
6336
6339
6342
6344
6346
6348
6349
6350
6351
6355
6356
6360
6362
6363
6365
6366
6370
6373
6374
6377
6379
6380
6383
6384
6385
6388
6389
6390
6393
6394
6395
6398
6399
6402
6406
6407
6410
6411
6412
6415
6417
6418
6420
6421
6423
6424
6428
6431
6433
6436
6438
6441
6442
6445
6447
6448
6449
6452
6454
6455
6457
6458
6461
6462
6463
6466
6468
6470
6473
6475
6476
6478
6480
6481
6482
6483
6484
6485
6487
6489
6490
6491
6493
6494
6496
6499
6501
6502
6508
6509
6510
6511
6516
6517
6518
6519
6520
6525
6526
6528
6531
6532
6533
6535
6536
6538
6540
6542
6543
6544
6545
6546
6548
6550
6551
6552
6553
6555
6556
6557
6564
6565
6566
6572
6573
6574
6576
6583
6584
6586
6593
6594
6595
6596
6599
6600
6601
6602
6603
6605
6606
6607
6610
6611
6613
6614
6615
6617
6618
6619
6620
6621
6622
6625
6626
6627
6629
6630
6631
6632
6633
6634
6635
6636
6637
6639
6642
6643
6644
6645
6647
6648
6649
6650
6651
6652
6654
6656
6658
6659
6660
6662
6663
6664
6666
6667
6668
6670
6671
6672
6675
6676
6677
6679
6680
6681
6691
6692
6696
6706
6711
6715
6721
6725
6728
6729
6731
6733
6735
6736
6738
6739
6741
6742
6743
6744
6746
6747
6801
6802
6804
6807
6808
6810
6811
6812
6870
6872
6873
6875
6926
6927
6928
6929
6930
6931
6933
6934
6936
6937
6939
6942
6946
6949
6950
6951
6961
6962
6964
6965
6966
6967
6968
6972
6973
6975
6976
6979
6980
6981
6982
6984
6985
6986
6988
6989
6991
6995
6997
6998
6999
7002
7004
7005
7006
7008
7009
7010
7011
7012
7013
7017
7018
7019
7021
7022
7024
7025
7026
7027
7028
7034
7036
7039
7040
7042
7043
7044
7045
7046
7047
7048
7049
7052
7054
7055
7057
7059
7060
7065
7067
7068
7069
7070
7073
7075
7076
7077
7078
7081
7082
7083
7084
7085
7086
7088
7089
7090
7091
7098
7099
7100
7101
7102
7108
7111
7117
7119
7120
7121
7126
7128
7130
7134
7135
7137
7138
7139
7140
7141
7142
7143
7145
7149
7151
7152
7153
7154
7156
7158
7161
7163
7166
7167
7168
7169
7170
7173
7174
7176
7177
7180
7181
7182
7183
7185
7186
7187
7189
7194
7195
7196
7198
7199
7200
7207
7209
7210
7211
7212
7214
7215
7219
7221
7227
7228
7230
7231
7233
7235
7236
7237
7238
7239
7241
7242
7246
7248
7250
7251
7252
7254
7260
7261
7263
7267
7269
7270
7271
7274
7275
7276
7277
7279
7283
7284
7285
7287
7288
7289
7290
7292
7295
7297
7298
7300
7301
7303
7304
7305
7307
7309
7310
7311
7312
7314
7315
7316
7321
7323
7324
7325
7327
7329
7330
7331
7332
7333
7334
7336
7337
7338
7339
7342
7344
7346
7353
7354
7355
7356
7357
7360
7361
7363
7366
7367
7368
7369
7370
7371
7385
7390
7391
7393
7405
7409
7410
7411
7412
7413
7414
7423
7428
7430
7433
7442
7446
7447
7448
7450
7458
7460
7462
7464
7465
7466
7467
7468
7474
7476
7478
7479
7480
7481
7491
7493
7494
7496
7499
7500
