163
211
241
274
695
700
774
869
959
962
1063
1168
1224
1391
1402
1460
1467
1538
1607
1668
1860
1863
1869
1944
1990
2878
3067
3130
3568
3732
4048
4143
4219
4227
4236
4252
4331
4423
4449
4537
4764
4801
4860
4878
4904
4984
5065
5193
5348
5424
5434
5439
5449
5497
5584
5771
5884
5897
6103
6137
6340
6517
6590
6615
6719
6830
6836
7017
7029
7087
7151
7175
7187
7219
7319
7347
7470
7518
7570
7622
7791
8045
8171
8189
8314
8329
8434
8617
8656
8763
8824
9017
9064
9080
9305
9315
9459
9757
9832
9858
9981
10149
10177
10211
10287
10436
10471
10504
10652
10805
10844
10887
10938
11105
11302
11362
11372
11578
11863
11957
12216
12222
12244
12274
12550
13045
13051
13227
13246
13267
13283
13292
13487
13502
13697
13701
13812
13976
14193
14218
14363
14657
14686
14919
14960
15238
15439
15474
15566
15607
15958
16167
16184
16356
16392
16430
16480
16638
16726
16867
16874
16875
16977
16990
17378
17612
17887
18013
18355
18528
18702
18769
18791
18926
18928
18939
19014
19017
19030
19039
19085
19472
19565
19767
20192
20204
20206
20465
20776
20923
20937
21176
21194
21234
21261
21405
21524
21542
21706
21754
21937
21955
21956
21978
22058
22084
22157
22236
22364
22443
22504
22519
22586
22615
22734
22753
22761
