1
27
196
264
324
327
373
427
449
455
501
562
569
570
583
644
646
729
780
829
837
843
874
959
1009
1020
1027
1031
1037
1088
1098
1161
1209
1252
1267
1304
1340
1389
1416
1417
1472
1486
1546
1552
1555
1596
1628
1636
1732
1917
1976
1981
1983
2096
2252
2357
2423
2484
2550
2562
2597
2648
2795
2877
2878
2880
2930
2988
3207
3233
3239
3306
3310
3431
3449
3519
3520
3536
3563
3578
3580
3655
3665
3682
3733
3791
3817
3819
3836
3883
3922
4033
4120
4160
4319
4332
4337
4459
4546
4647
4803
4919
4924
5083
5089
5119
5549
5617
5909
6268
6345
6395
