16
44
47
103
125
170
243
419
464
557
567
672
695
753
758
817
829
905
1038
1074
1095
1110
1239
1271
1298
1356
1375
1401
1436
1457
1475
1483
1722
1739
1740
1780
1821
1835
1847
1862
1919
1963
2006
2099
2161
2194
2221
2287
2368
2524
2604
2753
2754
2764
2968
2979
3296
3328
3410
3419
3462
3539
3558
3568
3569
3605
3661
3680
3681
3765
3785
3803
3878
3916
3939
4002
4066
4129
4189
4202
4324
4384
4434
4447
4554
4566
4617
4637
4665
4674
4691
4762
4768
4794
4802
4864
4882
4894
4922
4927
4983
4998
5035
5105
5113
5159
5160
5209
5233
5378
5386
5596
5599
5608
5678
5741
5779
5787
5841
5843
5859
5867
5890
5899
5990
5995
6011
6089
6100
6194
6280
6365
6701
6765
6836
6924
6933
7007
7018
7040
7115
7137
7153
7154
7170
7195
7379
7548
7551
7564
7609
7667
7697
7716
