50
62
76
86
88
116
122
127
157
198
203
351
358
424
425
460
462
506
570
580
592
606
642
650
662
671
694
697
705
746
779
781
859
862
867
871
889
905
908
1051
1134
1151
1213
1222
1248
1269
1295
1354
1426
1445
1446
1593
1851
1906
1920
1921
1930
1950
1971
1973
1975
1985
2014
2027
2048
2059
2076
2133
2134
2199
2210
2225
2319
2321
2322
2325
2365
2374
2386
2427
2500
2554
2620
2667
2959
3037
3068
3094
3149
3194
3196
3213
3216
3229
3274
3336
3343
3458
3459
3478
3528
3593
3604
3660
3696
3772
3793
3800
3802
3837
3904
3913
3931
3941
4010
4013
4091
4118
4162
4209
4451
4467
4500
4531
4538
4553
4570
4695
4698
4703
4713
4758
4796
4811
4823
4843
4864
4882
4904
5009
5093
5145
5147
5189
5336
5390
5420
5427
5522
5620
5661
5788
5856
5955
6165
6179
6228
6408
6423
6469
6604
6923
6926
6929
7008
