2
5
8
9
15
24
32
53
66
69
107
110
168
176
187
208
214
264
294
331
431
537
570
583
680
780
925
948
1661
1671
1877
1911
1999
2042
2084
2173
2176
2190
2225
2304
2325
2338
2469
2500
2561
2674
2763
2787
2805
2812
2847
2854
2891
2918
3111
3227
3366
3407
3408
3466
3641
3668
3740
3767
3775
3782
3828
3905
3927
3958
4020
4063
4067
4089
4153
4290
4311
4319
4320
4376
4439
4549
4550
4612
4633
4635
4657
4678
4715
4754
4854
4857
4913
4922
4944
4964
5009
5014
5047
5095
5101
5172
5181
5248
5257
5460
5486
5491
5495
5595
5849
5871
5986
6060
6069
6107
6217
6243
6247
6254
6256
6313
6407
6461
6517
6551
6691
6703
6710
6722
6771
6857
6879
6950
7079
7108
7270
7278
7299
7323
7382
7535
7549
7550
