82
92
93
129
167
216
238
298
333
343
372
547
719
786
824
870
879
1051
1135
1146
1147
1151
1160
1174
1281
1386
1426
1522
1557
1582
1608
1630
1641
1664
1696
1859
1895
1971
1976
2015
2049
2078
2246
2259
2301
2326
2378
2510
2538
2634
2697
2710
2725
2754
2755
2898
2931
3065
3087
3107
3206
3319
3396
3748
3815
3876
3938
3939
3993
4013
4021
4059
4123
4189
4194
4206
4346
4361
4451
4465
4466
4585
4607
4628
4664
4675
4734
4896
5129
5221
5256
5279
5573
5609
5631
5933
5952
5960
5991
6006
6013
6029
6035
6071
6151
6174
6249
6268
6274
6287
6334
6410
6428
6464
6482
6720
6794
6804
7104
7117
7141
7160
7225
7491
7567
7573
7609
7692
7959
8149
8161
8166
8186
8202
8306
8317
8408
8516
8539
8601
8698
8705
8758
8829
8835
8856
8898
8999
9031
9105
9394
9517
9518
9649
9793
