6
34
52
111
199
200
320
479
547
558
583
615
717
847
987
1034
1099
1127
1168
1230
1231
1440
1489
1583
1599
1655
1768
1944
1956
1985
1991
2117
2293
2315
2348
2449
2506
2519
2520
2521
2522
2532
2534
2551
2607
2670
2717
2764
2796
2936
2956
2980
3055
3374
3457
3463
3673
3710
3715
3733
3794
3903
3955
3981
4152
4168
4193
4219
4224
4256
4267
4278
4334
4486
4530
4541
4554
4565
4578
4617
4780
4821
4838
4883
4954
5064
5088
5126
5185
5190
5225
5297
5342
5362
5421
5446
5494
5502
5513
5558
5584
5649
5801
5802
5814
5866
5888
5892
5914
6027
6066
6087
6108
6206
6258
6268
6274
6284
6373
6396
6405
6410
6419
6421
6423
6426
6483
6488
6504
6552
6619
6657
6745
6957
6965
7150
7169
7264
7346
7419
7458
7499
7568
7579
7645
7695
7797
7807
7846
7852
7887
7962
8078
8081
8088
8104
8191
8227
8291
8307
8361
8389
8415
8437
8546
8674
8694
8727
8737
8747
8783
8891
8944
8945
