230
449
454
466
775
1398
1515
1562
1580
1672
1696
1725
1805
1822
1966
2053
2315
2371
2394
2477
2536
2538
2590
2645
2832
3145
3319
3542
3560
3653
3747
3764
3909
4026
4058
4076
4092
4234
4263
4411
4462
4568
4576
4600
4690
4694
4908
4931
4968
4994
5026
5136
5230
5274
5390
5435
5439
5512
5554
5560
5565
5569
5621
5660
5693
5713
5829
5853
5864
5872
6006
6018
6057
6071
6090
6142
6154
6170
6176
6284
6301
6439
6485
6491
6525
6788
6914
6940
7008
7022
7058
7093
7140
7172
7325
7532
7564
7577
7643
7731
7766
7966
8001
8089
8150
8616
8705
8717
8736
8742
8773
8954
9204
9206
9234
9250
9266
9362
9579
9614
9634
9644
10128
10602
10689
10739
10934
10937
10942
10981
10982
10999
11005
11034
11069
11090
11176
11207
11233
11329
11383
11414
11420
11450
11509
11517
11557
11860
11904
11923
11941
12006
12018
12195
12272
12304
12342
12357
12418
12445
12458
12483
12583
12656
12770
12776
12799
12877
12915
12980
12986
13124
13136
13145
13323
13475
13481
13484
13544
13553
13559
13563
13594
13614
13625
13730
13941
13961
13987
14066
14099
14208
14326
14349
14359
14365
14582
14603
14636
14645
14813
14887
14890
15003
15156
15392
15401
15659
15664
15900
16181
16400
16536
16537
16616
16777
16996
17022
17026
17202
17219
17402
17482
17529
17551
17613
17680
18027
18276
18429
18616
18708
18823
19030
19038
19104
19122
19148
19157
19215
19255
19528
19610
19690
19716
19721
19727
20012
20050
20293
20306
20472
20474
20568
20571
20579
20888
21063
21119
21310
21313
21350
21391
21422
21534
21846
21930
21949
21974
22120
22144
22208
22266
22407
22491
22568
22578
22631
22686
22696
22940
22948
23004
23007
23012
23018
23220
23252
23287
23311
23402
23481
23612
23695
23756
23781
23837
23865
23916
23989
24002
24046
24075
24097
24208
24509
24579
24719
24776
