624
660
664
851
987
993
1006
1036
1146
1216
1324
1393
1398
1407
1463
1703
1707
1749
1750
1893
1938
1965
1973
2146
2159
2270
2328
2630
2660
2766
2780
2805
2910
3034
3219
3627
3635
3648
3653
3657
3784
3794
4144
4189
4233
4267
4404
4454
4540
4571
4653
4696
4701
4717
4794
4820
4833
4878
4895
4970
5037
5119
5271
5288
5387
5648
5670
5820
6308
6309
6370
6373
6496
6684
6856
7056
7078
7181
7401
7648
7749
7858
7921
8056
8088
8091
8128
8136
8329
8596
8708
8721
8727
8857
8983
9031
9069
9381
9544
9566
9599
9749
9814
9816
9862
9951
9973
10017
10029
10158
10163
10277
10323
10334
10393
10490
10536
10613
10654
10714
10751
10850
10883
10900
10919
11067
11104
11122
11133
11148
11179
11200
11346
11673
11694
11879
11897
11993
12184
12286
12287
12306
12345
12487
12549
12916
12976
13150
13171
13226
13232
13249
13277
13305
13347
13456
13468
13488
13557
13569
13586
13607
13654
13683
13844
14124
14203
14272
14392
14448
14469
14538
14541
14691
14891
14920
14958
15067
15155
15240
15302
15402
15430
15554
15619
15622
15646
