529
554
565
734
773
901
1170
1234
1281
1330
1332
1337
1357
1369
1721
1855
1994
2015
2034
2141
2144
2179
2180
2203
2247
2302
2413
2475
2580
2638
2657
2662
2678
2730
2769
2799
2872
2907
3021
3036
3144
3229
3257
3275
3305
3374
3524
3605
3625
3738
3750
3831
3952
3959
3965
4007
4169
4209
4335
4355
4553
4556
4559
4570
4587
4773
4810
4871
4961
4981
5032
5078
5102
5156
5171
5189
5299
5316
5319
5408
5412
5540
5550
5640
5712
5721
5783
5813
5895
5911
5957
6067
6113
6142
6281
6307
6374
6446
6506
6554
6637
6646
6728
6733
6904
6950
6983
7026
7050
7071
7126
7129
7236
7240
7383
7467
7474
7498
7550
7577
7640
7666
7780
7857
7933
8000
8016
8029
8032
8079
8088
8152
8176
8182
8236
8399
8427
8495
8609
8614
8660
8767
8909
8952
9022
9083
9110
9176
9372
9503
9660
9721
9809
9835
9889
10056
10120
10250
10343
10346
10449
10453
10667
10724
10843
11084
11086
11128
11149
11160
11326
11536
11574
11582
11584
11666
11703
11735
11797
11802
11823
11903
12171
12183
12224
12339
12559
12567
12667
12846
12982
13011
13095
13120
13126
13151
13264
13265
13347
13387
13514
13530
13626
13843
13974
14193
14215
14218
14244
14315
14437
14443
14463
14543
14554
14568
14794
14864
14890
14907
14919
15062
15113
15250
15269
15307
15321
15330
15474
15476
15486
15517
15522
15525
15651
15880
15889
15907
16018
16038
16100
16222
16498
16595
16634
16677
16680
16682
16731
16866
16942
17152
17169
17301
17309
17371
17407
17413
17481
17525
17605
17704
17769
17818
17826
17918
17976
18007
18079
18125
18423
18555
18599
18699
18710
18840
18877
18926
19205
19291
19296
19437
19471
19506
19613
19749
20107
20135
20328
20677
20909
21292
21425
21892
22078
22150
22185
22186
22193
22223
22275
22591
22717
22785
22803
22813
22855
22873
22907
22959
22965
22966
23441
23482
23571
23580
23652
23661
23690
23744
23808
23810
23858
23866
23895
24035
24056
24149
24218
24287
24410
24448
24454
24470
24688
24731
24803
25077
25104
25123
25131
25141
25150
25154
25163
25736
25755
25891
25955
25977
25989
26031
26068
26096
26232
26321
26445
26839
26872
26914
27086
27530
27597
27622
27691
27963
28081
28137
28328
28468
28499
28509
28531
28561
28584
28834
28901
28990
29028
29183
29195
29296
29476
29578
29637
29665
29818
29836
29997
30046
30080
30099
30241
30288
30549
30637
30660
30747
31117
31128
31252
31551
31570
31580
31718
32273
32357
32429
32501
